6.000000000000000000e+01 5.771000000000000000e+03
6.000709677551714094e+01 5.767247208179240261e+03
6.001960934734113096e+01 5.760647581597568205e+03
6.003345007860994542e+01 5.753372645957148961e+03
6.006670597384039922e+01 5.736000000000000000e+03
6.007002047546821188e+01 5.734276765325053020e+03
6.007322384544657723e+01 5.732612718651146679e+03
6.007643137286901691e+01 5.730947898682818050e+03
6.010534071786077703e+01 5.716005170388375518e+03
6.013458944088151270e+01 5.701000000000000000e+03
6.014445093727839975e+01 5.696299767616116696e+03
6.015439885501813677e+01 5.691577756961269188e+03
6.017455802255049946e+01 5.682067792569701851e+03
6.020865745648943346e+01 5.666158182732464411e+03
6.021679235680643671e+01 5.662394951670154114e+03
6.021738140989612731e+01 5.662122929592526816e+03
6.021797075649011077e+01 5.661850836085401170e+03
6.021915033097197067e+01 5.661306434670083945e+03
6.022151301060911521e+01 5.660216773446381922e+03
6.022166001363734011e+01 5.660149010020322748e+03
6.022303019671302593e+01 5.659517593057181330e+03
6.022440196393765177e+01 5.658885791585033076e+03
6.022715026061995047e+01 5.657621033707950119e+03
6.023266597196132466e+01 5.655086888358275246e+03
6.024377442297038954e+01 5.650000000000000000e+03
6.028954618598031345e+01 5.629272204888298802e+03
6.032213440520036585e+01 5.614737222997924619e+03
6.035559461460088215e+01 5.600000000000000000e+03
6.036575232220799592e+01 5.595559138360928046e+03
6.037594214708776974e+01 5.591113821732636097e+03
6.039641871051285449e+01 5.582209796666496004e+03
6.043776348025232892e+01 5.564347990646462677e+03
6.047510557035710121e+01 5.548347817202922670e+03
6.049393698435815026e+01 5.540326122140537336e+03
6.051287644021060430e+01 5.532289969591510271e+03
6.055108291737149528e+01 5.516174135411034513e+03
6.057035171321938805e+01 5.508094375114532340e+03
6.058973205743023982e+01 5.500000000000000000e+03
6.063243988009467245e+01 5.482274596889916211e+03
6.065399334065868686e+01 5.473386772410306548e+03
6.067568136722366035e+01 5.464482135951820965e+03
6.071498237057708280e+01 5.448443906490607333e+03
6.073479929359002227e+01 5.440404303246951713e+03
6.075472832334947526e+01 5.432350994423984048e+03
6.079492623385489480e+01 5.416203119612529008e+03
6.081519693463427245e+01 5.408108483110237103e+03
6.083558334008120028e+01 5.400000000000000000e+03
6.088026164100321580e+01 5.382341283162184482e+03
6.092548806560589725e+01 5.364619688891984879e+03
6.100869004005183172e+01 5.332414195103907332e+03
6.101308896739141829e+01 5.330725577178969615e+03
6.109377283903464217e+01 5.300000000000000000e+03
6.117746233132270106e+01 5.268613070347176290e+03
6.126296802483486204e+01 5.237037856906376874e+03
6.136498298610096924e+01 5.200000000000000000e+03
6.141770082019129262e+01 5.181123188790137647e+03
6.147109586224632238e+01 5.162181835061464881e+03
6.152518040551671419e+01 5.143175607226947250e+03
6.157996703636246849e+01 5.124104171424285596e+03
6.158161095291333709e+01 5.123534711241189143e+03
6.158325550499871781e+01 5.122965192817484422e+03
6.158654651714888928e+01 5.121825981212500665e+03
6.158984007558898099e+01 5.120686536537831671e+03
6.159313618309167992e+01 5.119546858721945682e+03
6.159736344014377352e+01 5.118086171107819609e+03
6.160159489292254165e+01 5.116625100430052953e+03
6.160583054728984109e+01 5.115163646537939712e+03
6.161007040911822941e+01 5.113701809280693851e+03
6.161854420213555272e+01 5.110783377244053554e+03
6.162703482184979720e+01 5.107863416640710057e+03
6.163848296558732898e+01 5.103933093874856240e+03
6.164996175817456958e+01 5.100000000000000000e+03
6.165061820992686847e+01 5.099775307355141194e+03
6.165691098434052009e+01 5.097622666933323671e+03
6.166445644312266694e+01 5.095044541692768689e+03
6.167201493878005891e+01 5.092465273752032772e+03
6.168717116726852367e+01 5.087303306729801989e+03
6.170233246042847952e+01 5.082152863521321706e+03
6.171754621155400145e+01 5.076997862837097273e+03
6.173276563792236971e+01 5.071854175867099912e+03
6.174803771030608601e+01 5.066705947393367751e+03
6.174969525144928895e+01 5.066147985041328866e+03
6.175135341371834130e+01 5.065589969318183648e+03
6.175467160294074631e+01 5.064473777727936067e+03
6.175799228060921564e+01 5.063357372561343254e+03
6.176131544935659434e+01 5.062240753757101629e+03
6.176796927058392583e+01 5.060006874990323922e+03
6.177463308781236151e+01 5.057772140936690448e+03
6.178799079467628275e+01 5.053300105003316276e+03
6.180138874064387977e+01 5.048824642022135777e+03
6.182840619326398723e+01 5.039830148983069193e+03
6.185558788629354865e+01 5.030821798014501837e+03
6.190231343290545141e+01 5.015431166328467953e+03
6.192585900204125693e+01 5.007720659996419272e+03
6.194952762784215849e+01 5.000000000000000000e+03
6.199778642036599052e+01 4.984350466656896970e+03
6.204655252210953620e+01 4.968660727985812628e+03
6.214563695561791690e+01 4.937160013312628507e+03
6.220473681071981531e+01 4.918608118927849318e+03
6.226457966938530575e+01 4.900000000000000000e+03
6.238780452633769613e+01 4.862230287249800313e+03
6.251418741804858570e+01 4.824236259859541860e+03
6.252435472162900254e+01 4.821211725570394265e+03
6.253454269817428468e+01 4.818185765245956645e+03
6.255498090828782409e+01 4.812129562455151245e+03
6.259610803956995539e+01 4.800000000000000000e+03
6.260758658723907644e+01 4.796628177874657922e+03
6.261909093159712825e+01 4.793254645241781873e+03
6.267065492380579883e+01 4.778205745655412102e+03
6.269663181840981281e+01 4.770668521131959096e+03
6.272273988486602292e+01 4.763122760832113272e+03
6.278276283704963134e+01 4.745886131456858493e+03
6.284348400128624235e+01 4.728604880064525787e+03
6.293644174120959178e+01 4.702447642573829398e+03
6.294082184178813577e+01 4.701223933096043766e+03
6.294520555777128124e+01 4.700000000000000000e+03
6.304972572756724247e+01 4.671047855811226327e+03
6.315629786866461615e+01 4.641974078156351425e+03
6.322840058640876038e+01 4.622554150333280631e+03
6.331307849432553780e+01 4.600000000000000000e+03
6.338125643295050793e+01 4.582035357707135518e+03
6.339097804967094163e+01 4.579487693472211504e+03
6.340071635843252551e+01 4.576939121644680199e+03
6.342024321578440293e+01 4.571839253271146845e+03
6.345949904530247210e+01 4.561628604046322835e+03
6.353882852125125424e+01 4.541163546563089767e+03
6.354547511831658824e+01 4.539459058171074503e+03
6.355212939472886546e+01 4.537754164709254837e+03
6.362611962785602060e+01 4.518901882588699664e+03
6.370106509870039702e+01 4.500000000000000000e+03
6.371190900054246242e+01 4.497281034716017530e+03
6.372277288289274111e+01 4.494561065026764481e+03
6.381041345222607220e+01 4.472764117764656476e+03
6.389936385178681633e+01 4.450902561122331463e+03
6.408130770804186227e+01 4.406984467210255389e+03
6.411065057609980045e+01 4.400000000000000000e+03
6.417078952631956668e+01 4.385768783619147143e+03
6.423151856510493474e+01 4.371510725873732554e+03
6.438557658131888672e+01 4.335839642122849909e+03
6.454349046762871467e+01 4.300000000000000000e+03
6.475755626895615080e+01 4.252544907707078892e+03
6.485704311653891807e+01 4.230918457524750920e+03
6.492884558995399402e+01 4.215474635658658372e+03
6.500143317732388937e+01 4.200000000000000000e+03
6.514931242959900715e+01 4.168895314184890594e+03
6.530048979957221889e+01 4.137666949604132242e+03
6.530717739560422785e+01 4.136298565928655080e+03
6.539628267774392611e+01 4.118170185945573394e+03
6.548655125374573061e+01 4.100000000000000000e+03
6.567086184436428198e+01 4.063495247384585582e+03
6.586010250228110863e+01 4.026822041401353090e+03
6.589511232332368706e+01 4.020124987488006354e+03
6.593029327615836621e+01 4.013422300691796409e+03
6.600117344989685364e+01 4.000000000000000000e+03
6.602696109891742537e+01 3.995143612901741562e+03
6.605284055736068183e+01 3.990284269093446710e+03
6.615009946409500685e+01 3.972149362520172872e+03
6.624866512263378127e+01 3.953973216789043363e+03
6.626116244739831984e+01 3.951683009119788494e+03
6.627368092416784862e+01 3.949392145892666576e+03
6.629878154204247664e+01 3.944808451638598854e+03
6.636029403552542760e+01 3.933629798901071808e+03
6.642231864292055832e+01 3.922435527900394845e+03
6.648486160667356160e+01 3.911225605882083528e+03
6.654792927177660999e+01 3.900000000000000000e+03
6.667555273312346742e+01 3.877521237213616132e+03
6.680535254943077916e+01 3.854979169015443404e+03
6.707170093493253660e+01 3.809704043666336020e+03
6.710069374009391652e+01 3.804853485772945078e+03
6.712979415751041756e+01 3.800000000000000000e+03
6.722377504140541760e+01 3.784427856473555948e+03
6.731888926285427033e+01 3.768825250797792251e+03
6.751259845052321396e+01 3.737528294758099491e+03
6.775015576925977712e+01 3.700000000000000000e+03
6.795558057204165436e+01 3.668280721280808848e+03
6.808150409282653470e+01 3.649163394452884859e+03
6.820936270426503256e+01 3.630000000000000000e+03
6.831054716975889107e+01 3.614999772910571210e+03
6.836148198630766615e+01 3.607499829684217730e+03
6.841264732947551863e+01 3.600000000000000000e+03
6.857257048467849359e+01 3.576775986262010065e+03
6.865338125847253536e+01 3.565164474887929828e+03
6.873476649397997562e+01 3.553553293824999400e+03
6.892468992523433258e+01 3.526775768576072096e+03
6.911778307885714412e+01 3.500000000000000000e+03
6.917593080459128885e+01 3.492023793463924903e+03
6.926413853812199761e+01 3.480000000000000000e+03
6.935234627165269217e+01 3.492023793463924903e+03
6.941049399738685111e+01 3.500000000000000000e+03
6.960358715100964844e+01 3.526775768576072096e+03
6.979351058226401960e+01 3.553553293824999400e+03
6.987489581777145986e+01 3.565164474887929828e+03
6.995570659156548743e+01 3.576775986262010065e+03
7.011562974676847659e+01 3.600000000000000000e+03
7.016679508993631487e+01 3.607499829684217730e+03
7.021772990648508994e+01 3.614999772910571210e+03
7.031891437197896266e+01 3.630000000000000000e+03
7.044677298341746052e+01 3.649163394452884859e+03
7.057269650420234086e+01 3.668280721280808848e+03
7.077812130698420390e+01 3.700000000000000000e+03
7.101567862572076706e+01 3.737528294758099491e+03
7.120938781338972490e+01 3.768825250797792251e+03
7.130450203483856342e+01 3.784427856473555948e+03
7.139848291873357766e+01 3.800000000000000000e+03
7.142758333615006450e+01 3.804853485772945078e+03
7.145657614131144442e+01 3.809704043666336020e+03
7.172292452681320185e+01 3.854979169015443404e+03
7.185272434312052781e+01 3.877521237213616132e+03
7.198034780446737102e+01 3.900000000000000000e+03
7.204341546957043363e+01 3.911225605882083528e+03
7.210595843332343691e+01 3.922435527900394845e+03
7.216798304071856762e+01 3.933629798901071808e+03
7.222949553420151858e+01 3.944808451638598854e+03
7.225459615207614661e+01 3.949392145892666576e+03
7.226711462884567538e+01 3.951683009119788494e+03
7.227961195361019975e+01 3.953973216789043363e+03
7.237817761214898837e+01 3.972149362520172872e+03
7.247543651888329919e+01 3.990284269093446710e+03
7.250131597732656985e+01 3.995143612901741562e+03
7.252710362634714159e+01 4.000000000000000000e+03
7.259798380008561480e+01 4.013422300691796409e+03
7.263316475292029395e+01 4.020124987488006354e+03
7.266817457396288660e+01 4.026822041401353090e+03
7.285741523187971325e+01 4.063495247384585582e+03
7.304172582249826462e+01 4.100000000000000000e+03
7.313199439850006911e+01 4.118170185945573394e+03
7.322109968063976737e+01 4.136298565928655080e+03
7.322778727667177634e+01 4.137666949604132242e+03
7.337896464664498808e+01 4.168895314184890594e+03
7.352684389892009165e+01 4.200000000000000000e+03
7.359943148629000120e+01 4.215474635658658372e+03
7.367123395970506294e+01 4.230918457524750920e+03
7.377072080728784442e+01 4.252544907707078892e+03
7.398478660861526635e+01 4.300000000000000000e+03
7.414270049492509429e+01 4.335839642122849909e+03
7.429675851113906049e+01 4.371510725873732554e+03
7.435748754992442855e+01 4.385768783619147143e+03
7.441762650014419478e+01 4.400000000000000000e+03
7.444696936820213296e+01 4.406984467210255389e+03
7.462891322445716469e+01 4.450902561122331463e+03
7.471786362401792303e+01 4.472764117764656476e+03
7.480550419335125412e+01 4.494561065026764481e+03
7.481636807570153280e+01 4.497281034716017530e+03
7.482721197754358400e+01 4.500000000000000000e+03
7.490215744838796752e+01 4.518901882588699664e+03
7.497614768151512976e+01 4.537754164709254837e+03
7.498280195792740699e+01 4.539459058171074503e+03
7.498944855499273388e+01 4.541163546563089767e+03
7.506877803094151602e+01 4.561628604046322835e+03
7.510803386045958518e+01 4.571839253271146845e+03
7.512756071781146261e+01 4.576939121644680199e+03
7.513729902657304649e+01 4.579487693472211504e+03
7.514702064329347309e+01 4.582035357707135518e+03
7.521519858191844321e+01 4.600000000000000000e+03
7.529987648983522774e+01 4.622554150333280631e+03
7.537197920757937197e+01 4.641974078156351425e+03
7.547855134867674565e+01 4.671047855811226327e+03
7.558307151847270688e+01 4.700000000000000000e+03
7.558745523445585945e+01 4.701223933096043766e+03
7.559183533503440344e+01 4.702447642573829398e+03
7.568479307495773867e+01 4.728604880064525787e+03
7.574551423919434967e+01 4.745886131456858493e+03
7.580553719137796520e+01 4.763122760832113272e+03
7.583164525783416821e+01 4.770668521131959096e+03
7.585762215243818218e+01 4.778205745655412102e+03
7.590918614464686698e+01 4.793254645241781873e+03
7.592069048900491168e+01 4.796628177874657922e+03
7.593216903667402562e+01 4.800000000000000000e+03
7.597329616795616403e+01 4.812129562455151245e+03
7.599373437806970344e+01 4.818185765245956645e+03
7.600392235461498558e+01 4.821211725570394265e+03
7.601408965819540242e+01 4.824236259859541860e+03
7.614047254990629199e+01 4.862230287249800313e+03
7.626369740685868237e+01 4.900000000000000000e+03
7.632354026552417281e+01 4.918608118927849318e+03
7.638264012062606412e+01 4.937160013312628507e+03
7.648172455413444482e+01 4.968660727985812628e+03
7.653049065587799760e+01 4.984350466656896970e+03
7.657874944840182252e+01 5.000000000000000000e+03
7.660241807420273119e+01 5.007720659996419272e+03
7.662596364333853671e+01 5.015431166328467953e+03
7.667268918995043236e+01 5.030821798014501837e+03
7.669987088298000799e+01 5.039830148983069193e+03
7.672688833560010835e+01 5.048824642022135777e+03
7.674028628156770537e+01 5.053300105003316276e+03
7.675364398843163372e+01 5.057772140936690448e+03
7.676030780566006229e+01 5.060006874990323922e+03
7.676696162688739378e+01 5.062240753757101629e+03
7.677028479563477958e+01 5.063357372561343254e+03
7.677360547330324891e+01 5.064473777727936067e+03
7.677692366252564682e+01 5.065589969318183648e+03
7.677858182479469917e+01 5.066147985041328866e+03
7.678023936593790211e+01 5.066705947393367751e+03
7.679551143832162552e+01 5.071854175867099912e+03
7.681073086468998667e+01 5.076997862837097273e+03
7.682594461581550149e+01 5.082152863521321706e+03
7.684110590897546444e+01 5.087303306729801989e+03
7.685626213746392921e+01 5.092465273752032772e+03
7.686382063312132118e+01 5.095044541692768689e+03
7.687136609190346803e+01 5.097622666933323671e+03
7.687765886631711965e+01 5.099775307355141194e+03
7.687831531806941143e+01 5.100000000000000000e+03
7.688979411065665204e+01 5.103933093874856240e+03
7.690124225439419092e+01 5.107863416640710057e+03
7.690973287410844250e+01 5.110783377244053554e+03
7.691820666712575871e+01 5.113701809280693851e+03
7.692244652895413992e+01 5.115163646537939712e+03
7.692668218332144647e+01 5.116625100430052953e+03
7.693091363610021460e+01 5.118086171107819609e+03
7.693514089315230819e+01 5.119546858721945682e+03
7.693843700065500002e+01 5.120686536537831671e+03
7.694173055909509173e+01 5.121825981212500665e+03
7.694502157124526320e+01 5.122965192817484422e+03
7.694666612333064393e+01 5.123534711241189143e+03
7.694831003988150542e+01 5.124104171424285596e+03
7.700309667072727393e+01 5.143175607226947250e+03
7.705718121399766574e+01 5.162181835061464881e+03
7.711057625605268129e+01 5.181123188790137647e+03
7.716329409014301177e+01 5.200000000000000000e+03
7.726530905140910477e+01 5.237037856906376874e+03
7.735081474492127995e+01 5.268613070347176290e+03
7.743450423720933884e+01 5.300000000000000000e+03
7.751518810885255562e+01 5.330725577178969615e+03
7.751958703619213509e+01 5.332414195103907332e+03
7.760278901063807666e+01 5.364619688891984879e+03
7.764801543524076521e+01 5.382341283162184482e+03
7.769269373616278074e+01 5.400000000000000000e+03
7.771308014160970856e+01 5.408108483110237103e+03
7.773335084238908621e+01 5.416203119612529008e+03
7.777354875289449865e+01 5.432350994423984048e+03
7.779347778265395164e+01 5.440404303246951713e+03
7.781329470566689110e+01 5.448443906490607333e+03
7.785259570902030646e+01 5.464482135951820965e+03
7.787428373558529415e+01 5.473386772410306548e+03
7.789583719614930146e+01 5.482274596889916211e+03
7.793854501881372698e+01 5.500000000000000000e+03
7.795792536302458586e+01 5.508094375114532340e+03
7.797719415887247862e+01 5.516174135411034513e+03
7.801540063603337671e+01 5.532289969591510271e+03
7.803434009188582365e+01 5.540326122140537336e+03
7.805317150588686559e+01 5.548347817202922670e+03
7.809051359599165210e+01 5.564347990646462677e+03
7.813185836573111942e+01 5.582209796666496004e+03
7.815233492915619706e+01 5.591113821732636097e+03
7.816252475403597089e+01 5.595559138360928046e+03
7.817268246164309176e+01 5.600000000000000000e+03
7.820614267104360806e+01 5.614737222997924619e+03
7.823873089026366756e+01 5.629272204888298802e+03
7.828450265327359148e+01 5.650000000000000000e+03
7.829561110428265636e+01 5.655086888358275246e+03
7.830112681562401633e+01 5.657621033707950119e+03
7.830387511230631503e+01 5.658885791585033076e+03
7.830524687953095508e+01 5.659517593057181330e+03
7.830661706260663379e+01 5.660149010020322748e+03
7.830676406563485159e+01 5.660216773446381922e+03
7.830912674527201034e+01 5.661306434670083945e+03
7.831030631975386314e+01 5.661850836085401170e+03
7.831089566634784660e+01 5.662122929592526816e+03
7.831148471943753009e+01 5.662394951670154114e+03
7.831961961975453335e+01 5.666158182732464411e+03
7.835371905369346734e+01 5.682067792569701851e+03
7.837387822122583714e+01 5.691577756961269188e+03
7.838382613896555995e+01 5.696299767616116696e+03
7.839368763536245410e+01 5.701000000000000000e+03
7.842293635838319688e+01 5.716005170388375518e+03
7.845184570337495700e+01 5.730947898682818050e+03
7.845505323079740378e+01 5.732612718651146679e+03
7.845825660077576913e+01 5.734276765325053020e+03
7.846157110240358179e+01 5.736000000000000000e+03
7.849482699763403559e+01 5.753372645957148961e+03
7.850866772890285006e+01 5.760647581597568205e+03
7.852118030072684007e+01 5.767247208179240261e+03
7.852827707624396680e+01 5.771000000000000000e+03
7.854285910496142264e+01 5.778745214811430742e+03
7.854430313185247314e+01 5.779515157886744419e+03
7.855246593437047409e+01 5.783877590861345197e+03
7.856846306925832835e+01 5.792477131407868910e+03
7.857905778451487322e+01 5.798209559798375267e+03
7.860491124012284558e+01 5.812324404815953130e+03
7.862063818158407003e+01 5.821000000000000000e+03
7.864234966568008645e+01 5.833090747999037376e+03
7.864515628127570324e+01 5.834663479482633193e+03
7.864655627056178844e+01 5.835448831251936099e+03
7.864725543761537097e+01 5.835841254024722730e+03
7.864795405371401671e+01 5.836233508201259610e+03
7.865087124038097954e+01 5.837872951980803009e+03
7.865232623374838283e+01 5.838691570176271853e+03
7.865305283274847170e+01 5.839100603783760562e+03
7.865341590811533479e+01 5.839305051769019883e+03
7.865377883416911686e+01 5.839509453895870138e+03
7.866130363428641203e+01 5.843756106197040936e+03
7.866354408234951734e+01 5.845023708057446129e+03
7.868423765005387338e+01 5.856801948922146948e+03
7.870888674949949859e+01 5.871000000000000000e+03
7.872649325128551823e+01 5.881256383119759448e+03
7.874373595825396421e+01 5.891395956763047252e+03
7.876882635830361323e+01 5.906322774931001732e+03
7.879315988662413872e+01 5.921000000000000000e+03
7.880310246606410374e+01 5.927055336232162517e+03
7.881292057256351313e+01 5.933068701681323546e+03
7.883219157631904750e+01 5.944971253664713913e+03
7.885098911892299611e+01 5.956711063565764562e+03
7.886237489342394724e+01 5.963885586377381514e+03
7.887358933243098136e+01 5.971000000000000000e+03
7.889340668774141818e+01 5.984097967492593853e+03
7.891302223084552736e+01 5.997145694263439509e+03
7.892713666808151629e+01 6.006585953588864868e+03
7.894114729340040526e+01 6.016000000000000000e+03
7.895165748683371021e+01 6.023090516904660944e+03
7.897404282523368124e+01 6.038274581129143371e+03
7.898951437590756086e+01 6.048834999067952594e+03
7.900723846893255597e+01 6.061000000000000000e+03
7.902340156658013370e+01 6.072156670230864620e+03
7.903942420447469885e+01 6.083276379584152892e+03
7.904759739296042653e+01 6.088971767949280547e+03
7.905573421028874748e+01 6.094657484409988683e+03
7.907189960755738412e+01 6.106000000000000000e+03
7.907982471285966142e+01 6.111583532987353465e+03
7.908771523934490233e+01 6.117157741448922025e+03
7.910339337238082180e+01 6.128278278070941269e+03
7.911138980597563375e+01 6.133973282880642728e+03
7.911935064554404562e+01 6.139658554866933628e+03
7.912727610733281836e+01 6.145334118958759063e+03
7.913122563906074447e+01 6.148168268311272186e+03
7.913516640667631918e+01 6.151000000000000000e+03
7.915821788076740972e+01 6.168475816192898492e+03
7.918123348189405419e+01 6.186000000000000000e+03
7.920408662732423011e+01 6.203475292094711222e+03
7.922690701393233326e+01 6.221000000000000000e+03
7.924633868971719153e+01 6.235981114146495202e+03
7.925927219079743224e+01 6.245982315499501055e+03
7.927219599036891395e+01 6.256000000000000000e+03
7.928343439555250427e+01 6.264730751490902549e+03
7.929466603096534527e+01 6.273474316488087425e+03
7.930589091683356173e+01 6.282230723220483014e+03
7.931710907334689864e+01 6.291000000000000000e+03
7.932986262275954914e+01 6.300991482874092981e+03
7.934260809638126943e+01 6.311000000000000000e+03
7.935297957594467277e+01 6.319161558655203407e+03
7.935816341609874769e+01 6.323246641096669919e+03
7.936334599242850629e+01 6.327334596315524323e+03
7.936798870276551554e+01 6.331000000000000000e+03
7.937291923702849772e+01 6.334896038686511019e+03
7.937784868604762778e+01 6.338794716459812662e+03
7.938277705140347962e+01 6.342696036002298570e+03
7.938524082818662464e+01 6.344647687276229590e+03
7.938770433464623011e+01 6.346600000000000364e+03
7.939283729897502440e+01 6.351300000000000182e+03
7.939540091254242782e+01 6.353650000000000546e+03
7.939668200311416513e+01 6.354825000000000728e+03
7.939796261656778142e+01 6.356000000000000000e+03
7.940464446981016522e+01 6.363500000000000000e+03
7.940797946468491375e+01 6.367250000000000000e+03
7.940964548226151010e+01 6.369125000000000000e+03
7.941047812146825891e+01 6.370062500000000000e+03
7.941131051443323940e+01 6.371000000000000000e+03
7.941214290739824833e+01 6.370062500000000000e+03
7.941297554660498292e+01 6.369125000000000000e+03
7.941464156418157927e+01 6.367250000000000000e+03
7.941797655905631359e+01 6.363500000000000000e+03
7.942465841229871160e+01 6.356000000000000000e+03
7.942593902575232789e+01 6.354825000000000728e+03
7.942722011632406520e+01 6.353650000000000546e+03
7.942978372989148284e+01 6.351300000000000182e+03
7.943491669422027712e+01 6.346600000000000364e+03
7.943738020067986838e+01 6.344647687276229590e+03
7.943984397746301340e+01 6.342696036002298570e+03
7.944477234281886524e+01 6.338794716459812662e+03
7.944970179183798109e+01 6.334896038686511019e+03
7.945463232610097748e+01 6.331000000000000000e+03
7.945927503643798673e+01 6.327334596315524323e+03
7.946445761276774533e+01 6.323246641096669919e+03
7.946964145292182025e+01 6.319161558655203407e+03
7.948001293248523780e+01 6.311000000000000000e+03
7.949275840610695809e+01 6.300991482874092981e+03
7.950551195551959438e+01 6.291000000000000000e+03
7.951673011203293129e+01 6.282230723220483014e+03
7.952795499790116196e+01 6.273474316488087425e+03
7.953918663331398875e+01 6.264730751490902549e+03
7.955042503849759328e+01 6.256000000000000000e+03
7.956334883806906078e+01 6.245982315499501055e+03
7.957628233914931570e+01 6.235981114146495202e+03
7.959571401493415976e+01 6.221000000000000000e+03
7.961853440154226291e+01 6.203475292094711222e+03
7.964138754697243883e+01 6.186000000000000000e+03
7.966440314809908330e+01 6.168475816192898492e+03
7.968745462219018805e+01 6.151000000000000000e+03
7.969139538980576276e+01 6.148168268311272186e+03
7.969534492153367466e+01 6.145334118958759063e+03
7.970327038332244740e+01 6.139658554866933628e+03
7.971123122289085927e+01 6.133973282880642728e+03
7.971922765648568543e+01 6.128278278070941269e+03
7.973490578952159069e+01 6.117157741448922025e+03
7.974279631600683160e+01 6.111583532987353465e+03
7.975072142130910891e+01 6.106000000000000000e+03
7.976688681857774554e+01 6.094657484409988683e+03
7.977502363590606649e+01 6.088971767949280547e+03
7.978319682439180838e+01 6.083276379584152892e+03
7.979921946228635932e+01 6.072156670230864620e+03
7.981538255993393705e+01 6.061000000000000000e+03
7.983310665295894637e+01 6.048834999067952594e+03
7.984857820363281178e+01 6.038274581129143371e+03
7.987096354203278281e+01 6.023090516904660944e+03
7.988147373546608776e+01 6.016000000000000000e+03
7.989548436078497673e+01 6.006585953588864868e+03
7.990959879802096566e+01 5.997145694263439509e+03
7.992921434112508905e+01 5.984097967492593853e+03
7.994903169643551166e+01 5.971000000000000000e+03
7.996024613544255999e+01 5.963885586377381514e+03
7.997163190994351112e+01 5.956711063565764562e+03
7.999042945254744552e+01 5.944971253664713913e+03
8.000970045630297989e+01 5.933068701681323546e+03
8.001951856280238928e+01 5.927055336232162517e+03
8.002946114224235430e+01 5.921000000000000000e+03
8.005379467056289400e+01 5.906322774931001732e+03
8.007888507061252881e+01 5.891395956763047252e+03
8.009612777758098900e+01 5.881256383119759448e+03
8.011373427936700864e+01 5.871000000000000000e+03
8.013838337881261964e+01 5.856801948922146948e+03
8.015907694651697568e+01 5.845023708057446129e+03
8.016131739458009520e+01 5.843756106197040936e+03
8.016884219469737616e+01 5.839509453895870138e+03
8.016920512075115823e+01 5.839305051769019883e+03
8.016956819611803553e+01 5.839100603783760562e+03
8.017029479511811019e+01 5.838691570176271853e+03
8.017174978848552769e+01 5.837872951980803009e+03
8.017466697515247631e+01 5.836233508201259610e+03
8.017536559125113627e+01 5.835841254024722730e+03
8.017606475830470458e+01 5.835448831251936099e+03
8.017746474759078978e+01 5.834663479482633193e+03
8.018027136318640657e+01 5.833090747999037376e+03
8.020198284728242299e+01 5.821000000000000000e+03
8.021770978874364744e+01 5.812324404815953130e+03
8.024356324435161980e+01 5.798209559798375267e+03
8.025415795960816467e+01 5.792477131407868910e+03
8.027015509449601893e+01 5.783877590861345197e+03
8.027831789701401988e+01 5.779515157886744419e+03
8.027976192390507038e+01 5.778745214811430742e+03
8.029434395262252622e+01 5.771000000000000000e+03
8.030144072813965295e+01 5.767247208179240261e+03
8.031395329996365717e+01 5.760647581597568205e+03
8.032779403123245743e+01 5.753372645957148961e+03
8.036104992646292544e+01 5.736000000000000000e+03
8.036436442809073810e+01 5.734276765325053020e+03
8.036756779806910345e+01 5.732612718651146679e+03
8.037077532549153602e+01 5.730947898682818050e+03
8.039968467048329614e+01 5.716005170388375518e+03
8.042893339350403892e+01 5.701000000000000000e+03
8.043879488990091886e+01 5.696299767616116696e+03
8.044874280764065588e+01 5.691577756961269188e+03
8.046890197517302568e+01 5.682067792569701851e+03
8.050300140911195967e+01 5.666158182732464411e+03
8.051113630942896293e+01 5.662394951670154114e+03
8.051172536251864642e+01 5.662122929592526816e+03
8.051231470911262988e+01 5.661850836085401170e+03
8.051349428359449689e+01 5.661306434670083945e+03
8.051585696323164143e+01 5.660216773446381922e+03
8.051600396625985923e+01 5.660149010020322748e+03
8.051737414933555215e+01 5.659517593057181330e+03
8.051874591656017799e+01 5.658885791585033076e+03
8.052149421324247669e+01 5.657621033707950119e+03
8.052700992458383666e+01 5.655086888358275246e+03
8.053811837559291575e+01 5.650000000000000000e+03
8.058389013860283967e+01 5.629272204888298802e+03
8.061647835782288496e+01 5.614737222997924619e+03
8.064993856722340126e+01 5.600000000000000000e+03
8.066009627483052213e+01 5.595559138360928046e+03
8.067028609971029596e+01 5.591113821732636097e+03
8.069076266313537360e+01 5.582209796666496004e+03
8.073210743287484092e+01 5.564347990646462677e+03
8.076944952297962743e+01 5.548347817202922670e+03
8.078828093698066937e+01 5.540326122140537336e+03
8.080722039283313052e+01 5.532289969591510271e+03
8.084542686999401440e+01 5.516174135411034513e+03
8.086469566584190716e+01 5.508094375114532340e+03
8.088407601005276604e+01 5.500000000000000000e+03
8.092678383271719156e+01 5.482274596889916211e+03
8.094833729328121308e+01 5.473386772410306548e+03
8.097002531984618656e+01 5.464482135951820965e+03
8.100932632319960192e+01 5.448443906490607333e+03
8.102914324621254138e+01 5.440404303246951713e+03
8.104907227597199437e+01 5.432350994423984048e+03
8.108927018647742102e+01 5.416203119612529008e+03
8.110954088725679867e+01 5.408108483110237103e+03
8.112992729270371228e+01 5.400000000000000000e+03
8.117460559362572781e+01 5.382341283162184482e+03
8.121983201822841636e+01 5.364619688891984879e+03
8.130303399267435793e+01 5.332414195103907332e+03
8.130743292001393741e+01 5.330725577178969615e+03
8.138811679165715418e+01 5.300000000000000000e+03
8.147180628394522728e+01 5.268613070347176290e+03
8.155731197745737404e+01 5.237037856906376874e+03
8.165932693872349546e+01 5.200000000000000000e+03
8.171204477281381173e+01 5.181123188790137647e+03
8.176543981486884149e+01 5.162181835061464881e+03
8.181952435813923330e+01 5.143175607226947250e+03
8.187431098898498760e+01 5.124104171424285596e+03
8.187595490553584909e+01 5.123534711241189143e+03
8.187759945762122982e+01 5.122965192817484422e+03
8.188089046977140129e+01 5.121825981212500665e+03
8.188418402821150721e+01 5.120686536537831671e+03
8.188748013571418483e+01 5.119546858721945682e+03
8.189170739276627842e+01 5.118086171107819609e+03
8.189593884554506076e+01 5.116625100430052953e+03
8.190017449991235310e+01 5.115163646537939712e+03
8.190441436174074852e+01 5.113701809280693851e+03
8.191288815475806473e+01 5.110783377244053554e+03
8.192137877447231631e+01 5.107863416640710057e+03
8.193282691820984098e+01 5.103933093874856240e+03
8.194430571079708159e+01 5.100000000000000000e+03
8.194496216254938759e+01 5.099775307355141194e+03
8.195125493696303920e+01 5.097622666933323671e+03
8.195880039574517184e+01 5.095044541692768689e+03
8.196635889140256381e+01 5.092465273752032772e+03
8.198151511989102858e+01 5.087303306729801989e+03
8.199667641305099153e+01 5.082152863521321706e+03
8.201189016417652056e+01 5.076997862837097273e+03
8.202710959054488171e+01 5.071854175867099912e+03
8.204238166292859091e+01 5.066705947393367751e+03
8.204403920407179385e+01 5.066147985041328866e+03
8.204569736634084620e+01 5.065589969318183648e+03
8.204901555556324411e+01 5.064473777727936067e+03
8.205233623323171344e+01 5.063357372561343254e+03
8.205565940197909924e+01 5.062240753757101629e+03
8.206231322320643073e+01 5.060006874990323922e+03
8.206897704043485930e+01 5.057772140936690448e+03
8.208233474729878765e+01 5.053300105003316276e+03
8.209573269326638467e+01 5.048824642022135777e+03
8.212275014588649924e+01 5.039830148983069193e+03
8.214993183891606066e+01 5.030821798014501837e+03
8.219665738552795631e+01 5.015431166328467953e+03
8.222020295466376183e+01 5.007720659996419272e+03
8.224387158046467050e+01 5.000000000000000000e+03
8.229213037298849542e+01 4.984350466656896970e+03
8.234089647473204820e+01 4.968660727985812628e+03
8.243998090824041469e+01 4.937160013312628507e+03
8.249908076334233442e+01 4.918608118927849318e+03
8.255892362200781065e+01 4.900000000000000000e+03
8.268214847896020103e+01 4.862230287249800313e+03
8.280853137067109060e+01 4.824236259859541860e+03
8.281869867425152165e+01 4.821211725570394265e+03
8.282888665079678958e+01 4.818185765245956645e+03
8.284932486091032899e+01 4.812129562455151245e+03
8.289045199219246740e+01 4.800000000000000000e+03
8.290193053986158134e+01 4.796628177874657922e+03
8.291343488421964025e+01 4.793254645241781873e+03
8.296499887642831084e+01 4.778205745655412102e+03
8.299097577103232481e+01 4.770668521131959096e+03
8.301708383748852782e+01 4.763122760832113272e+03
8.307710678967214335e+01 4.745886131456858493e+03
8.313782795390875435e+01 4.728604880064525787e+03
8.323078569383210379e+01 4.702447642573829398e+03
8.323516579441064778e+01 4.701223933096043766e+03
8.323954951039378614e+01 4.700000000000000000e+03
8.334406968018974737e+01 4.671047855811226327e+03
8.345064182128712105e+01 4.641974078156351425e+03
8.352274453903126528e+01 4.622554150333280631e+03
8.360742244694804981e+01 4.600000000000000000e+03
8.367560038557301993e+01 4.582035357707135518e+03
8.368532200229344653e+01 4.579487693472211504e+03
8.369506031105503041e+01 4.576939121644680199e+03
8.371458716840690784e+01 4.571839253271146845e+03
8.375384299792497700e+01 4.561628604046322835e+03
8.383317247387375915e+01 4.541163546563089767e+03
8.383981907093908603e+01 4.539459058171074503e+03
8.384647334735137747e+01 4.537754164709254837e+03
8.392046358047852550e+01 4.518901882588699664e+03
8.399540905132290902e+01 4.500000000000000000e+03
8.400625295316496022e+01 4.497281034716017530e+03
8.401711683551525311e+01 4.494561065026764481e+03
8.410475740484858420e+01 4.472764117764656476e+03
8.419370780440932833e+01 4.450902561122331463e+03
8.437565166066437428e+01 4.406984467210255389e+03
8.440499452872229824e+01 4.400000000000000000e+03
8.446513347894206447e+01 4.385768783619147143e+03
8.452586251772743253e+01 4.371510725873732554e+03
8.467992053394139873e+01 4.335839642122849909e+03
8.483783442025122667e+01 4.300000000000000000e+03
8.505190022157864860e+01 4.252544907707078892e+03
8.515138706916143008e+01 4.230918457524750920e+03
8.522318954257650603e+01 4.215474635658658372e+03
8.529577712994640137e+01 4.200000000000000000e+03
8.544365638222151915e+01 4.168895314184890594e+03
8.559483375219471668e+01 4.137666949604132242e+03
8.560152134822672565e+01 4.136298565928655080e+03
8.569062663036643812e+01 4.118170185945573394e+03
8.578089520636822840e+01 4.100000000000000000e+03
8.596520579698677977e+01 4.063495247384585582e+03
8.615444645490362063e+01 4.026822041401353090e+03
8.618945627594619907e+01 4.020124987488006354e+03
8.622463722878087822e+01 4.013422300691796409e+03
8.629551740251935144e+01 4.000000000000000000e+03
8.632130505153993738e+01 3.995143612901741562e+03
8.634718450998319383e+01 3.990284269093446710e+03
8.644444341671750465e+01 3.972149362520172872e+03
8.654300907525629327e+01 3.953973216789043363e+03
8.655550640002081764e+01 3.951683009119788494e+03
8.656802487679036062e+01 3.949392145892666576e+03
8.659312549466497444e+01 3.944808451638598854e+03
8.665463798814792540e+01 3.933629798901071808e+03
8.671666259554305611e+01 3.922435527900394845e+03
8.677920555929605939e+01 3.911225605882083528e+03
8.684227322439912200e+01 3.900000000000000000e+03
8.696989668574596521e+01 3.877521237213616132e+03
8.709969650205329117e+01 3.854979169015443404e+03
8.736604488755504860e+01 3.809704043666336020e+03
8.739503769271642852e+01 3.804853485772945078e+03
8.742413811013292957e+01 3.800000000000000000e+03
8.751811899402792960e+01 3.784427856473555948e+03
8.761323321547676812e+01 3.768825250797792251e+03
8.780694240314572596e+01 3.737528294758099491e+03
8.804449972188228912e+01 3.700000000000000000e+03
8.824992452466415216e+01 3.668280721280808848e+03
8.837584804544903250e+01 3.649163394452884859e+03
8.850370665688754457e+01 3.630000000000000000e+03
8.860489112238140308e+01 3.614999772910571210e+03
8.865582593893017815e+01 3.607499829684217730e+03
8.870699128209803064e+01 3.600000000000000000e+03
8.886691443730100559e+01 3.576775986262010065e+03
8.894772521109504737e+01 3.565164474887929828e+03
8.902911044660247342e+01 3.553553293824999400e+03
8.921903387785684458e+01 3.526775768576072096e+03
8.941212703147965613e+01 3.500000000000000000e+03
8.947027475721381506e+01 3.492023793463924903e+03
8.955848249074450962e+01 3.480000000000000000e+03
8.964669022427520417e+01 3.492023793463924903e+03
8.970483795000936311e+01 3.500000000000000000e+03
8.989793110363217465e+01 3.526775768576072096e+03
9.008785453488653161e+01 3.553553293824999400e+03
9.016923977039397187e+01 3.565164474887929828e+03
9.025005054418799944e+01 3.576775986262010065e+03
9.040997369939098860e+01 3.600000000000000000e+03
9.046113904255882687e+01 3.607499829684217730e+03
9.051207385910760195e+01 3.614999772910571210e+03
9.061325832460147467e+01 3.630000000000000000e+03
9.074111693603998674e+01 3.649163394452884859e+03
9.086704045682485287e+01 3.668280721280808848e+03
9.107246525960673011e+01 3.700000000000000000e+03
9.131002257834329328e+01 3.737528294758099491e+03
9.150373176601225111e+01 3.768825250797792251e+03
9.159884598746108963e+01 3.784427856473555948e+03
9.169282687135608967e+01 3.800000000000000000e+03
9.172192728877259071e+01 3.804853485772945078e+03
9.175092009393397063e+01 3.809704043666336020e+03
9.201726847943572807e+01 3.854979169015443404e+03
9.214706829574305402e+01 3.877521237213616132e+03
9.227469175708989724e+01 3.900000000000000000e+03
9.233775942219295985e+01 3.911225605882083528e+03
9.240030238594596312e+01 3.922435527900394845e+03
9.246232699334109384e+01 3.933629798901071808e+03
9.252383948682404480e+01 3.944808451638598854e+03
9.254894010469865862e+01 3.949392145892666576e+03
9.256145858146820160e+01 3.951683009119788494e+03
9.257395590623272597e+01 3.953973216789043363e+03
9.267252156477152880e+01 3.972149362520172872e+03
9.276978047150583961e+01 3.990284269093446710e+03
9.279565992994909607e+01 3.995143612901741562e+03
9.282144757896966780e+01 4.000000000000000000e+03
9.289232775270814102e+01 4.013422300691796409e+03
9.292750870554283438e+01 4.020124987488006354e+03
9.296251852658541281e+01 4.026822041401353090e+03
9.315175918450223946e+01 4.063495247384585582e+03
9.333606977512079084e+01 4.100000000000000000e+03
9.342633835112259533e+01 4.118170185945573394e+03
9.351544363326229359e+01 4.136298565928655080e+03
9.352213122929430256e+01 4.137666949604132242e+03
9.367330859926752851e+01 4.168895314184890594e+03
9.382118785154261786e+01 4.200000000000000000e+03
9.389377543891252742e+01 4.215474635658658372e+03
9.396557791232760337e+01 4.230918457524750920e+03
9.406506475991037064e+01 4.252544907707078892e+03
9.427913056123779256e+01 4.300000000000000000e+03
9.443704444754763472e+01 4.335839642122849909e+03
9.459110246376158671e+01 4.371510725873732554e+03
9.465183150254696898e+01 4.385768783619147143e+03
9.471197045276673521e+01 4.400000000000000000e+03
9.474131332082467338e+01 4.406984467210255389e+03
9.492325717707970512e+01 4.450902561122331463e+03
9.501220757664044925e+01 4.472764117764656476e+03
9.509984814597378033e+01 4.494561065026764481e+03
9.511071202832405902e+01 4.497281034716017530e+03
9.512155593016612443e+01 4.500000000000000000e+03
9.519650140101049374e+01 4.518901882588699664e+03
9.527049163413765598e+01 4.537754164709254837e+03
9.527714591054993321e+01 4.539459058171074503e+03
9.528379250761526009e+01 4.541163546563089767e+03
9.536312198356404224e+01 4.561628604046322835e+03
9.540237781308212561e+01 4.571839253271146845e+03
9.542190467043400304e+01 4.576939121644680199e+03
9.543164297919557271e+01 4.579487693472211504e+03
9.544136459591601351e+01 4.582035357707135518e+03
9.550954253454096943e+01 4.600000000000000000e+03
9.559422044245775396e+01 4.622554150333280631e+03
9.566632316020189819e+01 4.641974078156351425e+03
9.577289530129927186e+01 4.671047855811226327e+03
9.587741547109524731e+01 4.700000000000000000e+03
9.588179918707837146e+01 4.701223933096043766e+03
9.588617928765691545e+01 4.702447642573829398e+03
9.597913702758026488e+01 4.728604880064525787e+03
9.603985819181687589e+01 4.745886131456858493e+03
9.609988114400047721e+01 4.763122760832113272e+03
9.612598921045668021e+01 4.770668521131959096e+03
9.615196610506069419e+01 4.778205745655412102e+03
9.620353009726937898e+01 4.793254645241781873e+03
9.621503444162743790e+01 4.796628177874657922e+03
9.622651298929653763e+01 4.800000000000000000e+03
9.626764012057867603e+01 4.812129562455151245e+03
9.628807833069221545e+01 4.818185765245956645e+03
9.629826630723749759e+01 4.821211725570394265e+03
9.630843361081791443e+01 4.824236259859541860e+03
9.643481650252880399e+01 4.862230287249800313e+03
9.655804135948119438e+01 4.900000000000000000e+03
9.661788421814668482e+01 4.918608118927849318e+03
9.667698407324857612e+01 4.937160013312628507e+03
9.677606850675695682e+01 4.968660727985812628e+03
9.682483460850050960e+01 4.984350466656896970e+03
9.687309340102433453e+01 5.000000000000000000e+03
9.689676202682524320e+01 5.007720659996419272e+03
9.692030759596104872e+01 5.015431166328467953e+03
9.696703314257294437e+01 5.030821798014501837e+03
9.699421483560250579e+01 5.039830148983069193e+03
9.702123228822262035e+01 5.048824642022135777e+03
9.703463023419021738e+01 5.053300105003316276e+03
9.704798794105413151e+01 5.057772140936690448e+03
9.705465175828257429e+01 5.060006874990323922e+03
9.706130557950990578e+01 5.062240753757101629e+03
9.706462874825727738e+01 5.063357372561343254e+03
9.706794942592574671e+01 5.064473777727936067e+03
9.707126761514814461e+01 5.065589969318183648e+03
9.707292577741719697e+01 5.066147985041328866e+03
9.707458331856039990e+01 5.066705947393367751e+03
9.708985539094412331e+01 5.071854175867099912e+03
9.710507481731248447e+01 5.076997862837097273e+03
9.712028856843801350e+01 5.082152863521321706e+03
9.713544986159797645e+01 5.087303306729801989e+03
9.715060609008642700e+01 5.092465273752032772e+03
9.715816458574383319e+01 5.095044541692768689e+03
9.716571004452598004e+01 5.097622666933323671e+03
9.717200281893963165e+01 5.099775307355141194e+03
9.717265927069192344e+01 5.100000000000000000e+03
9.718413806327916404e+01 5.103933093874856240e+03
9.719558620701670293e+01 5.107863416640710057e+03
9.720407682673094030e+01 5.110783377244053554e+03
9.721255061974827072e+01 5.113701809280693851e+03
9.721679048157665193e+01 5.115163646537939712e+03
9.722102613594395848e+01 5.116625100430052953e+03
9.722525758872272661e+01 5.118086171107819609e+03
9.722948484577482020e+01 5.119546858721945682e+03
9.723278095327751203e+01 5.120686536537831671e+03
9.723607451171761795e+01 5.121825981212500665e+03
9.723936552386777521e+01 5.122965192817484422e+03
9.724101007595317014e+01 5.123534711241189143e+03
9.724265399250401742e+01 5.124104171424285596e+03
9.729744062334978594e+01 5.143175607226947250e+03
9.735152516662017774e+01 5.162181835061464881e+03
9.740492020867520750e+01 5.181123188790137647e+03
9.745763804276552378e+01 5.200000000000000000e+03
9.755965300403164520e+01 5.237037856906376874e+03
9.764515869754379196e+01 5.268613070347176290e+03
9.772884818983186506e+01 5.300000000000000000e+03
9.780953206147509604e+01 5.330725577178969615e+03
9.781393098881466130e+01 5.332414195103907332e+03
9.789713296326060288e+01 5.364619688891984879e+03
9.794235938786329143e+01 5.382341283162184482e+03
9.798703768878530695e+01 5.400000000000000000e+03
9.800742409423222057e+01 5.408108483110237103e+03
9.802769479501159822e+01 5.416203119612529008e+03
9.806789270551702487e+01 5.432350994423984048e+03
9.808782173527647785e+01 5.440404303246951713e+03
9.810763865828941732e+01 5.448443906490607333e+03
9.814693966164283268e+01 5.464482135951820965e+03
9.816862768820780616e+01 5.473386772410306548e+03
9.819018114877182768e+01 5.482274596889916211e+03
9.823288897143626741e+01 5.500000000000000000e+03
9.825226931564711208e+01 5.508094375114532340e+03
9.827153811149500484e+01 5.516174135411034513e+03
9.830974458865588872e+01 5.532289969591510271e+03
9.832868404450834987e+01 5.540326122140537336e+03
9.834751545850939181e+01 5.548347817202922670e+03
9.838485754861417831e+01 5.564347990646462677e+03
9.842620231835364564e+01 5.582209796666496004e+03
9.844667888177872328e+01 5.591113821732636097e+03
9.845686870665851131e+01 5.595559138360928046e+03
9.846702641426561797e+01 5.600000000000000000e+03
9.850048662366613428e+01 5.614737222997924619e+03
9.853307484288617957e+01 5.629272204888298802e+03
9.857884660589611769e+01 5.650000000000000000e+03
9.858995505690518257e+01 5.655086888358275246e+03
9.859547076824654255e+01 5.657621033707950119e+03
9.859821906492885546e+01 5.658885791585033076e+03
9.859959083215346709e+01 5.659517593057181330e+03
9.860096101522916001e+01 5.660149010020322748e+03
9.860110801825737781e+01 5.660216773446381922e+03
9.860347069789452235e+01 5.661306434670083945e+03
9.860465027237638935e+01 5.661850836085401170e+03
9.860523961897037282e+01 5.662122929592526816e+03
9.860582867206005631e+01 5.662394951670154114e+03
9.861396357237705956e+01 5.666158182732464411e+03
9.864806300631599356e+01 5.682067792569701851e+03
9.866822217384836335e+01 5.691577756961269188e+03
9.867817009158810038e+01 5.696299767616116696e+03
9.868803158798499453e+01 5.701000000000000000e+03
9.871728031100572309e+01 5.716005170388375518e+03
9.874618965599748321e+01 5.730947898682818050e+03
9.874939718341991579e+01 5.732612718651146679e+03
9.875260055339828114e+01 5.734276765325053020e+03
9.875591505502609380e+01 5.736000000000000000e+03
9.878917095025656181e+01 5.753372645957148961e+03
9.880301168152536206e+01 5.760647581597568205e+03
9.881552425334936629e+01 5.767247208179240261e+03
9.882262102886650723e+01 5.771000000000000000e+03
9.883720305758394886e+01 5.778745214811430742e+03
9.883864708447499936e+01 5.779515157886744419e+03
9.884680988699301452e+01 5.783877590861345197e+03
9.886280702188085456e+01 5.792477131407868910e+03
9.887340173713739944e+01 5.798209559798375267e+03
9.889925519274537180e+01 5.812324404815953130e+03
9.891498213420658203e+01 5.821000000000000000e+03
9.893669361830261266e+01 5.833090747999037376e+03
9.893950023389822945e+01 5.834663479482633193e+03
9.894090022318431465e+01 5.835448831251936099e+03
9.894159939023788297e+01 5.835841254024722730e+03
9.894229800633654293e+01 5.836233508201259610e+03
9.894521519300349155e+01 5.837872951980803009e+03
9.894667018637090905e+01 5.838691570176271853e+03
9.894739678537098371e+01 5.839100603783760562e+03
9.894775986073784679e+01 5.839305051769019883e+03
9.894812278679162887e+01 5.839509453895870138e+03
9.895564758690892404e+01 5.843756106197040936e+03
9.895788803497202935e+01 5.845023708057446129e+03
9.897858160267639960e+01 5.856801948922146948e+03
9.900323070212201060e+01 5.871000000000000000e+03
9.902083720390803023e+01 5.881256383119759448e+03
9.903807991087649043e+01 5.891395956763047252e+03
9.906317031092613945e+01 5.906322774931001732e+03
9.908750383924666494e+01 5.921000000000000000e+03
9.909744641868664417e+01 5.927055336232162517e+03
9.910726452518605356e+01 5.933068701681323546e+03
9.912653552894158793e+01 5.944971253664713913e+03
9.914533307154552233e+01 5.956711063565764562e+03
9.915671884604648767e+01 5.963885586377381514e+03
9.916793328505352179e+01 5.971000000000000000e+03
9.918775064036395861e+01 5.984097967492593853e+03
9.920736618346806779e+01 5.997145694263439509e+03
9.922148062070405672e+01 6.006585953588864868e+03
9.923549124602294569e+01 6.016000000000000000e+03
9.924600143945625064e+01 6.023090516904660944e+03
9.926838677785622167e+01 6.038274581129143371e+03
9.928385832853010129e+01 6.048834999067952594e+03
9.930158242155511061e+01 6.061000000000000000e+03
9.931774551920267413e+01 6.072156670230864620e+03
9.933376815709723928e+01 6.083276379584152892e+03
9.934194134558296696e+01 6.088971767949280547e+03
9.935007816291128790e+01 6.094657484409988683e+03
9.936624356017992454e+01 6.106000000000000000e+03
9.937416866548220185e+01 6.111583532987353465e+03
9.938205919196744276e+01 6.117157741448922025e+03
9.939773732500336223e+01 6.128278278070941269e+03
9.940573375859817418e+01 6.133973282880642728e+03
9.941369459816658605e+01 6.139658554866933628e+03
9.942162005995535878e+01 6.145334118958759063e+03
9.942556959168328490e+01 6.148168268311272186e+03
9.942951035929885961e+01 6.151000000000000000e+03
9.945256183338995015e+01 6.168475816192898492e+03
9.947557743451659462e+01 6.186000000000000000e+03
9.949843057994678475e+01 6.203475292094711222e+03
9.952125096655488790e+01 6.221000000000000000e+03
9.954068264233973196e+01 6.235981114146495202e+03
9.955361614341997267e+01 6.245982315499501055e+03
9.956653994299145438e+01 6.256000000000000000e+03
9.957777834817505891e+01 6.264730751490902549e+03
9.958900998358788570e+01 6.273474316488087425e+03
9.960023486945610216e+01 6.282230723220483014e+03
9.961145302596945328e+01 6.291000000000000000e+03
9.962420657538208957e+01 6.300991482874092981e+03
9.963695204900380986e+01 6.311000000000000000e+03
9.964732352856722741e+01 6.319161558655203407e+03
9.965250736872130233e+01 6.323246641096669919e+03
9.965768994505106093e+01 6.327334596315524323e+03
9.966233265538807018e+01 6.331000000000000000e+03
9.966726318965105236e+01 6.334896038686511019e+03
9.967219263867018242e+01 6.338794716459812662e+03
9.967712100402603426e+01 6.342696036002298570e+03
9.967958478080917928e+01 6.344647687276229590e+03
9.968204828726877054e+01 6.346600000000000364e+03
9.968718125159756482e+01 6.351300000000000182e+03
9.968974486516498246e+01 6.353650000000000546e+03
9.969102595573670555e+01 6.354825000000000728e+03
9.969230656919033606e+01 6.356000000000000000e+03
9.969898842243273407e+01 6.363500000000000000e+03
9.970232341730746839e+01 6.367250000000000000e+03
9.970398943488407895e+01 6.369125000000000000e+03
9.970482207409079933e+01 6.370062500000000000e+03
9.970565446705580825e+01 6.371000000000000000e+03
9.970648686002078875e+01 6.370062500000000000e+03
9.970731949922753756e+01 6.369125000000000000e+03
9.970898551680413391e+01 6.367250000000000000e+03
9.971232051167886823e+01 6.363500000000000000e+03
9.971900236492126623e+01 6.356000000000000000e+03
9.972028297837488253e+01 6.354825000000000728e+03
9.972156406894661984e+01 6.353650000000000546e+03
9.972412768251402326e+01 6.351300000000000182e+03
9.972926064684281755e+01 6.346600000000000364e+03
9.973172415330242302e+01 6.344647687276229590e+03
9.973418793008556804e+01 6.342696036002298570e+03
9.973911629544141988e+01 6.338794716459812662e+03
9.974404574446054994e+01 6.334896038686511019e+03
9.974897627872353212e+01 6.331000000000000000e+03
9.975361898906054137e+01 6.327334596315524323e+03
9.975880156539031418e+01 6.323246641096669919e+03
9.976398540554436067e+01 6.319161558655203407e+03
9.977435688510777823e+01 6.311000000000000000e+03
9.978710235872949852e+01 6.300991482874092981e+03
9.979985590814214902e+01 6.291000000000000000e+03
9.981107406465548593e+01 6.282230723220483014e+03
9.982229895052370239e+01 6.273474316488087425e+03
9.983353058593652918e+01 6.264730751490902549e+03
9.984476899112013371e+01 6.256000000000000000e+03
9.985769279069162963e+01 6.245982315499501055e+03
9.987062629177185613e+01 6.235981114146495202e+03
9.989005796755671440e+01 6.221000000000000000e+03
9.991287835416481755e+01 6.203475292094711222e+03
9.993573149959499347e+01 6.186000000000000000e+03
9.995874710072163793e+01 6.168475816192898492e+03
9.998179857481274269e+01 6.151000000000000000e+03
9.998573934242831740e+01 6.148168268311272186e+03
9.998968887415622930e+01 6.145334118958759063e+03
9.999761433594500204e+01 6.139658554866933628e+03
1.000055751755134281e+02 6.133973282880642728e+03
1.000135716091082543e+02 6.128278278070941269e+03
1.000292497421441453e+02 6.117157741448922025e+03
1.000371402686294005e+02 6.111583532987353465e+03
1.000450653739316635e+02 6.106000000000000000e+03
1.000612307712003144e+02 6.094657484409988683e+03
1.000693675885286353e+02 6.088971767949280547e+03
1.000775407770143772e+02 6.083276379584152892e+03
1.000935634149089140e+02 6.072156670230864620e+03
1.001097265125565059e+02 6.061000000000000000e+03
1.001274506055815010e+02 6.048834999067952594e+03
1.001429221562553664e+02 6.038274581129143371e+03
1.001653074946553517e+02 6.023090516904660944e+03
1.001758176880886424e+02 6.016000000000000000e+03
1.001898283134075314e+02 6.006585953588864868e+03
1.002039427506435345e+02 5.997145694263439509e+03
1.002235582937476579e+02 5.984097967492593853e+03
1.002433756490580663e+02 5.971000000000000000e+03
1.002545900880651146e+02 5.963885586377381514e+03
1.002659758625660800e+02 5.956711063565764562e+03
1.002847734051700286e+02 5.944971253664713913e+03
1.003040444089255487e+02 5.933068701681323546e+03
1.003138625154249581e+02 5.927055336232162517e+03
1.003238050948649374e+02 5.921000000000000000e+03
1.003481386231854628e+02 5.906322774931001732e+03
1.003732290232350977e+02 5.891395956763047252e+03
1.003904717302035579e+02 5.881256383119759448e+03
1.004080782319895775e+02 5.871000000000000000e+03
1.004327273314352027e+02 5.856801948922146948e+03
1.004534208991395587e+02 5.845023708057446129e+03
1.004556613472026640e+02 5.843756106197040936e+03
1.004631861473199592e+02 5.839509453895870138e+03
1.004635490733737413e+02 5.839305051769019883e+03
1.004639121487406186e+02 5.839100603783760562e+03
1.004646387477406932e+02 5.838691570176271853e+03
1.004660937411080965e+02 5.837872951980803009e+03
1.004690109277750594e+02 5.836233508201259610e+03
1.004697095438737051e+02 5.835841254024722730e+03
1.004704087109272876e+02 5.835448831251936099e+03
1.004718087002133728e+02 5.834663479482633193e+03
1.004746153158089896e+02 5.833090747999037376e+03
1.004963267999050061e+02 5.821000000000000000e+03
1.005120537413662305e+02 5.812324404815953130e+03
1.005379071969742029e+02 5.798209559798375267e+03
1.005485019122307477e+02 5.792477131407868910e+03
1.005644990471186020e+02 5.783877590861345197e+03
1.005726618496366029e+02 5.779515157886744419e+03
1.005741058765276534e+02 5.778745214811430742e+03
1.005886879052450951e+02 5.771000000000000000e+03
1.005957846807622360e+02 5.767247208179240261e+03
1.006082972525862260e+02 5.760647581597568205e+03
1.006221379838550547e+02 5.753372645957148961e+03
1.006553938790854943e+02 5.736000000000000000e+03
1.006587083807133070e+02 5.734276765325053020e+03
1.006619117506916723e+02 5.732612718651146679e+03
1.006651192781141191e+02 5.730947898682818050e+03
1.006940286231058792e+02 5.716005170388375518e+03
1.007232773461266078e+02 5.701000000000000000e+03
1.007331388425235019e+02 5.696299767616116696e+03
1.007430867602632389e+02 5.691577756961269188e+03
1.007632459277955945e+02 5.682067792569701851e+03
1.007973453617345285e+02 5.666158182732464411e+03
1.008054802620515318e+02 5.662394951670154114e+03
1.008060693151412295e+02 5.662122929592526816e+03
1.008066586617352129e+02 5.661850836085401170e+03
1.008078382362170657e+02 5.661306434670083945e+03
1.008102009158542103e+02 5.660216773446381922e+03
1.008103479188824423e+02 5.660149010020322748e+03
1.008117181019581210e+02 5.659517593057181330e+03
1.008130898691827468e+02 5.658885791585033076e+03
1.008158381658650455e+02 5.657621033707950119e+03
1.008213538772064197e+02 5.655086888358275246e+03
1.008324623282154846e+02 5.650000000000000000e+03
1.008782340912254085e+02 5.629272204888298802e+03
1.009108223104454680e+02 5.614737222997924619e+03
1.009442825198459843e+02 5.600000000000000000e+03
1.009544402274530910e+02 5.595559138360928046e+03
1.009646300523328648e+02 5.591113821732636097e+03
1.009851066157579567e+02 5.582209796666496004e+03
1.010264513854974240e+02 5.564347990646462677e+03
1.010637934756022105e+02 5.548347817202922670e+03
1.010826248896032524e+02 5.540326122140537336e+03
1.011015643454556994e+02 5.532289969591510271e+03
1.011397708226165832e+02 5.516174135411034513e+03
1.011590396184644902e+02 5.508094375114532340e+03
1.011784199626753491e+02 5.500000000000000000e+03
1.012211277853397746e+02 5.482274596889916211e+03
1.012426812459037819e+02 5.473386772410306548e+03
1.012643692724687696e+02 5.464482135951820965e+03
1.013036702758221850e+02 5.448443906490607333e+03
1.013234871988351244e+02 5.440404303246951713e+03
1.013434162285945774e+02 5.432350994423984048e+03
1.013836141390999899e+02 5.416203119612529008e+03
1.014038848398793675e+02 5.408108483110237103e+03
1.014242712453263096e+02 5.400000000000000000e+03
1.014689495462483251e+02 5.382341283162184482e+03
1.015141759708509994e+02 5.364619688891984879e+03
1.015973779452969268e+02 5.332414195103907332e+03
1.016017768726365205e+02 5.330725577178969615e+03
1.016824607442797372e+02 5.300000000000000000e+03
1.017661502365677961e+02 5.268613070347176290e+03
1.018516559300799571e+02 5.237037856906376874e+03
1.019536708913460643e+02 5.200000000000000000e+03
1.020063887254363806e+02 5.181123188790137647e+03
1.020597837674914103e+02 5.162181835061464881e+03
1.021138683107618021e+02 5.143175607226947250e+03
1.021686549416075707e+02 5.124104171424285596e+03
1.021702988581584322e+02 5.123534711241189143e+03
1.021719434102438129e+02 5.122965192817484422e+03
1.021752344223939843e+02 5.121825981212500665e+03
1.021785279808340761e+02 5.120686536537831671e+03
1.021818240883367821e+02 5.119546858721945682e+03
1.021860513453888757e+02 5.118086171107819609e+03
1.021902827981676438e+02 5.116625100430052953e+03
1.021945184525349362e+02 5.115163646537939712e+03
1.021987583143633458e+02 5.113701809280693851e+03
1.022072321073806620e+02 5.110783377244053554e+03
1.022157227270948994e+02 5.107863416640710057e+03
1.022271708708324240e+02 5.103933093874856240e+03
1.022386496634196789e+02 5.100000000000000000e+03
1.022393061151719706e+02 5.099775307355141194e+03
1.022455988895856365e+02 5.097622666933323671e+03
1.022531443483677691e+02 5.095044541692768689e+03
1.022607028440251611e+02 5.092465273752032772e+03
1.022758590725136258e+02 5.087303306729801989e+03
1.022910203656735888e+02 5.082152863521321706e+03
1.023062341167991178e+02 5.076997862837097273e+03
1.023214535431674790e+02 5.071854175867099912e+03
1.023367256155511882e+02 5.066705947393367751e+03
1.023383831566943911e+02 5.066147985041328866e+03
1.023400413189634435e+02 5.065589969318183648e+03
1.023433595081858556e+02 5.064473777727936067e+03
1.023466801858543249e+02 5.063357372561343254e+03
1.023500033546017107e+02 5.062240753757101629e+03
1.023566571758290422e+02 5.060006874990323922e+03
1.023633209930574708e+02 5.057772140936690448e+03
1.023766786999213991e+02 5.053300105003316276e+03
1.023900766458889819e+02 5.048824642022135777e+03
1.024170940985090965e+02 5.039830148983069193e+03
1.024442757915386579e+02 5.030821798014501837e+03
1.024910013381505536e+02 5.015431166328467953e+03
1.025145469072863591e+02 5.007720659996419272e+03
1.025382155330872678e+02 5.000000000000000000e+03
1.025864743256111069e+02 4.984350466656896970e+03
1.026352404273546313e+02 4.968660727985812628e+03
1.027343248608630120e+02 4.937160013312628507e+03
1.027934247159649175e+02 4.918608118927849318e+03
1.028532675746304079e+02 4.900000000000000000e+03
1.029764924315827841e+02 4.862230287249800313e+03
1.031028753232936879e+02 4.824236259859541860e+03
1.031130426268741047e+02 4.821211725570394265e+03
1.031232306034193869e+02 4.818185765245956645e+03
1.031436688135329121e+02 4.812129562455151245e+03
1.031847959448150505e+02 4.800000000000000000e+03
1.031962744924841786e+02 4.796628177874657922e+03
1.032077788368422091e+02 4.793254645241781873e+03
1.032593428290508939e+02 4.778205745655412102e+03
1.032853197236549079e+02 4.770668521131959096e+03
1.033114277901111109e+02 4.763122760832113272e+03
1.033714507422947122e+02 4.745886131456858493e+03
1.034321719065313232e+02 4.728604880064525787e+03
1.035251296464546726e+02 4.702447642573829398e+03
1.035295097470332166e+02 4.701223933096043766e+03
1.035338934630163692e+02 4.700000000000000000e+03
1.036384136328123304e+02 4.671047855811226327e+03
1.037449857739096899e+02 4.641974078156351425e+03
1.038170884916538341e+02 4.622554150333280631e+03
1.039017663995706187e+02 4.600000000000000000e+03
1.039699443381955888e+02 4.582035357707135518e+03
1.039796659549160154e+02 4.579487693472211504e+03
1.039894042636776135e+02 4.576939121644680199e+03
1.040089311210294767e+02 4.571839253271146845e+03
1.040481869505475458e+02 4.561628604046322835e+03
1.041275164264963280e+02 4.541163546563089767e+03
1.041341630235616549e+02 4.539459058171074503e+03
1.041408172999739463e+02 4.537754164709254837e+03
1.042148075331010944e+02 4.518901882588699664e+03
1.042897530039454779e+02 4.500000000000000000e+03
1.043005969057875433e+02 4.497281034716017530e+03
1.043114607881378220e+02 4.494561065026764481e+03
1.043991013574711531e+02 4.472764117764656476e+03
1.044880517570318972e+02 4.450902561122331463e+03
1.046699956132869431e+02 4.406984467210255389e+03
1.046993384813448671e+02 4.400000000000000000e+03
1.047594774315646475e+02 4.385768783619147143e+03
1.048202064703500014e+02 4.371510725873732554e+03
1.049742644865639676e+02 4.335839642122849909e+03
1.051321783728737955e+02 4.300000000000000000e+03
1.053462441742012174e+02 4.252544907707078892e+03
1.054457310217839989e+02 4.230918457524750920e+03
1.055175334951990749e+02 4.215474635658658372e+03
1.055901210825689702e+02 4.200000000000000000e+03
1.057380003348440880e+02 4.168895314184890594e+03
1.058891777048172855e+02 4.137666949604132242e+03
1.058958653008492945e+02 4.136298565928655080e+03
1.059849705829890070e+02 4.118170185945573394e+03
1.060752391589908115e+02 4.100000000000000000e+03
1.062595497496093628e+02 4.063495247384585582e+03
1.064487904075261895e+02 4.026822041401353090e+03
1.064838002285687821e+02 4.020124987488006354e+03
1.065189811814034613e+02 4.013422300691796409e+03
1.065898613551419487e+02 4.000000000000000000e+03
1.066156490041625204e+02 3.995143612901741562e+03
1.066415284626057769e+02 3.990284269093446710e+03
1.067387873693400877e+02 3.972149362520172872e+03
1.068373530278788621e+02 3.953973216789043363e+03
1.068498503526433865e+02 3.951683009119788494e+03
1.068623688294129295e+02 3.949392145892666576e+03
1.068874694472875575e+02 3.944808451638598854e+03
1.069489819407705085e+02 3.933629798901071808e+03
1.070110065481656534e+02 3.922435527900394845e+03
1.070735495119186425e+02 3.911225605882083528e+03
1.071366171770217051e+02 3.900000000000000000e+03
1.072642406383685625e+02 3.877521237213616132e+03
1.073940404546758600e+02 3.854979169015443404e+03
1.076603888401776317e+02 3.809704043666336020e+03
1.076893816453390116e+02 3.804853485772945078e+03
1.077184820627554984e+02 3.800000000000000000e+03
1.078124629466504985e+02 3.784427856473555948e+03
1.079075771680993512e+02 3.768825250797792251e+03
1.081012863557683090e+02 3.737528294758099491e+03
1.083388436745048722e+02 3.700000000000000000e+03
1.085442684772867494e+02 3.668280721280808848e+03
1.086701919980716298e+02 3.649163394452884859e+03
1.087980506095101134e+02 3.630000000000000000e+03
1.088992350750039861e+02 3.614999772910571210e+03
1.089501698915527754e+02 3.607499829684217730e+03
1.090013352347206137e+02 3.600000000000000000e+03
1.091612583899236029e+02 3.576775986262010065e+03
1.092420691637176162e+02 3.565164474887929828e+03
1.093234543992250565e+02 3.553553293824999400e+03
1.095133778304794276e+02 3.526775768576072096e+03
1.097064709841022250e+02 3.500000000000000000e+03
1.097646187098363839e+02 3.492023793463924903e+03
1.098528264433670927e+02 3.480000000000000000e+03
1.099410341768978014e+02 3.492023793463924903e+03
1.099991819026319462e+02 3.500000000000000000e+03
1.101922750562547435e+02 3.526775768576072096e+03
1.103821984875091289e+02 3.553553293824999400e+03
1.104635837230165549e+02 3.565164474887929828e+03
1.105443944968105825e+02 3.576775986262010065e+03
1.107043176520135717e+02 3.600000000000000000e+03
1.107554829951814099e+02 3.607499829684217730e+03
1.108064178117301992e+02 3.614999772910571210e+03
1.109076022772240577e+02 3.630000000000000000e+03
1.110354608886625556e+02 3.649163394452884859e+03
1.111613844094474359e+02 3.668280721280808848e+03
1.113668092122293132e+02 3.700000000000000000e+03
1.116043665309658763e+02 3.737528294758099491e+03
1.117980757186348342e+02 3.768825250797792251e+03
1.118931899400836869e+02 3.784427856473555948e+03
1.119871708239786869e+02 3.800000000000000000e+03
1.120162712413951738e+02 3.804853485772945078e+03
1.120452640465565537e+02 3.809704043666336020e+03
1.123116124320583111e+02 3.854979169015443404e+03
1.124414122483656229e+02 3.877521237213616132e+03
1.125690357097124803e+02 3.900000000000000000e+03
1.126321033748155287e+02 3.911225605882083528e+03
1.126946463385685320e+02 3.922435527900394845e+03
1.127566709459636627e+02 3.933629798901071808e+03
1.128181834394466136e+02 3.944808451638598854e+03
1.128432840573212559e+02 3.949392145892666576e+03
1.128558025340907847e+02 3.951683009119788494e+03
1.128682998588553232e+02 3.953973216789043363e+03
1.129668655173940977e+02 3.972149362520172872e+03
1.130641244241284085e+02 3.990284269093446710e+03
1.130900038825716649e+02 3.995143612901741562e+03
1.131157915315922367e+02 4.000000000000000000e+03
1.131866717053307241e+02 4.013422300691796409e+03
1.132218526581654032e+02 4.020124987488006354e+03
1.132568624792079959e+02 4.026822041401353090e+03
1.134461031371248225e+02 4.063495247384585582e+03
1.136304137277433739e+02 4.100000000000000000e+03
1.137206823037451784e+02 4.118170185945573394e+03
1.138097875858848909e+02 4.136298565928655080e+03
1.138164751819168856e+02 4.137666949604132242e+03
1.139676525518900974e+02 4.168895314184890594e+03
1.141155318041652151e+02 4.200000000000000000e+03
1.141881193915351105e+02 4.215474635658658372e+03
1.142599218649501722e+02 4.230918457524750920e+03
1.143594087125329679e+02 4.252544907707078892e+03
1.145734745138603898e+02 4.300000000000000000e+03
1.147313884001702036e+02 4.335839642122849909e+03
1.148854464163841698e+02 4.371510725873732554e+03
1.149461754551695378e+02 4.385768783619147143e+03
1.150063144053893041e+02 4.400000000000000000e+03
1.150356572734472422e+02 4.406984467210255389e+03
1.152176011297022882e+02 4.450902561122331463e+03
1.153065515292630323e+02 4.472764117764656476e+03
1.153941920985963634e+02 4.494561065026764481e+03
1.154050559809466421e+02 4.497281034716017530e+03
1.154158998827886933e+02 4.500000000000000000e+03
1.154908453536330910e+02 4.518901882588699664e+03
1.155648355867602390e+02 4.537754164709254837e+03
1.155714898631725163e+02 4.539459058171074503e+03
1.155781364602378574e+02 4.541163546563089767e+03
1.156574659361866395e+02 4.561628604046322835e+03
1.156967217657046945e+02 4.571839253271146845e+03
1.157162486230565719e+02 4.576939121644680199e+03
1.157259869318181700e+02 4.579487693472211504e+03
1.157357085485385966e+02 4.582035357707135518e+03
1.158038864871635667e+02 4.600000000000000000e+03
1.158885643950803370e+02 4.622554150333280631e+03
1.159606671128244955e+02 4.641974078156351425e+03
1.160672392539218549e+02 4.671047855811226327e+03
1.161717594237178162e+02 4.700000000000000000e+03
1.161761431397009687e+02 4.701223933096043766e+03
1.161805232402795127e+02 4.702447642573829398e+03
1.162734809802028479e+02 4.728604880064525787e+03
1.163342021444394589e+02 4.745886131456858493e+03
1.163942250966230745e+02 4.763122760832113272e+03
1.164203331630792775e+02 4.770668521131959096e+03
1.164463100576832915e+02 4.778205745655412102e+03
1.164978740498919620e+02 4.793254645241781873e+03
1.165093783942500067e+02 4.796628177874657922e+03
1.165208569419191349e+02 4.800000000000000000e+03
1.165619840732012591e+02 4.812129562455151245e+03
1.165824222833147985e+02 4.818185765245956645e+03
1.165926102598600664e+02 4.821211725570394265e+03
1.166027775634404975e+02 4.824236259859541860e+03
1.167291604551513871e+02 4.862230287249800313e+03
1.168523853121037774e+02 4.900000000000000000e+03
1.169122281707692537e+02 4.918608118927849318e+03
1.169713280258711592e+02 4.937160013312628507e+03
1.170704124593795399e+02 4.968660727985812628e+03
1.171191785611230785e+02 4.984350466656896970e+03
1.171674373536469176e+02 5.000000000000000000e+03
1.171911059794478263e+02 5.007720659996419272e+03
1.172146515485836176e+02 5.015431166328467953e+03
1.172613770951955132e+02 5.030821798014501837e+03
1.172885587882250888e+02 5.039830148983069193e+03
1.173155762408451892e+02 5.048824642022135777e+03
1.173289741868127862e+02 5.053300105003316276e+03
1.173423318936767146e+02 5.057772140936690448e+03
1.173489957109051431e+02 5.060006874990323922e+03
1.173556495321324746e+02 5.062240753757101629e+03
1.173589727008798604e+02 5.063357372561343254e+03
1.173622933785483156e+02 5.064473777727936067e+03
1.173656115677707419e+02 5.065589969318183648e+03
1.173672697300397942e+02 5.066147985041328866e+03
1.173689272711829830e+02 5.066705947393367751e+03
1.173841993435667064e+02 5.071854175867099912e+03
1.173994187699350675e+02 5.076997862837097273e+03
1.174146325210605823e+02 5.082152863521321706e+03
1.174297938142205453e+02 5.087303306729801989e+03
1.174449500427090243e+02 5.092465273752032772e+03
1.174525085383664020e+02 5.095044541692768689e+03
1.174600539971485489e+02 5.097622666933323671e+03
1.174663467715622005e+02 5.099775307355141194e+03
1.174670032233144923e+02 5.100000000000000000e+03
1.174784820159017329e+02 5.103933093874856240e+03
1.174899301596392718e+02 5.107863416640710057e+03
1.174984207793535091e+02 5.110783377244053554e+03
1.175068945723708396e+02 5.113701809280693851e+03
1.175111344341992208e+02 5.115163646537939712e+03
1.175153700885665273e+02 5.116625100430052953e+03
1.175196015413453097e+02 5.118086171107819609e+03
1.175238287983974033e+02 5.119546858721945682e+03
1.175271249059000809e+02 5.120686536537831671e+03
1.175304184643401868e+02 5.121825981212500665e+03
1.175337094764903441e+02 5.122965192817484422e+03
1.175353540285757248e+02 5.123534711241189143e+03
1.175369979451266005e+02 5.124104171424285596e+03
1.175917845759723548e+02 5.143175607226947250e+03
1.176458691192427466e+02 5.162181835061464881e+03
1.176992641612977764e+02 5.181123188790137647e+03
1.177519819953880926e+02 5.200000000000000000e+03
1.178539969566542140e+02 5.237037856906376874e+03
1.179395026501663608e+02 5.268613070347176290e+03
1.180231921424544339e+02 5.300000000000000000e+03
1.181038760140976507e+02 5.330725577178969615e+03
1.181082749414372302e+02 5.332414195103907332e+03
1.181914769158831575e+02 5.364619688891984879e+03
1.182367033404858603e+02 5.382341283162184482e+03
1.182813816414078758e+02 5.400000000000000000e+03
1.183017680468547894e+02 5.408108483110237103e+03
1.183220387476341671e+02 5.416203119612529008e+03
1.183622366581395795e+02 5.432350994423984048e+03
1.183821656878990325e+02 5.440404303246951713e+03
1.184019826109119720e+02 5.448443906490607333e+03
1.184412836142653873e+02 5.464482135951820965e+03
1.184629716408303750e+02 5.473386772410306548e+03
1.184845251013943823e+02 5.482274596889916211e+03
1.185272329240588078e+02 5.500000000000000000e+03
1.185466132682696525e+02 5.508094375114532340e+03
1.185658820641175453e+02 5.516174135411034513e+03
1.186040885412784576e+02 5.532289969591510271e+03
1.186230279971308903e+02 5.540326122140537336e+03
1.186418594111319464e+02 5.548347817202922670e+03
1.186792015012367187e+02 5.564347990646462677e+03
1.187205462709762003e+02 5.582209796666496004e+03
1.187410228344012779e+02 5.591113821732636097e+03
1.187512126592810517e+02 5.595559138360928046e+03
1.187613703668881726e+02 5.600000000000000000e+03
1.187948305762886889e+02 5.614737222997924619e+03
1.188274187955087484e+02 5.629272204888298802e+03
1.188731905585186723e+02 5.650000000000000000e+03
1.188842990095277372e+02 5.655086888358275246e+03
1.188898147208691114e+02 5.657621033707950119e+03
1.188925630175514243e+02 5.658885791585033076e+03
1.188939347847760359e+02 5.659517593057181330e+03
1.188953049678517289e+02 5.660149010020322748e+03
1.188954519708799467e+02 5.660216773446381922e+03
1.188978146505170912e+02 5.661306434670083945e+03
1.188989942249989440e+02 5.661850836085401170e+03
1.188995835715929275e+02 5.662122929592526816e+03
1.189001726246826252e+02 5.662394951670154114e+03
1.189083075249996284e+02 5.666158182732464411e+03
1.189424069589385624e+02 5.682067792569701851e+03
1.189625661264709322e+02 5.691577756961269188e+03
1.189725140442106692e+02 5.696299767616116696e+03
1.189823755406075634e+02 5.701000000000000000e+03
1.190116242636282919e+02 5.716005170388375518e+03
1.190405336086200521e+02 5.730947898682818050e+03
1.190437411360424846e+02 5.732612718651146679e+03
1.190469445060208500e+02 5.734276765325053020e+03
1.190502590076486626e+02 5.736000000000000000e+03
1.190835149028791022e+02 5.753372645957148961e+03
1.190973556341479309e+02 5.760647581597568205e+03
1.191098682059719209e+02 5.767247208179240261e+03
1.191169649814890477e+02 5.771000000000000000e+03
1.191315470102065035e+02 5.778745214811430742e+03
1.191329910370975540e+02 5.779515157886744419e+03
1.191411538396155549e+02 5.783877590861345197e+03
1.191571509745033950e+02 5.792477131407868910e+03
1.191677456897599541e+02 5.798209559798375267e+03
1.191935991453679264e+02 5.812324404815953130e+03
1.192093260868291509e+02 5.821000000000000000e+03
1.192310375709251815e+02 5.833090747999037376e+03
1.192338441865207983e+02 5.834663479482633193e+03
1.192352441758068835e+02 5.835448831251936099e+03
1.192359433428604518e+02 5.835841254024722730e+03
1.192366419589591118e+02 5.836233508201259610e+03
1.192395591456260604e+02 5.837872951980803009e+03
1.192410141389934779e+02 5.838691570176271853e+03
1.192417407379935526e+02 5.839100603783760562e+03
1.192421038133604156e+02 5.839305051769019883e+03
1.192424667394141977e+02 5.839509453895870138e+03
1.192499915395315071e+02 5.843756106197040936e+03
1.192522319875946124e+02 5.845023708057446129e+03
1.192729255552989684e+02 5.856801948922146948e+03
1.192975746547445794e+02 5.871000000000000000e+03
1.193151811565305991e+02 5.881256383119759448e+03
1.193324238634990593e+02 5.891395956763047252e+03
1.193575142635486941e+02 5.906322774931001732e+03
1.193818477918692338e+02 5.921000000000000000e+03
1.193917903713092130e+02 5.927055336232162517e+03
1.194016084778086224e+02 5.933068701681323546e+03
1.194208794815641426e+02 5.944971253664713913e+03
1.194396770241680770e+02 5.956711063565764562e+03
1.194510627986690423e+02 5.963885586377381514e+03
1.194622772376760906e+02 5.971000000000000000e+03
1.194820945929864990e+02 5.984097967492593853e+03
1.195017101360906224e+02 5.997145694263439509e+03
1.195158245733266256e+02 6.006585953588864868e+03
1.195298351986455145e+02 6.016000000000000000e+03
1.195403453920788053e+02 6.023090516904660944e+03
1.195627307304787905e+02 6.038274581129143371e+03
1.195782022811526701e+02 6.048834999067952594e+03
1.195959263741776510e+02 6.061000000000000000e+03
1.196120894718252430e+02 6.072156670230864620e+03
1.196281121097197797e+02 6.083276379584152892e+03
1.196362852982055216e+02 6.088971767949280547e+03
1.196444221155338425e+02 6.094657484409988683e+03
1.196605875128024934e+02 6.106000000000000000e+03
1.196685126181047565e+02 6.111583532987353465e+03
1.196764031445900116e+02 6.117157741448922025e+03
1.196920812776259027e+02 6.128278278070941269e+03
1.197000777112207430e+02 6.133973282880642728e+03
1.197080385507891549e+02 6.139658554866933628e+03
1.197159640125779276e+02 6.145334118958759063e+03
1.197199135443058395e+02 6.148168268311272186e+03
1.197238543119214285e+02 6.151000000000000000e+03
1.197469057860125190e+02 6.168475816192898492e+03
1.197699213871391635e+02 6.186000000000000000e+03
1.197927745325693536e+02 6.203475292094711222e+03
1.198155949191774567e+02 6.221000000000000000e+03
1.198350265949623150e+02 6.235981114146495202e+03
1.198479600960425557e+02 6.245982315499501055e+03
1.198608838956140232e+02 6.256000000000000000e+03
1.198721223007976278e+02 6.264730751490902549e+03
1.198833539362104545e+02 6.273474316488087425e+03
1.198945788220786710e+02 6.282230723220483014e+03
1.199057969785920079e+02 6.291000000000000000e+03
1.199185505280046584e+02 6.300991482874092981e+03
1.199312960016263645e+02 6.311000000000000000e+03
1.199416674811897821e+02 6.319161558655203407e+03
1.199468513213438428e+02 6.323246641096669919e+03
1.199520338976736156e+02 6.327334596315524323e+03
1.199566766080106106e+02 6.331000000000000000e+03
1.199616071422736070e+02 6.334896038686511019e+03
1.199665365912927371e+02 6.338794716459812662e+03
1.199714649566485889e+02 6.342696036002298570e+03
1.199739287334317339e+02 6.344647687276229590e+03
1.199763922398913110e+02 6.346600000000000364e+03
1.199815252042201195e+02 6.351300000000000182e+03
1.199840888177875229e+02 6.353650000000000546e+03
1.199853699083592602e+02 6.354825000000000728e+03
1.199866505218128765e+02 6.356000000000000000e+03
1.199933323750552745e+02 6.363500000000000000e+03
1.199966673699300088e+02 6.367250000000000000e+03
1.199983333875066194e+02 6.369125000000000000e+03
1.199991660267133398e+02 6.370062500000000000e+03
1.199999984196783345e+02 6.371000000000000000e+03
