6.000000000000000000e+01 5.771000000000000000e+03
6.001920953845324647e+01 5.767247208179240261e+03
6.005309119112589400e+01 5.760647581597568205e+03
6.009058809439176940e+01 5.753372645957148961e+03
6.018076527060674152e+01 5.736000000000000000e+03
6.018975923998978317e+01 5.734276765325053020e+03
6.019845274242933897e+01 5.732612718651146679e+03
6.020715860296969879e+01 5.730947898682818050e+03
6.028567292287501544e+01 5.716005170388375518e+03
6.036519855733171624e+01 5.701000000000000000e+03
6.039250619633388339e+01 5.696299767616116696e+03
6.042007836991519554e+01 5.691577756961269188e+03
6.047603065662610078e+01 5.682067792569701851e+03
6.057091455076648856e+01 5.666158182732464411e+03
6.059359545940818492e+01 5.662394951670154114e+03
6.059523847461998258e+01 5.662122929592526816e+03
6.059688240004234672e+01 5.661850836085401170e+03
6.060017298432694588e+01 5.661306434670083945e+03
6.060676510643144610e+01 5.660216773446381922e+03
6.060717530888832272e+01 5.660149010020322748e+03
6.061099899083804843e+01 5.659517593057181330e+03
6.061482759056785596e+01 5.658885791585033076e+03
6.062249957862321281e+01 5.657621033707950119e+03
6.063790295806976616e+01 5.655086888358275246e+03
6.066894933978756654e+01 5.650000000000000000e+03
6.079722254990490882e+01 5.629272204888298802e+03
6.088889597046489399e+01 5.614737222997924619e+03
6.098332671873276212e+01 5.600000000000000000e+03
6.101204738370071823e+01 5.595559138360928046e+03
6.104087192369424741e+01 5.591113821732636097e+03
6.109883483643736213e+01 5.582209796666496004e+03
6.121603171464443705e+01 5.564347990646462677e+03
6.132207070388182046e+01 5.548347817202922670e+03
6.137561386828307519e+01 5.540326122140537336e+03
6.142951066158924078e+01 5.532289969591510271e+03
6.153837895593731844e+01 5.516174135411034513e+03
6.159335760990009589e+01 5.508094375114532340e+03
6.164870403525674902e+01 5.500000000000000000e+03
6.177084330734685125e+01 5.482274596889916211e+03
6.183257473301216578e+01 5.473386772410306548e+03
6.189475365875518520e+01 5.464482135951820965e+03
6.200758815501546195e+01 5.448443906490607333e+03
6.206456176975132877e+01 5.440404303246951713e+03
6.212191113195841297e+01 5.432350994423984048e+03
6.223775190621680053e+01 5.416203119612529008e+03
6.229625097792195021e+01 5.408108483110237103e+03
6.235514094924573669e+01 5.400000000000000000e+03
6.248440155668968288e+01 5.382341283162184482e+03
6.261552720383269133e+01 5.364619688891984879e+03
6.285749962257831669e+01 5.332414195103907332e+03
6.287031993952655284e+01 5.330725577178969615e+03
6.310595568907521624e+01 5.300000000000000000e+03
6.335135550290621609e+01 5.268613070347176290e+03
6.360313094113209331e+01 5.237037856906376874e+03
6.390493739732533385e+01 5.200000000000000000e+03
6.406151466100037339e+01 5.181123188790137647e+03
6.422053290766808686e+01 5.162181835061464881e+03
6.438205107943399241e+01 5.143175607226947250e+03
6.454613017367147165e+01 5.124104171424285596e+03
6.455106078462804930e+01 5.123534711241189143e+03
6.455599372844991990e+01 5.122965192817484422e+03
6.456586662147526567e+01 5.121825981212500665e+03
6.457574886643502055e+01 5.120686536537831671e+03
6.458564047701263178e+01 5.119546858721945682e+03
6.459832898171012516e+01 5.118086171107819609e+03
6.461103291528819170e+01 5.116625100430052953e+03
6.462375230674278725e+01 5.115163646537939712e+03
6.463648718514815528e+01 5.113701809280693851e+03
6.466194769128622966e+01 5.110783377244053554e+03
6.468747022359328014e+01 5.107863416640710057e+03
6.472190119531072128e+01 5.103933093874856240e+03
6.475644540243096969e+01 5.100000000000000000e+03
6.475842156248441484e+01 5.099775307355141194e+03
6.477736858296755429e+01 5.097622666933323671e+03
6.480009561822075170e+01 5.095044541692768689e+03
6.482287099647116690e+01 5.092465273752032772e+03
6.486856741849028651e+01 5.087303306729801989e+03
6.491431585620819078e+01 5.082152863521321706e+03
6.496025966389181860e+01 5.076997862837097273e+03
6.500625791496995021e+01 5.071854175867099912e+03
6.505245292678455371e+01 5.066705947393367751e+03
6.505746893713823908e+01 5.066147985041328866e+03
6.506248727346741134e+01 5.065589969318183648e+03
6.507253093073697414e+01 5.064473777727936067e+03
6.508258391207321836e+01 5.063357372561343254e+03
6.509264623095319280e+01 5.062240753757101629e+03
6.511279893514397088e+01 5.060006874990323922e+03
6.513298915193843186e+01 5.057772140936690448e+03
6.517348255712039418e+01 5.053300105003316276e+03
6.521412732466779971e+01 5.048824642022135777e+03
6.529617888235014789e+01 5.039830148983069193e+03
6.537885119678051637e+01 5.030821798014501837e+03
6.552125383645372381e+01 5.015431166328467953e+03
6.559315152614958322e+01 5.007720659996419272e+03
6.566551977402467344e+01 5.000000000000000000e+03
6.581336845956489867e+01 4.984350466656896970e+03
6.596317543526419058e+01 4.968660727985812628e+03
6.626882940786641996e+01 4.937160013312628507e+03
6.645196583646246324e+01 4.918608118927849318e+03
6.663804542322810676e+01 4.900000000000000000e+03
6.702326819701515603e+01 4.862230287249800313e+03
6.742131175608479055e+01 4.824236259859541860e+03
6.745346651766132595e+01 4.821211725570394265e+03
6.748570674202551345e+01 4.818185765245956645e+03
6.755044504091343072e+01 4.812129562455151245e+03
6.768096342062331416e+01 4.800000000000000000e+03
6.771745033063211849e+01 4.796628177874657922e+03
6.775404518597436265e+01 4.793254645241781873e+03
6.791838936286025330e+01 4.778205745655412102e+03
6.800138321219040449e+01 4.770668521131959096e+03
6.808493280853545571e+01 4.763122760832113272e+03
6.827753974570551065e+01 4.745886131456858493e+03
6.847314148672489864e+01 4.728604880064525787e+03
6.877408587251480299e+01 4.702447642573829398e+03
6.878831155108888140e+01 4.701223933096043766e+03
6.880255310004841363e+01 4.700000000000000000e+03
6.914333826680116601e+01 4.671047855811226327e+03
6.949328712923768592e+01 4.641974078156351425e+03
6.973150427731903278e+01 4.622554150333280631e+03
7.001280526422266348e+01 4.600000000000000000e+03
7.024052286805913070e+01 4.582035357707135518e+03
7.027308400302976565e+01 4.579487693472211504e+03
7.030572387383665500e+01 4.576939121644680199e+03
7.037124110458040604e+01 4.571839253271146845e+03
7.050323461971066763e+01 4.561628604046322835e+03
7.077113238067630618e+01 4.541163546563089767e+03
7.079364954405316723e+01 4.539459058171074503e+03
7.081620388657859166e+01 4.537754164709254837e+03
7.106774923686711531e+01 4.518901882588699664e+03
7.132398501818718728e+01 4.500000000000000000e+03
7.136118208472804270e+01 4.497281034716017530e+03
7.139847881280432773e+01 4.494561065026764481e+03
7.170050914197801717e+01 4.472764117764656476e+03
7.200919134678541411e+01 4.450902561122331463e+03
7.264755205372462399e+01 4.406984467210255389e+03
7.275140868628366775e+01 4.400000000000000000e+03
7.296507219536991329e+01 4.385768783619147143e+03
7.318194947586411558e+01 4.371510725873732554e+03
7.373731900800476069e+01 4.335839642122849909e+03
7.431465907313558716e+01 4.300000000000000000e+03
7.511114195655208903e+01 4.252544907707078892e+03
7.548704423342979908e+01 4.230918457524750920e+03
7.576071575902446398e+01 4.215474635658658372e+03
7.603946483938341316e+01 4.200000000000000000e+03
7.661407487590098242e+01 4.168895314184890594e+03
7.721130015143857861e+01 4.137666949604132242e+03
7.723795806801609842e+01 4.136298565928655080e+03
7.759514284618097690e+01 4.118170185945573394e+03
7.796087921954821809e+01 4.100000000000000000e+03
7.872044707229864002e+01 4.063495247384585582e+03
7.951952387000520162e+01 4.026822041401353090e+03
7.966962648962912397e+01 4.020124987488006354e+03
7.982120766152517888e+01 4.013422300691796409e+03
8.012892404470721885e+01 4.000000000000000000e+03
8.024166449171480053e+01 3.995143612901741562e+03
8.035523724840885507e+01 3.990284269093446710e+03
8.078602081813663460e+01 3.972149362520172872e+03
8.122923027140420515e+01 3.953973216789043363e+03
8.128592116691379488e+01 3.951683009119788494e+03
8.134282234148005841e+01 3.949392145892666576e+03
8.145726200572309494e+01 3.944808451638598854e+03
8.173971188327683990e+01 3.933629798901071808e+03
8.202747189820844653e+01 3.922435527900394845e+03
8.232075508579185907e+01 3.911225605882083528e+03
8.261978921277271581e+01 3.900000000000000000e+03
8.323556308674059778e+01 3.877521237213616132e+03
8.387749364163575194e+01 3.854979169015443404e+03
8.525038134276536539e+01 3.809704043666336020e+03
8.540482261649185602e+01 3.804853485772945078e+03
8.556090598198825603e+01 3.800000000000000000e+03
8.607260718600009852e+01 3.784427856473555948e+03
8.660307090007660236e+01 3.768825250797792251e+03
8.772718672759511094e+01 3.737528294758099491e+03
8.920066186939493491e+01 3.700000000000000000e+03
9.058088686573184134e+01 3.668280721280808848e+03
9.148836566890285837e+01 3.649163394452884859e+03
9.246916122184401843e+01 3.630000000000000000e+03
9.329199045199038665e+01 3.614999772910571210e+03
9.372223730854533130e+01 3.607499829684217730e+03
9.416649373314317018e+01 3.600000000000000000e+03
9.564640443262511837e+01 3.576775986262010065e+03
9.645819620925783511e+01 3.565164474887929828e+03
9.733101797122134258e+01 3.553553293824999400e+03
9.967203863982659584e+01 3.526775768576072096e+03
1.028933272336689981e+02 3.500000000000000000e+03
1.042685801514075195e+02 3.492023793463924903e+03
1.089606204083274008e+02 3.480000000000000000e+03
1.136526606652472822e+02 3.492023793463924903e+03
1.150279135829857893e+02 3.500000000000000000e+03
1.182492021768282058e+02 3.526775768576072096e+03
1.205902228454334590e+02 3.553553293824999400e+03
1.214630446073969665e+02 3.565164474887929828e+03
1.222748363840296690e+02 3.576775986262010065e+03
1.237547470835116172e+02 3.600000000000000000e+03
1.241990035081094561e+02 3.607499829684217730e+03
1.246292503646644008e+02 3.614999772910571210e+03
1.254520795948107548e+02 3.630000000000000000e+03
1.264328751477519148e+02 3.649163394452884859e+03
1.273403539509229319e+02 3.668280721280808848e+03
1.287205789472598383e+02 3.700000000000000000e+03
1.301940540890596480e+02 3.737528294758099491e+03
1.313181699165781708e+02 3.768825250797792251e+03
1.318486336306546605e+02 3.784427856473555948e+03
1.323603348346665314e+02 3.800000000000000000e+03
1.325164182001629172e+02 3.804853485772945078e+03
1.326708594738894078e+02 3.809704043666336020e+03
1.340437471750190070e+02 3.854979169015443404e+03
1.346856777299141754e+02 3.877521237213616132e+03
1.353014516038820716e+02 3.900000000000000000e+03
1.356004857308629141e+02 3.911225605882083528e+03
1.358937689184463125e+02 3.922435527900394845e+03
1.361815289333779333e+02 3.933629798901071808e+03
1.364639788109316783e+02 3.944808451638598854e+03
1.365784184751747148e+02 3.949392145892666576e+03
1.366353196497409783e+02 3.951683009119788494e+03
1.366920105452505823e+02 3.953973216789043363e+03
1.371352199985181528e+02 3.972149362520172872e+03
1.375660035682459181e+02 3.990284269093446710e+03
1.376795763249400011e+02 3.995143612901741562e+03
1.377923167719475543e+02 4.000000000000000000e+03
1.381000331551296085e+02 4.013422300691796409e+03
1.382516143270256634e+02 4.020124987488006354e+03
1.384017169466495716e+02 4.026822041401353090e+03
1.392007937443561616e+02 4.063495247384585582e+03
1.399603615971065551e+02 4.100000000000000000e+03
1.403260979704738247e+02 4.118170185945573394e+03
1.406832827486387032e+02 4.136298565928655080e+03
1.407099406652162088e+02 4.137666949604132242e+03
1.413071659407538050e+02 4.168895314184890594e+03
1.418817759772713885e+02 4.200000000000000000e+03
1.421605250576303092e+02 4.215474635658658372e+03
1.424341965832250025e+02 4.230918457524750920e+03
1.428100988601026984e+02 4.252544907707078892e+03
1.436065817435192002e+02 4.300000000000000000e+03
1.441839218086500409e+02 4.335839642122849909e+03
1.447392913407906576e+02 4.371510725873732554e+03
1.449561686212848599e+02 4.385768783619147143e+03
1.451698321303711054e+02 4.400000000000000000e+03
1.452736887629301634e+02 4.406984467210255389e+03
1.459120494698693733e+02 4.450902561122331463e+03
1.462207316746767560e+02 4.472764117764656476e+03
1.465227620038504597e+02 4.494561065026764481e+03
1.465600587319267447e+02 4.497281034716017530e+03
1.465972557984675859e+02 4.500000000000000000e+03
1.468534915797876579e+02 4.518901882588699664e+03
1.471050369300761815e+02 4.537754164709254837e+03
1.471275912726015918e+02 4.539459058171074503e+03
1.471501084359784386e+02 4.541163546563089767e+03
1.474180061969441056e+02 4.561628604046322835e+03
1.475499997120743387e+02 4.571839253271146845e+03
1.476155169428180898e+02 4.576939121644680199e+03
1.476481568136250075e+02 4.579487693472211504e+03
1.476807179485956567e+02 4.582035357707135518e+03
1.479084355524321097e+02 4.600000000000000000e+03
1.481897365393357404e+02 4.622554150333280631e+03
1.484279536874170731e+02 4.641974078156351425e+03
1.487779025498535930e+02 4.671047855811226327e+03
1.491186877166063596e+02 4.700000000000000000e+03
1.491329292655659060e+02 4.701223933096043766e+03
1.491471549441399702e+02 4.702447642573829398e+03
1.494480993299298746e+02 4.728604880064525787e+03
1.496437010709492483e+02 4.745886131456858493e+03
1.498363080081193175e+02 4.763122760832113272e+03
1.499198576044643687e+02 4.770668521131959096e+03
1.500028514537945341e+02 4.778205745655412102e+03
1.501671956306804248e+02 4.793254645241781873e+03
1.502037904860226547e+02 4.796628177874657922e+03
1.502402773960314732e+02 4.800000000000000000e+03
1.503707957757413567e+02 4.812129562455151245e+03
1.504355340746292882e+02 4.818185765245956645e+03
1.504677742989934472e+02 4.821211725570394265e+03
1.504999290605699969e+02 4.824236259859541860e+03
1.508979726196396314e+02 4.862230287249800313e+03
1.512831953934266664e+02 4.900000000000000000e+03
1.514692749801923242e+02 4.918608118927849318e+03
1.516524114087883675e+02 4.937160013312628507e+03
1.519580653813906110e+02 4.968660727985812628e+03
1.521078723570898887e+02 4.984350466656896970e+03
1.522557210426301140e+02 5.000000000000000000e+03
1.523280892905052042e+02 5.007720659996419272e+03
1.523999869802010778e+02 5.015431166328467953e+03
1.525423896198743137e+02 5.030821798014501837e+03
1.526250619343046537e+02 5.039830148983069193e+03
1.527071134919870019e+02 5.048824642022135777e+03
1.527477582595344074e+02 5.053300105003316276e+03
1.527882516647163698e+02 5.057772140936690448e+03
1.528084418815108165e+02 5.060006874990323922e+03
1.528285945857016088e+02 5.062240753757101629e+03
1.528386569045815691e+02 5.063357372561343254e+03
1.528487098859177991e+02 5.064473777727936067e+03
1.528587535431873903e+02 5.065589969318183648e+03
1.528637718795165483e+02 5.066147985041328866e+03
1.528687878898702479e+02 5.066705947393367751e+03
1.529149829016848230e+02 5.071854175867099912e+03
1.529609811527629688e+02 5.076997862837097273e+03
1.530069249604466108e+02 5.082152863521321706e+03
1.530526733981645009e+02 5.087303306729801989e+03
1.530983698201836205e+02 5.092465273752032772e+03
1.531211451984340215e+02 5.095044541692768689e+03
1.531438722336872047e+02 5.097622666933323671e+03
1.531628192541703584e+02 5.099775307355141194e+03
1.531647954142238177e+02 5.100000000000000000e+03
1.531993396213440519e+02 5.103933093874856240e+03
1.532337705930615073e+02 5.107863416640710057e+03
1.532592931253685720e+02 5.110783377244053554e+03
1.532847536315066463e+02 5.113701809280693851e+03
1.532974885099120002e+02 5.115163646537939712e+03
1.533102079013665957e+02 5.116625100430052953e+03
1.533229118349446480e+02 5.118086171107819609e+03
1.533356003396421556e+02 5.119546858721945682e+03
1.533454919502197811e+02 5.120686536537831671e+03
1.533553741951795359e+02 5.121825981212500665e+03
1.533652470882049101e+02 5.122965192817484422e+03
1.533701800320267523e+02 5.123534711241189143e+03
1.533751106429833158e+02 5.124104171424285596e+03
1.535391897372207950e+02 5.143175607226947250e+03
1.537007079089867148e+02 5.162181835061464881e+03
1.538597261556544140e+02 5.181123188790137647e+03
1.540163034193294607e+02 5.200000000000000000e+03
1.543181098755227083e+02 5.237037856906376874e+03
1.545698853137485855e+02 5.268613070347176290e+03
1.548152851275796138e+02 5.300000000000000000e+03
1.550509208771282488e+02 5.330725577178969615e+03
1.550637411940764991e+02 5.332414195103907332e+03
1.553057136128221032e+02 5.364619688891984879e+03
1.554368392599650974e+02 5.382341283162184482e+03
1.555660998674090365e+02 5.400000000000000000e+03
1.556249898387328585e+02 5.408108483110237103e+03
1.556834889104379727e+02 5.416203119612529008e+03
1.557993296846963744e+02 5.432350994423984048e+03
1.558566790469034800e+02 5.440404303246951713e+03
1.559136526616393326e+02 5.448443906490607333e+03
1.560264871578996235e+02 5.464482135951820965e+03
1.560886660836426358e+02 5.473386772410306548e+03
1.561503975093079362e+02 5.482274596889916211e+03
1.562725367813980597e+02 5.500000000000000000e+03
1.563278832067547057e+02 5.508094375114532340e+03
1.563828618607174690e+02 5.516174135411034513e+03
1.564917301550655679e+02 5.532289969591510271e+03
1.565456269483717335e+02 5.540326122140537336e+03
1.565991701127729812e+02 5.548347817202922670e+03
1.567052091020103717e+02 5.564347990646462677e+03
1.568224059802174679e+02 5.582209796666496004e+03
1.568803688929605755e+02 5.591113821732636097e+03
1.569091934329541118e+02 5.595559138360928046e+03
1.569379140979220324e+02 5.600000000000000000e+03
1.570323448461899147e+02 5.614737222997924619e+03
1.571240182667499141e+02 5.629272204888298802e+03
1.572522914768672422e+02 5.650000000000000000e+03
1.572833378585850710e+02 5.655086888358275246e+03
1.572987412380315959e+02 5.657621033707950119e+03
1.573064132260869599e+02 5.658885791585033076e+03
1.573102418258167745e+02 5.659517593057181330e+03
1.573140655077664860e+02 5.660149010020322748e+03
1.573144757102233768e+02 5.660216773446381922e+03
1.573210678323278842e+02 5.661306434670083945e+03
1.573243584166124833e+02 5.661850836085401170e+03
1.573260023420348546e+02 5.662122929592526816e+03
1.573276453572466380e+02 5.662394951670154114e+03
1.573503262658883273e+02 5.666158182732464411e+03
1.574452101600287222e+02 5.682067792569701851e+03
1.575011624467396416e+02 5.691577756961269188e+03
1.575287346203209609e+02 5.696299767616116696e+03
1.575560422593231067e+02 5.701000000000000000e+03
1.576355678937798075e+02 5.716005170388375518e+03
1.577140822136851170e+02 5.730947898682818050e+03
1.577227880742254911e+02 5.732612718651146679e+03
1.577314815766650327e+02 5.734276765325053020e+03
1.577404755460480885e+02 5.736000000000000000e+03
1.578306527222630393e+02 5.753372645957148961e+03
1.578681496255289289e+02 5.760647581597568205e+03
1.579020312782015765e+02 5.767247208179240261e+03
1.579212408166548016e+02 5.771000000000000000e+03
1.579606816325099885e+02 5.778745214811430742e+03
1.579645847178043141e+02 5.779515157886744419e+03
1.579866391253531219e+02 5.783877590861345197e+03
1.580298163942236442e+02 5.792477131407868910e+03
1.580583802257567072e+02 5.798209559798375267e+03
1.581279759973786554e+02 5.812324404815953130e+03
1.581702386752559164e+02 5.821000000000000000e+03
1.582284931726952095e+02 5.833090747999037376e+03
1.582360160598802850e+02 5.834663479482633193e+03
1.582397679599218918e+02 5.835448831251936099e+03
1.582416415305084740e+02 5.835841254024722730e+03
1.582435135172467255e+02 5.836233508201259610e+03
1.582513291463431528e+02 5.837872951980803009e+03
1.582552266169253130e+02 5.838691570176271853e+03
1.582571727735207219e+02 5.839100603783760562e+03
1.582581452080538327e+02 5.839305051769019883e+03
1.582591172137550188e+02 5.839509453895870138e+03
1.582792639780881814e+02 5.843756106197040936e+03
1.582852601180534293e+02 5.845023708057446129e+03
1.583405907567031363e+02 5.856801948922146948e+03
1.584063765128435648e+02 5.871000000000000000e+03
1.584532863448081059e+02 5.881256383119759448e+03
1.584991627491109512e+02 5.891395956763047252e+03
1.585658063415170318e+02 5.906322774931001732e+03
1.586303132188444351e+02 5.921000000000000000e+03
1.586566349544130503e+02 5.927055336232162517e+03
1.586826070461073641e+02 5.933068701681323546e+03
1.587335272566073741e+02 5.944971253664713913e+03
1.587831230358439143e+02 5.956711063565764562e+03
1.588131284569258810e+02 5.963885586377381514e+03
1.588426566498542627e+02 5.971000000000000000e+03
1.588945324371849210e+02 5.984097967492593853e+03
1.589458493561735395e+02 5.997145694263439509e+03
1.589827558860314980e+02 6.006585953588864868e+03
1.590193755000379952e+02 6.016000000000000000e+03
1.590468359364762989e+02 6.023090516904660944e+03
1.591052943404275766e+02 6.038274581129143371e+03
1.591456748982216141e+02 6.048834999067952594e+03
1.591919117793819396e+02 6.061000000000000000e+03
1.592340553548099251e+02 6.072156670230864620e+03
1.592758128696174822e+02 6.083276379584152892e+03
1.592971059047986273e+02 6.088971767949280547e+03
1.593182991093852365e+02 6.094657484409988683e+03
1.593603886118879700e+02 6.106000000000000000e+03
1.593810157749092014e+02 6.111583532987353465e+03
1.594015481990761600e+02 6.117157741448922025e+03
1.594423312328561906e+02 6.128278278070941269e+03
1.594631249494402709e+02 6.133973282880642728e+03
1.594838213179049262e+02 6.139658554866933628e+03
1.595044209726085569e+02 6.145334118958759063e+03
1.595146847301815001e+02 6.148168268311272186e+03
1.595249245447564022e+02 6.151000000000000000e+03
1.595844548050046683e+02 6.168475816192898492e+03
1.596438825810138837e+02 6.186000000000000000e+03
1.597028813007293593e+02 6.203475292094711222e+03
1.597617860631972917e+02 6.221000000000000000e+03
1.598119364783917717e+02 6.235981114146495202e+03
1.598453123607937414e+02 6.245982315499501055e+03
1.598786602924259341e+02 6.256000000000000000e+03
1.599076569767203182e+02 6.264730751490902549e+03
1.599366340509138809e+02 6.273474316488087425e+03
1.599655915745981929e+02 6.282230723220483014e+03
1.599945296072357337e+02 6.291000000000000000e+03
1.600274257394315214e+02 6.300991482874092981e+03
1.600602983549065357e+02 6.311000000000000000e+03
1.600870460937898088e+02 6.319161558655203407e+03
1.601004144088074099e+02 6.323246641096669919e+03
1.601137790284607831e+02 6.327334596315524323e+03
1.601257510933202184e+02 6.331000000000000000e+03
1.601384649839671397e+02 6.334896038686511019e+03
1.601511756876409436e+02 6.338794716459812662e+03
1.601638832089543882e+02 6.342696036002298570e+03
1.601702357776244412e+02 6.344647687276229590e+03
1.601765875524325224e+02 6.346600000000000364e+03
1.601896465944844863e+02 6.351300000000000182e+03
1.601961685273251987e+02 6.353650000000000546e+03
1.601994275993129691e+02 6.354825000000000728e+03
1.602026854093398640e+02 6.356000000000000000e+03
1.602194662696967953e+02 6.363500000000000000e+03
1.602278414187740339e+02 6.367250000000000000e+03
1.602320251812376455e+02 6.369125000000000000e+03
1.602341161104733942e+02 6.370062500000000000e+03
1.602362064054341886e+02 6.371000000000000000e+03
1.602382967003949830e+02 6.370062500000000000e+03
1.602403876296307033e+02 6.369125000000000000e+03
1.602445713920943149e+02 6.367250000000000000e+03
1.602529465411715535e+02 6.363500000000000000e+03
1.602697274015284847e+02 6.356000000000000000e+03
1.602729852115554081e+02 6.354825000000000728e+03
1.602762442835431784e+02 6.353650000000000546e+03
1.602827662163838625e+02 6.351300000000000182e+03
1.602958252584358547e+02 6.346600000000000364e+03
1.603021770332439360e+02 6.344647687276229590e+03
1.603085296019139605e+02 6.342696036002298570e+03
1.603212371232274336e+02 6.338794716459812662e+03
1.603339478269012375e+02 6.334896038686511019e+03
1.603466617175481588e+02 6.331000000000000000e+03
1.603586337824075940e+02 6.327334596315524323e+03
1.603719984020609672e+02 6.323246641096669919e+03
1.603853667170785684e+02 6.319161558655203407e+03
1.604121144559618415e+02 6.311000000000000000e+03
1.604449870714368558e+02 6.300991482874092981e+03
1.604778832036326151e+02 6.291000000000000000e+03
1.605068212362701843e+02 6.282230723220483014e+03
1.605357787599544963e+02 6.273474316488087425e+03
1.605647558341480590e+02 6.264730751490902549e+03
1.605937525184424430e+02 6.256000000000000000e+03
1.606271004500746358e+02 6.245982315499501055e+03
1.606604763324766054e+02 6.235981114146495202e+03
1.607106267476710570e+02 6.221000000000000000e+03
1.607695315101390179e+02 6.203475292094711222e+03
1.608285302298544650e+02 6.186000000000000000e+03
1.608879580058637089e+02 6.168475816192898492e+03
1.609474882661119750e+02 6.151000000000000000e+03
1.609577280806868771e+02 6.148168268311272186e+03
1.609679918382598203e+02 6.145334118958759063e+03
1.609885914929634509e+02 6.139658554866933628e+03
1.610092878614280778e+02 6.133973282880642728e+03
1.610300815780121866e+02 6.128278278070941269e+03
1.610708646117922171e+02 6.117157741448922025e+03
1.610913970359591758e+02 6.111583532987353465e+03
1.611120241989804072e+02 6.106000000000000000e+03
1.611541137014831406e+02 6.094657484409988683e+03
1.611753069060697499e+02 6.088971767949280547e+03
1.611965999412508950e+02 6.083276379584152892e+03
1.612383574560584520e+02 6.072156670230864620e+03
1.612805010314864376e+02 6.061000000000000000e+03
1.613267379126467347e+02 6.048834999067952594e+03
1.613671184704407722e+02 6.038274581129143371e+03
1.614255768743920498e+02 6.023090516904660944e+03
1.614530373108303820e+02 6.016000000000000000e+03
1.614896569248368507e+02 6.006585953588864868e+03
1.615265634546948093e+02 5.997145694263439509e+03
1.615778803736834561e+02 5.984097967492593853e+03
1.616297561610140860e+02 5.971000000000000000e+03
1.616592843539424962e+02 5.963885586377381514e+03
1.616892897750244629e+02 5.956711063565764562e+03
1.617388855542610031e+02 5.944971253664713913e+03
1.617898057647609846e+02 5.933068701681323546e+03
1.618157778564552984e+02 5.927055336232162517e+03
1.618420995920239420e+02 5.921000000000000000e+03
1.619066064693513454e+02 5.906322774931001732e+03
1.619732500617574260e+02 5.891395956763047252e+03
1.620191264660602428e+02 5.881256383119759448e+03
1.620660362980248124e+02 5.871000000000000000e+03
1.621318220541652408e+02 5.856801948922146948e+03
1.621871526928149478e+02 5.845023708057446129e+03
1.621931488327801958e+02 5.843756106197040936e+03
1.622132955971133583e+02 5.839509453895870138e+03
1.622142676028145161e+02 5.839305051769019883e+03
1.622152400373476553e+02 5.839100603783760562e+03
1.622171861939430642e+02 5.838691570176271853e+03
1.622210836645252243e+02 5.837872951980803009e+03
1.622288992936216232e+02 5.836233508201259610e+03
1.622307712803598747e+02 5.835841254024722730e+03
1.622326448509464853e+02 5.835448831251936099e+03
1.622363967509880922e+02 5.834663479482633193e+03
1.622439196381731392e+02 5.833090747999037376e+03
1.623021741356124608e+02 5.821000000000000000e+03
1.623444368134897218e+02 5.812324404815953130e+03
1.624140325851116700e+02 5.798209559798375267e+03
1.624425964166447329e+02 5.792477131407868910e+03
1.624857736855152552e+02 5.783877590861345197e+03
1.625078280930640631e+02 5.779515157886744419e+03
1.625117311783583887e+02 5.778745214811430742e+03
1.625511719942135471e+02 5.771000000000000000e+03
1.625703815326667723e+02 5.767247208179240261e+03
1.626042631853394482e+02 5.760647581597568205e+03
1.626417600886053094e+02 5.753372645957148961e+03
1.627319372648202886e+02 5.736000000000000000e+03
1.627409312342033445e+02 5.734276765325053020e+03
1.627496247366428861e+02 5.732612718651146679e+03
1.627583305971832601e+02 5.730947898682818050e+03
1.628368449170885697e+02 5.716005170388375518e+03
1.629163705515452421e+02 5.701000000000000000e+03
1.629436781905474163e+02 5.696299767616116696e+03
1.629712503641287356e+02 5.691577756961269188e+03
1.630272026508396266e+02 5.682067792569701851e+03
1.631220865449800215e+02 5.666158182732464411e+03
1.631447674536217107e+02 5.662394951670154114e+03
1.631464104688335226e+02 5.662122929592526816e+03
1.631480543942558938e+02 5.661850836085401170e+03
1.631513449785404646e+02 5.661306434670083945e+03
1.631579371006449719e+02 5.660216773446381922e+03
1.631583473031018627e+02 5.660149010020322748e+03
1.631621709850516027e+02 5.659517593057181330e+03
1.631659995847813889e+02 5.658885791585033076e+03
1.631736715728367528e+02 5.657621033707950119e+03
1.631890749522833062e+02 5.655086888358275246e+03
1.632201213340011350e+02 5.650000000000000000e+03
1.633483945441184346e+02 5.629272204888298802e+03
1.634400679646784624e+02 5.614737222997924619e+03
1.635344987129463163e+02 5.600000000000000000e+03
1.635632193779142654e+02 5.595559138360928046e+03
1.635920439179078016e+02 5.591113821732636097e+03
1.636500068306509093e+02 5.582209796666496004e+03
1.637672037088580055e+02 5.564347990646462677e+03
1.638732426980953960e+02 5.548347817202922670e+03
1.639267858624966152e+02 5.540326122140537336e+03
1.639806826558028092e+02 5.532289969591510271e+03
1.640895509501508798e+02 5.516174135411034513e+03
1.641445296041136430e+02 5.508094375114532340e+03
1.641998760294703175e+02 5.500000000000000000e+03
1.643220153015604126e+02 5.482274596889916211e+03
1.643837467272257413e+02 5.473386772410306548e+03
1.644459256529687536e+02 5.464482135951820965e+03
1.645587601492290446e+02 5.448443906490607333e+03
1.646157337639648972e+02 5.440404303246951713e+03
1.646730831261720027e+02 5.432350994423984048e+03
1.647889239004303761e+02 5.416203119612529008e+03
1.648474229721355186e+02 5.408108483110237103e+03
1.649063129434593122e+02 5.400000000000000000e+03
1.650355735509032513e+02 5.382341283162184482e+03
1.651666991980462740e+02 5.364619688891984879e+03
1.654086716167918780e+02 5.332414195103907332e+03
1.654214919337401000e+02 5.330725577178969615e+03
1.656571276832887634e+02 5.300000000000000000e+03
1.659025274971197632e+02 5.268613070347176290e+03
1.661543029353456404e+02 5.237037856906376874e+03
1.664561093915388881e+02 5.200000000000000000e+03
1.666126866552139347e+02 5.181123188790137647e+03
1.667717049018816624e+02 5.162181835061464881e+03
1.669332230736475537e+02 5.143175607226947250e+03
1.670973021678850330e+02 5.124104171424285596e+03
1.671022327788415964e+02 5.123534711241189143e+03
1.671071657226634670e+02 5.122965192817484422e+03
1.671170386156888128e+02 5.121825981212500665e+03
1.671269208606485677e+02 5.120686536537831671e+03
1.671368124712262215e+02 5.119546858721945682e+03
1.671495009759237291e+02 5.118086171107819609e+03
1.671622049095017815e+02 5.116625100430052953e+03
1.671749243009563770e+02 5.115163646537939712e+03
1.671876591793617308e+02 5.113701809280693851e+03
1.672131196854998052e+02 5.110783377244053554e+03
1.672386422178068415e+02 5.107863416640710057e+03
1.672730731895242968e+02 5.103933093874856240e+03
1.673076173966445594e+02 5.100000000000000000e+03
1.673095935566980188e+02 5.099775307355141194e+03
1.673285405771811440e+02 5.097622666933323671e+03
1.673512676124343272e+02 5.095044541692768689e+03
1.673740429906847567e+02 5.092465273752032772e+03
1.674197394127038478e+02 5.087303306729801989e+03
1.674654878504217663e+02 5.082152863521321706e+03
1.675114316581053799e+02 5.076997862837097273e+03
1.675574299091835258e+02 5.071854175867099912e+03
1.676036249209981293e+02 5.066705947393367751e+03
1.676086409313518288e+02 5.066147985041328866e+03
1.676136592676809869e+02 5.065589969318183648e+03
1.676237029249505497e+02 5.064473777727936067e+03
1.676337559062868081e+02 5.063357372561343254e+03
1.676438182251667683e+02 5.062240753757101629e+03
1.676639709293575606e+02 5.060006874990323922e+03
1.676841611461520074e+02 5.057772140936690448e+03
1.677246545513339697e+02 5.053300105003316276e+03
1.677652993188813753e+02 5.048824642022135777e+03
1.678473508765637234e+02 5.039830148983069193e+03
1.679300231909940635e+02 5.030821798014501837e+03
1.680724258306672709e+02 5.015431166328467953e+03
1.681443235203631446e+02 5.007720659996419272e+03
1.682166917682382632e+02 5.000000000000000000e+03
1.683645404537784884e+02 4.984350466656896970e+03
1.685143474294777661e+02 4.968660727985812628e+03
1.688200014020799813e+02 4.937160013312628507e+03
1.690031378306760530e+02 4.918608118927849318e+03
1.691892174174416823e+02 4.900000000000000000e+03
1.695744401912287458e+02 4.862230287249800313e+03
1.699724837502983519e+02 4.824236259859541860e+03
1.700046385118749015e+02 4.821211725570394265e+03
1.700368787362390890e+02 4.818185765245956645e+03
1.701016170351269921e+02 4.812129562455151245e+03
1.702321354148368755e+02 4.800000000000000000e+03
1.702686223248456940e+02 4.796628177874657922e+03
1.703052171801879240e+02 4.793254645241781873e+03
1.704695613570738146e+02 4.778205745655412102e+03
1.705525552064039800e+02 4.770668521131959096e+03
1.706361048027490597e+02 4.763122760832113272e+03
1.708287117399191004e+02 4.745886131456858493e+03
1.710243134809384742e+02 4.728604880064525787e+03
1.713252578667283785e+02 4.702447642573829398e+03
1.713394835453024712e+02 4.701223933096043766e+03
1.713537250942620176e+02 4.700000000000000000e+03
1.716945102610147558e+02 4.671047855811226327e+03
1.720444591234512757e+02 4.641974078156351425e+03
1.722826762715326083e+02 4.622554150333280631e+03
1.725639772584362390e+02 4.600000000000000000e+03
1.727916948622727205e+02 4.582035357707135518e+03
1.728242559972433696e+02 4.579487693472211504e+03
1.728568958680502590e+02 4.576939121644680199e+03
1.729224130987940100e+02 4.571839253271146845e+03
1.730544066139242432e+02 4.561628604046322835e+03
1.733223043748899102e+02 4.541163546563089767e+03
1.733448215382667854e+02 4.539459058171074503e+03
1.733673758807921956e+02 4.537754164709254837e+03
1.736189212310807193e+02 4.518901882588699664e+03
1.738751570124007912e+02 4.500000000000000000e+03
1.739123540789416325e+02 4.497281034716017530e+03
1.739496508070179175e+02 4.494561065026764481e+03
1.742516811361916211e+02 4.472764117764656476e+03
1.745603633409990039e+02 4.450902561122331463e+03
1.751987240479382137e+02 4.406984467210255389e+03
1.753025806804972717e+02 4.400000000000000000e+03
1.755162441895835173e+02 4.385768783619147143e+03
1.757331214700777196e+02 4.371510725873732554e+03
1.762884910022183362e+02 4.335839642122849909e+03
1.768658310673491769e+02 4.300000000000000000e+03
1.776623139507656788e+02 4.252544907707078892e+03
1.780382162276433746e+02 4.230918457524750920e+03
1.783118877532380395e+02 4.215474635658658372e+03
1.785906368335969887e+02 4.200000000000000000e+03
1.791652468701145438e+02 4.168895314184890594e+03
1.797624721456521399e+02 4.137666949604132242e+03
1.797891300622296740e+02 4.136298565928655080e+03
1.801463148403945524e+02 4.118170185945573394e+03
1.805120512137618221e+02 4.100000000000000000e+03
1.812716190665122156e+02 4.063495247384585582e+03
1.820706958642188056e+02 4.026822041401353090e+03
1.822207984838427137e+02 4.020124987488006354e+03
1.823723796557387686e+02 4.013422300691796409e+03
1.826800960389208228e+02 4.000000000000000000e+03
1.827928364859283761e+02 3.995143612901741562e+03
1.829064092426224306e+02 3.990284269093446710e+03
1.833371928123502244e+02 3.972149362520172872e+03
1.837804022656177949e+02 3.953973216789043363e+03
1.838370931611273704e+02 3.951683009119788494e+03
1.838939943356936055e+02 3.949392145892666576e+03
1.840084339999366989e+02 3.944808451638598854e+03
1.842908838774904154e+02 3.933629798901071808e+03
1.845786438924220363e+02 3.922435527900394845e+03
1.848719270800054346e+02 3.911225605882083528e+03
1.851709612069862771e+02 3.900000000000000000e+03
1.857867350809541449e+02 3.877521237213616132e+03
1.864286656358493133e+02 3.854979169015443404e+03
1.878015533369788841e+02 3.809704043666336020e+03
1.879559946107053747e+02 3.804853485772945078e+03
1.881120779762017889e+02 3.800000000000000000e+03
1.886237791802136314e+02 3.784427856473555948e+03
1.891542428942901211e+02 3.768825250797792251e+03
1.902783587218086154e+02 3.737528294758099491e+03
1.917518338636084536e+02 3.700000000000000000e+03
1.931320588599453458e+02 3.668280721280808848e+03
1.940395376631163629e+02 3.649163394452884859e+03
1.950203332160575371e+02 3.630000000000000000e+03
1.958431624462039053e+02 3.614999772910571210e+03
1.962734093027588358e+02 3.607499829684217730e+03
1.967176657273566320e+02 3.600000000000000000e+03
1.981975764268385944e+02 3.576775986262010065e+03
1.990093682034712970e+02 3.565164474887929828e+03
1.998821899654348044e+02 3.553553293824999400e+03
2.022232106340400719e+02 3.526775768576072096e+03
2.054444992278824884e+02 3.500000000000000000e+03
2.068197521456209813e+02 3.492023793463924903e+03
2.115117924025408627e+02 3.480000000000000000e+03
2.162038326594607156e+02 3.492023793463924903e+03
2.175790855771992085e+02 3.500000000000000000e+03
2.208003741710416250e+02 3.526775768576072096e+03
2.231413948396468925e+02 3.553553293824999400e+03
2.240142166016103999e+02 3.565164474887929828e+03
2.248260083782431025e+02 3.576775986262010065e+03
2.263059190777250649e+02 3.600000000000000000e+03
2.267501755023228895e+02 3.607499829684217730e+03
2.271804223588778200e+02 3.614999772910571210e+03
2.280032515890241598e+02 3.630000000000000000e+03
2.289840471419653340e+02 3.649163394452884859e+03
2.298915259451363511e+02 3.668280721280808848e+03
2.312717509414732433e+02 3.700000000000000000e+03
2.327452260832730815e+02 3.737528294758099491e+03
2.338693419107915759e+02 3.768825250797792251e+03
2.343998056248680655e+02 3.784427856473555948e+03
2.349115068288799080e+02 3.800000000000000000e+03
2.350675901943762938e+02 3.804853485772945078e+03
2.352220314681027844e+02 3.809704043666336020e+03
2.365949191692323836e+02 3.854979169015443404e+03
2.372368497241275520e+02 3.877521237213616132e+03
2.378526235980954198e+02 3.900000000000000000e+03
2.381516577250762623e+02 3.911225605882083528e+03
2.384449409126596606e+02 3.922435527900394845e+03
2.387327009275912815e+02 3.933629798901071808e+03
2.390151508051450264e+02 3.944808451638598854e+03
2.391295904693880630e+02 3.949392145892666576e+03
2.391864916439543265e+02 3.951683009119788494e+03
2.392431825394639020e+02 3.953973216789043363e+03
2.396863919927315010e+02 3.972149362520172872e+03
2.401171755624592663e+02 3.990284269093446710e+03
2.402307483191533208e+02 3.995143612901741562e+03
2.403434887661608741e+02 4.000000000000000000e+03
2.406512051493428999e+02 4.013422300691796409e+03
2.408027863212389832e+02 4.020124987488006354e+03
2.409528889408628913e+02 4.026822041401353090e+03
2.417519657385694813e+02 4.063495247384585582e+03
2.425115335913199033e+02 4.100000000000000000e+03
2.428772699646871729e+02 4.118170185945573394e+03
2.432344547428520229e+02 4.136298565928655080e+03
2.432611126594295570e+02 4.137666949604132242e+03
2.438583379349671532e+02 4.168895314184890594e+03
2.444329479714847366e+02 4.200000000000000000e+03
2.447116970518436574e+02 4.215474635658658372e+03
2.449853685774383223e+02 4.230918457524750920e+03
2.453612708543160181e+02 4.252544907707078892e+03
2.461577537377325200e+02 4.300000000000000000e+03
2.467350938028633323e+02 4.335839642122849909e+03
2.472904633350039774e+02 4.371510725873732554e+03
2.475073406154982081e+02 4.385768783619147143e+03
2.477210041245844536e+02 4.400000000000000000e+03
2.478248607571434832e+02 4.406984467210255389e+03
2.484632214640826930e+02 4.450902561122331463e+03
2.487719036688901042e+02 4.472764117764656476e+03
2.490739339980637794e+02 4.494561065026764481e+03
2.491112307261400645e+02 4.497281034716017530e+03
2.491484277926809341e+02 4.500000000000000000e+03
2.494046635740010061e+02 4.518901882588699664e+03
2.496562089242895297e+02 4.537754164709254837e+03
2.496787632668149399e+02 4.539459058171074503e+03
2.497012804301918152e+02 4.541163546563089767e+03
2.499691781911574253e+02 4.561628604046322835e+03
2.501011717062876869e+02 4.571839253271146845e+03
2.501666889370314379e+02 4.576939121644680199e+03
2.501993288078383273e+02 4.579487693472211504e+03
2.502318899428089480e+02 4.582035357707135518e+03
2.504596075466454295e+02 4.600000000000000000e+03
2.507409085335490602e+02 4.622554150333280631e+03
2.509791256816303928e+02 4.641974078156351425e+03
2.513290745440669127e+02 4.671047855811226327e+03
2.516698597108196509e+02 4.700000000000000000e+03
2.516841012597791973e+02 4.701223933096043766e+03
2.516983269383532900e+02 4.702447642573829398e+03
2.519992713241431659e+02 4.728604880064525787e+03
2.521948730651625397e+02 4.745886131456858493e+03
2.523874800023326088e+02 4.763122760832113272e+03
2.524710295986776600e+02 4.770668521131959096e+03
2.525540234480077970e+02 4.778205745655412102e+03
2.527183676248936877e+02 4.793254645241781873e+03
2.527549624802359176e+02 4.796628177874657922e+03
2.527914493902447077e+02 4.800000000000000000e+03
2.529219677699546196e+02 4.812129562455151245e+03
2.529867060688424942e+02 4.818185765245956645e+03
2.530189462932066817e+02 4.821211725570394265e+03
2.530511010547832313e+02 4.824236259859541860e+03
2.534491446138528659e+02 4.862230287249800313e+03
2.538343673876399293e+02 4.900000000000000000e+03
2.540204469744055586e+02 4.918608118927849318e+03
2.542035834030016019e+02 4.937160013312628507e+03
2.545092373756038455e+02 4.968660727985812628e+03
2.546590443513031232e+02 4.984350466656896970e+03
2.548068930368433485e+02 5.000000000000000000e+03
2.548792612847184387e+02 5.007720659996419272e+03
2.549511589744142839e+02 5.015431166328467953e+03
2.550935616140874913e+02 5.030821798014501837e+03
2.551762339285178598e+02 5.039830148983069193e+03
2.552582854862002080e+02 5.048824642022135777e+03
2.552989302537476135e+02 5.053300105003316276e+03
2.553394236589295758e+02 5.057772140936690448e+03
2.553596138757240226e+02 5.060006874990323922e+03
2.553797665799148149e+02 5.062240753757101629e+03
2.553898288987947751e+02 5.063357372561343254e+03
2.553998818801310335e+02 5.064473777727936067e+03
2.554099255374005963e+02 5.065589969318183648e+03
2.554149438737297828e+02 5.066147985041328866e+03
2.554199598840834540e+02 5.066705947393367751e+03
2.554661548958980575e+02 5.071854175867099912e+03
2.555121531469762033e+02 5.076997862837097273e+03
2.555580969546598169e+02 5.082152863521321706e+03
2.556038453923777354e+02 5.087303306729801989e+03
2.556495418143968550e+02 5.092465273752032772e+03
2.556723171926472844e+02 5.095044541692768689e+03
2.556950442279004676e+02 5.097622666933323671e+03
2.557139912483835928e+02 5.099775307355141194e+03
2.557159674084370522e+02 5.100000000000000000e+03
2.557505116155572864e+02 5.103933093874856240e+03
2.557849425872747133e+02 5.107863416640710057e+03
2.558104651195817780e+02 5.110783377244053554e+03
2.558359256257198524e+02 5.113701809280693851e+03
2.558486605041252346e+02 5.115163646537939712e+03
2.558613798955798302e+02 5.116625100430052953e+03
2.558740838291579109e+02 5.118086171107819609e+03
2.558867723338554185e+02 5.119546858721945682e+03
2.558966639444330440e+02 5.120686536537831671e+03
2.559065461893927704e+02 5.121825981212500665e+03
2.559164190824181162e+02 5.122965192817484422e+03
2.559213520262399868e+02 5.123534711241189143e+03
2.559262826371965502e+02 5.124104171424285596e+03
2.560903617314340295e+02 5.143175607226947250e+03
2.562518799031999492e+02 5.162181835061464881e+03
2.564108981498676485e+02 5.181123188790137647e+03
2.565674754135427520e+02 5.200000000000000000e+03
2.568692818697359712e+02 5.237037856906376874e+03
2.571210573079617916e+02 5.268613070347176290e+03
2.573664571217927914e+02 5.300000000000000000e+03
2.576020928713414833e+02 5.330725577178969615e+03
2.576149131882897336e+02 5.332414195103907332e+03
2.578568856070353377e+02 5.364619688891984879e+03
2.579880112541783888e+02 5.382341283162184482e+03
2.581172718616223278e+02 5.400000000000000000e+03
2.581761618329461498e+02 5.408108483110237103e+03
2.582346609046512640e+02 5.416203119612529008e+03
2.583505016789096089e+02 5.432350994423984048e+03
2.584078510411167144e+02 5.440404303246951713e+03
2.584648246558525670e+02 5.448443906490607333e+03
2.585776591521128580e+02 5.464482135951820965e+03
2.586398380778558703e+02 5.473386772410306548e+03
2.587015695035212275e+02 5.482274596889916211e+03
2.588237087756112942e+02 5.500000000000000000e+03
2.588790552009679686e+02 5.508094375114532340e+03
2.589340338549307035e+02 5.516174135411034513e+03
2.590429021492788024e+02 5.532289969591510271e+03
2.590967989425849964e+02 5.540326122140537336e+03
2.591503421069862156e+02 5.548347817202922670e+03
2.592563810962236062e+02 5.564347990646462677e+03
2.593735779744306456e+02 5.582209796666496004e+03
2.594315408871738100e+02 5.591113821732636097e+03
2.594603654271672895e+02 5.595559138360928046e+03
2.594890860921352669e+02 5.600000000000000000e+03
2.595835168404031492e+02 5.614737222997924619e+03
2.596751902609631202e+02 5.629272204888298802e+03
2.598034634710804767e+02 5.650000000000000000e+03
2.598345098527983055e+02 5.655086888358275246e+03
2.598499132322448304e+02 5.657621033707950119e+03
2.598575852203001659e+02 5.658885791585033076e+03
2.598614138200300090e+02 5.659517593057181330e+03
2.598652375019797205e+02 5.660149010020322748e+03
2.598656477044365829e+02 5.660216773446381922e+03
2.598722398265410902e+02 5.661306434670083945e+03
2.598755304108257178e+02 5.661850836085401170e+03
2.598771743362480606e+02 5.662122929592526816e+03
2.598788173514598157e+02 5.662394951670154114e+03
2.599014982601015618e+02 5.666158182732464411e+03
2.599963821542419282e+02 5.682067792569701851e+03
2.600523344409529045e+02 5.691577756961269188e+03
2.600799066145341953e+02 5.696299767616116696e+03
2.601072142535363696e+02 5.701000000000000000e+03
2.601345218925385439e+02 5.696299767616116696e+03
2.601620940661198347e+02 5.691577756961269188e+03
2.602180463528307541e+02 5.682067792569701851e+03
2.603129302469711774e+02 5.666158182732464411e+03
2.603356111556128667e+02 5.662394951670154114e+03
2.603372541708246217e+02 5.662122929592526816e+03
2.603388980962470214e+02 5.661850836085401170e+03
2.603421886805316490e+02 5.661306434670083945e+03
2.603487808026361563e+02 5.660216773446381922e+03
2.603491910050929619e+02 5.660149010020322748e+03
2.603530146870427302e+02 5.659517593057181330e+03
2.603568432867725733e+02 5.658885791585033076e+03
2.603645152748279088e+02 5.657621033707950119e+03
2.603799186542744337e+02 5.655086888358275246e+03
2.604109650359922625e+02 5.650000000000000000e+03
2.605392382461095622e+02 5.629272204888298802e+03
2.606309116666695900e+02 5.614737222997924619e+03
2.607253424149374723e+02 5.600000000000000000e+03
2.607540630799053929e+02 5.595559138360928046e+03
2.607828876198989292e+02 5.591113821732636097e+03
2.608408505326420368e+02 5.582209796666496004e+03
2.609580474108491330e+02 5.564347990646462677e+03
2.610640864000865236e+02 5.548347817202922670e+03
2.611176295644877428e+02 5.540326122140537336e+03
2.611715263577939368e+02 5.532289969591510271e+03
2.612803946521420357e+02 5.516174135411034513e+03
2.613353733061047706e+02 5.508094375114532340e+03
2.613907197314614450e+02 5.500000000000000000e+03
2.615128590035515117e+02 5.482274596889916211e+03
2.615745904292168689e+02 5.473386772410306548e+03
2.616367693549598243e+02 5.464482135951820965e+03
2.617496038512201153e+02 5.448443906490607333e+03
2.618065774659560248e+02 5.440404303246951713e+03
2.618639268281630734e+02 5.432350994423984048e+03
2.619797676024214752e+02 5.416203119612529008e+03
2.620382666741265894e+02 5.408108483110237103e+03
2.620971566454503545e+02 5.400000000000000000e+03
2.622264172528943504e+02 5.382341283162184482e+03
2.623575429000374015e+02 5.364619688891984879e+03
2.625995153187830056e+02 5.332414195103907332e+03
2.626123356357312559e+02 5.330725577178969615e+03
2.628479713852798909e+02 5.300000000000000000e+03
2.630933711991108908e+02 5.268613070347176290e+03
2.633451466373367680e+02 5.237037856906376874e+03
2.636469530935299872e+02 5.200000000000000000e+03
2.638035303572050907e+02 5.181123188790137647e+03
2.639625486038727331e+02 5.162181835061464881e+03
2.641240667756386529e+02 5.143175607226947250e+03
2.642881458698761890e+02 5.124104171424285596e+03
2.642930764808327240e+02 5.123534711241189143e+03
2.642980094246546514e+02 5.122965192817484422e+03
2.643078823176799688e+02 5.121825981212500665e+03
2.643177645626396952e+02 5.120686536537831671e+03
2.643276561732172922e+02 5.119546858721945682e+03
2.643403446779147998e+02 5.118086171107819609e+03
2.643530486114929090e+02 5.116625100430052953e+03
2.643657680029474477e+02 5.115163646537939712e+03
2.643785028813528584e+02 5.113701809280693851e+03
2.644039633874909896e+02 5.110783377244053554e+03
2.644294859197980259e+02 5.107863416640710057e+03
2.644639168915153959e+02 5.103933093874856240e+03
2.644984610986356302e+02 5.100000000000000000e+03
2.645004372586890895e+02 5.099775307355141194e+03
2.645193842791722432e+02 5.097622666933323671e+03
2.645421113144254264e+02 5.095044541692768689e+03
2.645648866926758274e+02 5.092465273752032772e+03
2.646105831146949754e+02 5.087303306729801989e+03
2.646563315524128939e+02 5.082152863521321706e+03
2.647022753600965643e+02 5.076997862837097273e+03
2.647482736111746817e+02 5.071854175867099912e+03
2.647944686229892568e+02 5.066705947393367751e+03
2.647994846333428995e+02 5.066147985041328866e+03
2.648045029696721144e+02 5.065589969318183648e+03
2.648145466269417057e+02 5.064473777727936067e+03
2.648245996082779357e+02 5.063357372561343254e+03
2.648346619271579243e+02 5.062240753757101629e+03
2.648548146313486882e+02 5.060006874990323922e+03
2.648750048481431350e+02 5.057772140936690448e+03
2.649154982533250973e+02 5.053300105003316276e+03
2.649561430208725596e+02 5.048824642022135777e+03
2.650381945785548510e+02 5.039830148983069193e+03
2.651208668929851910e+02 5.030821798014501837e+03
2.652632695326584553e+02 5.015431166328467953e+03
2.653351672223542437e+02 5.007720659996419272e+03
2.654075354702293907e+02 5.000000000000000000e+03
2.655553841557696160e+02 4.984350466656896970e+03
2.657051911314688937e+02 4.968660727985812628e+03
2.660108451040711088e+02 4.937160013312628507e+03
2.661939815326671805e+02 4.918608118927849318e+03
2.663800611194328098e+02 4.900000000000000000e+03
2.667652838932198733e+02 4.862230287249800313e+03
2.671633274522895363e+02 4.824236259859541860e+03
2.671954822138660575e+02 4.821211725570394265e+03
2.672277224382302165e+02 4.818185765245956645e+03
2.672924607371181196e+02 4.812129562455151245e+03
2.674229791168280030e+02 4.800000000000000000e+03
2.674594660268368216e+02 4.796628177874657922e+03
2.674960608821790515e+02 4.793254645241781873e+03
2.676604050590649422e+02 4.778205745655412102e+03
2.677433989083950792e+02 4.770668521131959096e+03
2.678269485047401304e+02 4.763122760832113272e+03
2.680195554419101427e+02 4.745886131456858493e+03
2.682151571829296017e+02 4.728604880064525787e+03
2.685161015687194777e+02 4.702447642573829398e+03
2.685303272472934850e+02 4.701223933096043766e+03
2.685445687962530883e+02 4.700000000000000000e+03
2.688853539630057981e+02 4.671047855811226327e+03
2.692353028254423180e+02 4.641974078156351425e+03
2.694735199735236506e+02 4.622554150333280631e+03
2.697548209604273097e+02 4.600000000000000000e+03
2.699825385642637912e+02 4.582035357707135518e+03
2.700150996992343835e+02 4.579487693472211504e+03
2.700477395700412444e+02 4.576939121644680199e+03
2.701132568007850523e+02 4.571839253271146845e+03
2.702452503159153139e+02 4.561628604046322835e+03
2.705131480768809524e+02 4.541163546563089767e+03
2.705356652402577993e+02 4.539459058171074503e+03
2.705582195827831811e+02 4.537754164709254837e+03
2.708097649330717331e+02 4.518901882588699664e+03
2.710660007143918051e+02 4.500000000000000000e+03
2.711031977809326463e+02 4.497281034716017530e+03
2.711404945090089313e+02 4.494561065026764481e+03
2.714425248381826350e+02 4.472764117764656476e+03
2.717512070429900177e+02 4.450902561122331463e+03
2.723895677499292560e+02 4.406984467210255389e+03
2.724934243824882856e+02 4.400000000000000000e+03
2.727070878915745311e+02 4.385768783619147143e+03
2.729239651720687334e+02 4.371510725873732554e+03
2.734793347042093501e+02 4.335839642122849909e+03
2.740566747693401908e+02 4.300000000000000000e+03
2.748531576527566926e+02 4.252544907707078892e+03
2.752290599296343885e+02 4.230918457524750920e+03
2.755027314552290818e+02 4.215474635658658372e+03
2.757814805355880026e+02 4.200000000000000000e+03
2.763560905721055860e+02 4.168895314184890594e+03
2.769533158476431254e+02 4.137666949604132242e+03
2.769799737642206878e+02 4.136298565928655080e+03
2.773371585423855663e+02 4.118170185945573394e+03
2.777028949157528359e+02 4.100000000000000000e+03
2.784624627685032010e+02 4.063495247384585582e+03
2.792615395662098194e+02 4.026822041401353090e+03
2.794116421858337844e+02 4.020124987488006354e+03
2.795632233577298393e+02 4.013422300691796409e+03
2.798709397409118651e+02 4.000000000000000000e+03
2.799836801879193899e+02 3.995143612901741562e+03
2.800972529446135013e+02 3.990284269093446710e+03
2.805280365143412382e+02 3.972149362520172872e+03
2.809712459676088088e+02 3.953973216789043363e+03
2.810279368631183843e+02 3.951683009119788494e+03
2.810848380376846762e+02 3.949392145892666576e+03
2.811992777019277128e+02 3.944808451638598854e+03
2.814817275794814577e+02 3.933629798901071808e+03
2.817694875944130217e+02 3.922435527900394845e+03
2.820627707819964485e+02 3.911225605882083528e+03
2.823618049089773194e+02 3.900000000000000000e+03
2.829775787829452156e+02 3.877521237213616132e+03
2.836195093378403271e+02 3.854979169015443404e+03
2.849923970389698979e+02 3.809704043666336020e+03
2.851468383126964454e+02 3.804853485772945078e+03
2.853029216781927744e+02 3.800000000000000000e+03
2.858146228822046169e+02 3.784427856473555948e+03
2.863450865962811349e+02 3.768825250797792251e+03
2.874692024237996293e+02 3.737528294758099491e+03
2.889426775655994675e+02 3.700000000000000000e+03
2.903229025619364165e+02 3.668280721280808848e+03
2.912303813651074051e+02 3.649163394452884859e+03
2.922111769180485226e+02 3.630000000000000000e+03
2.930340061481949760e+02 3.614999772910571210e+03
2.934642530047499349e+02 3.607499829684217730e+03
2.939085094293477596e+02 3.600000000000000000e+03
2.953884201288296936e+02 3.576775986262010065e+03
2.962002119054624245e+02 3.565164474887929828e+03
2.970730336674259320e+02 3.553553293824999400e+03
2.994140543360311995e+02 3.526775768576072096e+03
3.026353429298736160e+02 3.500000000000000000e+03
3.040105958476120804e+02 3.492023793463924903e+03
3.087026361045319618e+02 3.480000000000000000e+03
3.133946763614519000e+02 3.492023793463924903e+03
3.147699292791903645e+02 3.500000000000000000e+03
3.179912178730328378e+02 3.526775768576072096e+03
3.203322385416380484e+02 3.553553293824999400e+03
3.212050603036016128e+02 3.565164474887929828e+03
3.220168520802342869e+02 3.576775986262010065e+03
3.234967627797162777e+02 3.600000000000000000e+03
3.239410192043141024e+02 3.607499829684217730e+03
3.243712660608690612e+02 3.614999772910571210e+03
3.251940952910154579e+02 3.630000000000000000e+03
3.261748908439565753e+02 3.649163394452884859e+03
3.270823696471276207e+02 3.668280721280808848e+03
3.284625946434645698e+02 3.700000000000000000e+03
3.299360697852643511e+02 3.737528294758099491e+03
3.310601856127828455e+02 3.768825250797792251e+03
3.315906493268593636e+02 3.784427856473555948e+03
3.321023505308711492e+02 3.800000000000000000e+03
3.322584338963675918e+02 3.804853485772945078e+03
3.324128751700940825e+02 3.809704043666336020e+03
3.337857628712237101e+02 3.854979169015443404e+03
3.344276934261188217e+02 3.877521237213616132e+03
3.350434673000867178e+02 3.900000000000000000e+03
3.353425014270675888e+02 3.911225605882083528e+03
3.356357846146510155e+02 3.922435527900394845e+03
3.359235446295826364e+02 3.933629798901071808e+03
3.362059945071363245e+02 3.944808451638598854e+03
3.363204341713793610e+02 3.949392145892666576e+03
3.363773353459455961e+02 3.951683009119788494e+03
3.364340262414551717e+02 3.953973216789043363e+03
3.368772356947227422e+02 3.972149362520172872e+03
3.373080192644505360e+02 3.990284269093446710e+03
3.374215920211445905e+02 3.995143612901741562e+03
3.375343324681521722e+02 4.000000000000000000e+03
3.378420488513341979e+02 4.013422300691796409e+03
3.379936300232302528e+02 4.020124987488006354e+03
3.381437326428541610e+02 4.026822041401353090e+03
3.389428094405607794e+02 4.063495247384585582e+03
3.397023772933112014e+02 4.100000000000000000e+03
3.400681136666784141e+02 4.118170185945573394e+03
3.404252984448432926e+02 4.136298565928655080e+03
3.404519563614208550e+02 4.137666949604132242e+03
3.410491816369583944e+02 4.168895314184890594e+03
3.416237916734759779e+02 4.200000000000000000e+03
3.419025407538348986e+02 4.215474635658658372e+03
3.421762122794295919e+02 4.230918457524750920e+03
3.425521145563072878e+02 4.252544907707078892e+03
3.433485974397237896e+02 4.300000000000000000e+03
3.439259375048546303e+02 4.335839642122849909e+03
3.444813070369952470e+02 4.371510725873732554e+03
3.446981843174894493e+02 4.385768783619147143e+03
3.449118478265756949e+02 4.400000000000000000e+03
3.450157044591347812e+02 4.406984467210255389e+03
3.456540651660740195e+02 4.450902561122331463e+03
3.459627473708814023e+02 4.472764117764656476e+03
3.462647777000551059e+02 4.494561065026764481e+03
3.463020744281313910e+02 4.497281034716017530e+03
3.463392714946722322e+02 4.500000000000000000e+03
3.465955072759923041e+02 4.518901882588699664e+03
3.468470526262808562e+02 4.537754164709254837e+03
3.468696069688062380e+02 4.539459058171074503e+03
3.468921241321830848e+02 4.541163546563089767e+03
3.471600218931487802e+02 4.561628604046322835e+03
3.472920154082789850e+02 4.571839253271146845e+03
3.473575326390227360e+02 4.576939121644680199e+03
3.473901725098296538e+02 4.579487693472211504e+03
3.474227336448003030e+02 4.582035357707135518e+03
3.476504512486367844e+02 4.600000000000000000e+03
3.479317522355404435e+02 4.622554150333280631e+03
3.481699693836218330e+02 4.641974078156351425e+03
3.485199182460583529e+02 4.671047855811226327e+03
3.488607034128111195e+02 4.700000000000000000e+03
3.488749449617706091e+02 4.701223933096043766e+03
3.488891706403447301e+02 4.702447642573829398e+03
3.491901150261346061e+02 4.728604880064525787e+03
3.493857167671540083e+02 4.745886131456858493e+03
3.495783237043240206e+02 4.763122760832113272e+03
3.496618733006690718e+02 4.770668521131959096e+03
3.497448671499992088e+02 4.778205745655412102e+03
3.499092113268850994e+02 4.793254645241781873e+03
3.499458061822273294e+02 4.796628177874657922e+03
3.499822930922361479e+02 4.800000000000000000e+03
3.501128114719460314e+02 4.812129562455151245e+03
3.501775497708339344e+02 4.818185765245956645e+03
3.502097899951981503e+02 4.821211725570394265e+03
3.502419447567747284e+02 4.824236259859541860e+03
3.506399883158443345e+02 4.862230287249800313e+03
3.510252110896313980e+02 4.900000000000000000e+03
3.512112906763970273e+02 4.918608118927849318e+03
3.513944271049930990e+02 4.937160013312628507e+03
3.517000810775953141e+02 4.968660727985812628e+03
3.518498880532946487e+02 4.984350466656896970e+03
3.519977367388348739e+02 5.000000000000000000e+03
3.520701049867099641e+02 5.007720659996419272e+03
3.521420026764058093e+02 5.015431166328467953e+03
3.522844053160790168e+02 5.030821798014501837e+03
3.523670776305094137e+02 5.039830148983069193e+03
3.524491291881917618e+02 5.048824642022135777e+03
3.524897739557391674e+02 5.053300105003316276e+03
3.525302673609211297e+02 5.057772140936690448e+03
3.525504575777155765e+02 5.060006874990323922e+03
3.525706102819063403e+02 5.062240753757101629e+03
3.525806726007863290e+02 5.063357372561343254e+03
3.525907255821225590e+02 5.064473777727936067e+03
3.526007692393920934e+02 5.065589969318183648e+03
3.526057875757212514e+02 5.066147985041328866e+03
3.526108035860748942e+02 5.066705947393367751e+03
3.526569985978895261e+02 5.071854175867099912e+03
3.527029968489676435e+02 5.076997862837097273e+03
3.527489406566512571e+02 5.082152863521321706e+03
3.527946890943691187e+02 5.087303306729801989e+03
3.528403855163882668e+02 5.092465273752032772e+03
3.528631608946387246e+02 5.095044541692768689e+03
3.528858879298919078e+02 5.097622666933323671e+03
3.529048349503750615e+02 5.099775307355141194e+03
3.529068111104285208e+02 5.100000000000000000e+03
3.529413553175488119e+02 5.103933093874856240e+03
3.529757862892662388e+02 5.107863416640710057e+03
3.530013088215732751e+02 5.110783377244053554e+03
3.530267693277113494e+02 5.113701809280693851e+03
3.530395042061167032e+02 5.115163646537939712e+03
3.530522235975712988e+02 5.116625100430052953e+03
3.530649275311494080e+02 5.118086171107819609e+03
3.530776160358468587e+02 5.119546858721945682e+03
3.530875076464244557e+02 5.120686536537831671e+03
3.530973898913841822e+02 5.121825981212500665e+03
3.531072627844095564e+02 5.122965192817484422e+03
3.531121957282314270e+02 5.123534711241189143e+03
3.531171263391880188e+02 5.124104171424285596e+03
3.532812054334254412e+02 5.143175607226947250e+03
3.534427236051913610e+02 5.162181835061464881e+03
3.536017418518591171e+02 5.181123188790137647e+03
3.537583191155341069e+02 5.200000000000000000e+03
3.540601255717273261e+02 5.237037856906376874e+03
3.543119010099532034e+02 5.268613070347176290e+03
3.545573008237842032e+02 5.300000000000000000e+03
3.547929365733328950e+02 5.330725577178969615e+03
3.548057568902810885e+02 5.332414195103907332e+03
3.550477293090267494e+02 5.364619688891984879e+03
3.551788549561697437e+02 5.382341283162184482e+03
3.553081155636136828e+02 5.400000000000000000e+03
3.553670055349375048e+02 5.408108483110237103e+03
3.554255046066426189e+02 5.416203119612529008e+03
3.555413453809010207e+02 5.432350994423984048e+03
3.555986947431081262e+02 5.440404303246951713e+03
3.556556683578439788e+02 5.448443906490607333e+03
3.557685028541042129e+02 5.464482135951820965e+03
3.558306817798472252e+02 5.473386772410306548e+03
3.558924132055125256e+02 5.482274596889916211e+03
3.560145524776026491e+02 5.500000000000000000e+03
3.560698989029593236e+02 5.508094375114532340e+03
3.561248775569221152e+02 5.516174135411034513e+03
3.562337458512702142e+02 5.532289969591510271e+03
3.562876426445763514e+02 5.540326122140537336e+03
3.563411858089775706e+02 5.548347817202922670e+03
3.564472247982149611e+02 5.564347990646462677e+03
3.565644216764220005e+02 5.582209796666496004e+03
3.566223845891651649e+02 5.591113821732636097e+03
3.566512091291587012e+02 5.595559138360928046e+03
3.566799297941266786e+02 5.600000000000000000e+03
3.567743605423945610e+02 5.614737222997924619e+03
3.568660339629545319e+02 5.629272204888298802e+03
3.569943071730718316e+02 5.650000000000000000e+03
3.570253535547896604e+02 5.655086888358275246e+03
3.570407569342362422e+02 5.657621033707950119e+03
3.570484289222915777e+02 5.658885791585033076e+03
3.570522575220213639e+02 5.659517593057181330e+03
3.570560812039711323e+02 5.660149010020322748e+03
3.570564914064279947e+02 5.660216773446381922e+03
3.570630835285325020e+02 5.661306434670083945e+03
3.570663741128171296e+02 5.661850836085401170e+03
3.570680180382394724e+02 5.662122929592526816e+03
3.570696610534512843e+02 5.662394951670154114e+03
3.570923419620929735e+02 5.666158182732464411e+03
3.571872258562333400e+02 5.682067792569701851e+03
3.572431781429442594e+02 5.691577756961269188e+03
3.572707503165255503e+02 5.696299767616116696e+03
3.572980579555276677e+02 5.701000000000000000e+03
3.573775835899843969e+02 5.716005170388375518e+03
3.574560979098897064e+02 5.730947898682818050e+03
3.574648037704300236e+02 5.732612718651146679e+03
3.574734972728695652e+02 5.734276765325053020e+03
3.574824912422526495e+02 5.736000000000000000e+03
3.575726684184675719e+02 5.753372645957148961e+03
3.576101653217334615e+02 5.760647581597568205e+03
3.576440469744061375e+02 5.767247208179240261e+03
3.576632565128593910e+02 5.771000000000000000e+03
3.577026973287145779e+02 5.778745214811430742e+03
3.577066004140089035e+02 5.779515157886744419e+03
3.577286548215576545e+02 5.783877590861345197e+03
3.577718320904281768e+02 5.792477131407868910e+03
3.578003959219612398e+02 5.798209559798375267e+03
3.578699916935831880e+02 5.812324404815953130e+03
3.579122543714604490e+02 5.821000000000000000e+03
3.579705088688997421e+02 5.833090747999037376e+03
3.579780317560848175e+02 5.834663479482633193e+03
3.579817836561264244e+02 5.835448831251936099e+03
3.579836572267130350e+02 5.835841254024722730e+03
3.579855292134512297e+02 5.836233508201259610e+03
3.579933448425476286e+02 5.837872951980803009e+03
3.579972423131297887e+02 5.838691570176271853e+03
3.579991884697251976e+02 5.839100603783760562e+03
3.580001609042583368e+02 5.839305051769019883e+03
3.580011329099594946e+02 5.839509453895870138e+03
3.580212796742927139e+02 5.843756106197040936e+03
3.580272758142579050e+02 5.845023708057446129e+03
3.580826064529076120e+02 5.856801948922146948e+03
3.581483922090480974e+02 5.871000000000000000e+03
3.581953020410126669e+02 5.881256383119759448e+03
3.582411784453154837e+02 5.891395956763047252e+03
3.583078220377215644e+02 5.906322774931001732e+03
3.583723289150489677e+02 5.921000000000000000e+03
3.583986506506175829e+02 5.927055336232162517e+03
3.584246227423118967e+02 5.933068701681323546e+03
3.584755429528119066e+02 5.944971253664713913e+03
3.585251387320484469e+02 5.956711063565764562e+03
3.585551441531304135e+02 5.963885586377381514e+03
3.585846723460588237e+02 5.971000000000000000e+03
3.586365481333894536e+02 5.984097967492593853e+03
3.586878650523781289e+02 5.997145694263439509e+03
3.587247715822360306e+02 6.006585953588864868e+03
3.587613911962425277e+02 6.016000000000000000e+03
3.587888516326808030e+02 6.023090516904660944e+03
3.588473100366321660e+02 6.038274581129143371e+03
3.588876905944262035e+02 6.048834999067952594e+03
3.589339274755864722e+02 6.061000000000000000e+03
3.589760710510144577e+02 6.072156670230864620e+03
3.590178285658220148e+02 6.083276379584152892e+03
3.590391216010032167e+02 6.088971767949280547e+03
3.590603148055898259e+02 6.094657484409988683e+03
3.591024043080925594e+02 6.106000000000000000e+03
3.591230314711137908e+02 6.111583532987353465e+03
3.591435638952807494e+02 6.117157741448922025e+03
3.591843469290607800e+02 6.128278278070941269e+03
3.592051406456448603e+02 6.133973282880642728e+03
3.592258370141095156e+02 6.139658554866933628e+03
3.592464366688130895e+02 6.145334118958759063e+03
3.592567004263860895e+02 6.148168268311272186e+03
3.592669402409609347e+02 6.151000000000000000e+03
3.593264705012092008e+02 6.168475816192898492e+03
3.593858982772184163e+02 6.186000000000000000e+03
3.594448969969338918e+02 6.203475292094711222e+03
3.595038017594018243e+02 6.221000000000000000e+03
3.595539521745963043e+02 6.235981114146495202e+03
3.595873280569982740e+02 6.245982315499501055e+03
3.596206759886305235e+02 6.256000000000000000e+03
3.596496726729249076e+02 6.264730751490902549e+03
3.596786497471184703e+02 6.273474316488087425e+03
3.597076072708027823e+02 6.282230723220483014e+03
3.597365453034403231e+02 6.291000000000000000e+03
3.597694414356360539e+02 6.300991482874092981e+03
3.598023140511110682e+02 6.311000000000000000e+03
3.598290617899943413e+02 6.319161558655203407e+03
3.598424301050119425e+02 6.323246641096669919e+03
3.598557947246653725e+02 6.327334596315524323e+03
3.598677667895248078e+02 6.331000000000000000e+03
3.598804806801717291e+02 6.334896038686511019e+03
3.598931913838455330e+02 6.338794716459812662e+03
3.599058989051589492e+02 6.342696036002298570e+03
3.599122514738289738e+02 6.344647687276229590e+03
3.599186032486371118e+02 6.346600000000000364e+03
3.599316622906890757e+02 6.351300000000000182e+03
3.599381842235297313e+02 6.353650000000000546e+03
3.599414432955175585e+02 6.354825000000000728e+03
3.599447011055444250e+02 6.356000000000000000e+03
3.599614819659013847e+02 6.363500000000000000e+03
3.599698571149785948e+02 6.367250000000000000e+03
3.599740408774422349e+02 6.369125000000000000e+03
3.599761318066779268e+02 6.370062500000000000e+03
3.599782221016387211e+02 6.371000000000000000e+03
