6.000000000000000000e+01 5.771000000000000000e+03
6.000732794450526342e+01 5.767247208179240261e+03
6.002024814887263915e+01 5.760647581597568205e+03
6.003453985635374579e+01 5.753372645957148961e+03
6.006887966036652671e+01 5.736000000000000000e+03
6.007230221655459701e+01 5.734276765325053020e+03
6.007561002246388426e+01 5.732612718651146679e+03
6.007892212561691281e+01 5.730947898682818050e+03
6.010877420091813406e+01 5.716005170388375518e+03
6.013897707490029632e+01 5.701000000000000000e+03
6.014916216975588981e+01 5.696299767616116696e+03
6.015943661579961343e+01 5.691577756961269188e+03
6.018025777334359105e+01 5.682067792569701851e+03
6.021547785589961421e+01 5.666158182732464411e+03
6.022388026791659144e+01 5.662394951670154114e+03
6.022448869416494688e+01 5.662122929592526816e+03
6.022509742390487020e+01 5.661850836085401170e+03
6.022631579466815310e+01 5.661306434670083945e+03
6.022875618702187239e+01 5.660216773446381922e+03
6.022890802541765964e+01 5.660149010020322748e+03
6.023032327889810489e+01 5.659517593057181330e+03
6.023174017044790673e+01 5.658885791585033076e+03
6.023457887788990917e+01 5.657621033707950119e+03
6.024027606164428761e+01 5.655086888358275246e+03
6.025175008085681583e+01 5.650000000000000000e+03
6.029902940580943493e+01 5.629272204888298802e+03
6.033269220809208377e+01 5.614737222997924619e+03
6.036725683251325592e+01 5.600000000000000000e+03
6.037775000299182437e+01 5.595559138360928046e+03
6.038827639721631613e+01 5.591113821732636097e+03
6.040942943922473063e+01 5.582209796666496004e+03
6.045214067115613688e+01 5.564347990646462677e+03
6.049071758659324161e+01 5.548347817202922670e+03
6.051017195233423962e+01 5.540326122140537336e+03
6.052973809396613092e+01 5.532289969591510271e+03
6.056920927082792616e+01 5.516174135411034513e+03
6.058911614566726200e+01 5.508094375114532340e+03
6.060913843149446478e+01 5.500000000000000000e+03
6.065326147127868950e+01 5.482274596889916211e+03
6.067552946116163781e+01 5.473386772410306548e+03
6.069793668737245440e+01 5.464482135951820965e+03
6.073854149291526738e+01 5.448443906490607333e+03
6.075901610082791393e+01 5.440404303246951713e+03
6.077960671420508021e+01 5.432350994423984048e+03
6.082113961876373054e+01 5.416203119612529008e+03
6.084208379739603600e+01 5.408108483110237103e+03
6.086314771269586288e+01 5.400000000000000000e+03
6.090931147901365250e+01 5.382341283162184482e+03
6.095604250485958175e+01 5.364619688891984879e+03
6.104201486692136314e+01 5.332414195103907332e+03
6.104656035323690588e+01 5.330725577178969615e+03
6.112993392936409975e+01 5.300000000000000000e+03
6.121641644512924785e+01 5.268613070347176290e+03
6.130477905979778086e+01 5.237037856906376874e+03
6.141020692936005076e+01 5.200000000000000000e+03
6.146469030988897231e+01 5.181123188790137647e+03
6.151987487478204031e+01 5.162181835061464881e+03
6.157577338575885051e+01 5.143175607226947250e+03
6.163239890986051961e+01 5.124104171424285596e+03
6.163409802537635329e+01 5.123534711241189143e+03
6.163579779902206468e+01 5.122965192817484422e+03
6.163919932213170227e+01 5.121825981212500665e+03
6.164260348207183426e+01 5.120686536537831671e+03
6.164601028172138797e+01 5.119546858721945682e+03
6.165037950881561102e+01 5.118086171107819609e+03
6.165475308086903539e+01 5.116625100430052953e+03
6.165913100396830515e+01 5.115163646537939712e+03
6.166351328421122702e+01 5.113701809280693851e+03
6.167227173992295519e+01 5.110783377244053554e+03
6.168104762114624151e+01 5.107863416640710057e+03
6.169288044429120532e+01 5.103933093874856240e+03
6.170474500755373271e+01 5.100000000000000000e+03
6.170542352270442876e+01 5.099775307355141194e+03
6.171192780787931298e+01 5.097622666933323671e+03
6.171972690635040237e+01 5.095044541692768689e+03
6.172753950628894160e+01 5.092465273752032772e+03
6.174320534198560040e+01 5.087303306729801989e+03
6.175887651898795383e+01 5.082152863521321706e+03
6.177460202520487798e+01 5.076997862837097273e+03
6.179033350500921529e+01 5.071854175867099912e+03
6.180611951025491635e+01 5.066705947393367751e+03
6.180783283718064780e+01 5.066147985041328866e+03
6.180954680741563578e+01 5.065589969318183648e+03
6.181297667917061034e+01 5.064473777727936067e+03
6.181640912825751144e+01 5.063357372561343254e+03
6.181984415741082728e+01 5.062240753757101629e+03
6.182672196681792798e+01 5.060006874990323922e+03
6.183361012939992918e+01 5.057772140936690448e+03
6.184741760175371184e+01 5.053300105003316276e+03
6.186126675176495127e+01 5.048824642022135777e+03
6.188919432923632513e+01 5.039830148983069193e+03
6.191729202488228623e+01 5.030821798014501837e+03
6.196559299845478108e+01 5.015431166328467953e+03
6.198993283415250488e+01 5.007720659996419272e+03
6.201440014158062297e+01 5.000000000000000000e+03
6.206428820996451634e+01 4.984350466656896970e+03
6.211470182678981189e+01 4.968660727985812628e+03
6.221713719214131544e+01 4.937160013312628507e+03
6.227823796513145282e+01 4.918608118927849318e+03
6.234010859971332508e+01 4.900000000000000000e+03
6.246751432615619137e+01 4.862230287249800313e+03
6.259819282063623547e+01 4.824236259859541860e+03
6.260870603506310061e+01 4.821211725570394265e+03
6.261924067621978196e+01 4.818185765245956645e+03
6.264037448635336602e+01 4.812129562455151245e+03
6.268290196807771508e+01 4.800000000000000000e+03
6.269477149970521168e+01 4.796628177874657922e+03
6.270666777087634358e+01 4.793254645241781873e+03
6.275998922157674542e+01 4.778205745655412102e+03
6.278685197923610417e+01 4.770668521131959096e+03
6.281385071440553247e+01 4.763122760832113272e+03
6.287592259889355262e+01 4.745886131456858493e+03
6.293871833465558296e+01 4.728604880064525787e+03
6.303485556379416721e+01 4.702447642573829398e+03
6.303938558565344863e+01 4.701223933096043766e+03
6.304391935624698107e+01 4.700000000000000000e+03
6.315202007727899058e+01 4.671047855811226327e+03
6.326224868116980105e+01 4.641974078156351425e+03
6.333682846639030828e+01 4.622554150333280631e+03
6.342441882252404639e+01 4.600000000000000000e+03
6.349494435135351722e+01 4.582035357707135518e+03
6.350500090790470864e+01 4.579487693472211504e+03
6.351507477990359263e+01 4.576939121644680199e+03
6.353527464073450659e+01 4.571839253271146845e+03
6.357588403315648407e+01 4.561628604046322835e+03
6.365795124745309153e+01 4.541163546563089767e+03
6.366482737229011946e+01 4.539459058171074503e+03
6.367171146450953501e+01 4.537754164709254837e+03
6.374825860894704732e+01 4.518901882588699664e+03
6.382579690106236825e+01 4.500000000000000000e+03
6.383701620220125506e+01 4.497281034716017530e+03
6.384825623688060858e+01 4.494561065026764481e+03
6.393893353482832964e+01 4.472764117764656476e+03
6.403097016568929689e+01 4.450902561122331463e+03
6.421923980009215427e+01 4.406984467210255389e+03
6.424960450744663376e+01 4.400000000000000000e+03
6.431183918392544285e+01 4.385768783619147143e+03
6.437468648266229820e+01 4.371510725873732554e+03
6.453412706411045008e+01 4.335839642122849909e+03
6.469757167929459740e+01 4.300000000000000000e+03
6.491915683938677262e+01 4.252544907707078892e+03
6.502214700743130038e+01 4.230918457524750920e+03
6.509648139192118776e+01 4.215474635658658372e+03
6.517163154641325207e+01 4.200000000000000000e+03
6.532474069145054330e+01 4.168895314184890594e+03
6.548127760024294730e+01 4.137666949604132242e+03
6.548820259097473695e+01 4.136298565928655080e+03
6.558047340014918802e+01 4.118170185945573394e+03
6.567395357390465449e+01 4.100000000000000000e+03
6.586483655991578701e+01 4.063495247384585582e+03
6.606084653216527158e+01 4.026822041401353090e+03
6.609711105658394104e+01 4.020124987488006354e+03
6.613355359571698955e+01 4.013422300691796409e+03
6.620697781746444832e+01 4.000000000000000000e+03
6.623369180495014064e+01 3.995143612901741562e+03
6.626050130975450259e+01 3.990284269093446710e+03
6.636125915550857712e+01 3.972149362520172872e+03
6.646337673529963297e+01 3.953973216789043363e+03
6.647632484646358364e+01 3.951683009119788494e+03
6.648929497026186652e+01 3.949392145892666576e+03
6.651530147393562231e+01 3.944808451638598854e+03
6.657903563178648199e+01 3.933629798901071808e+03
6.664330280662407802e+01 3.922435527900394845e+03
6.670810953786445907e+01 3.911225605882083528e+03
6.677346247326563855e+01 3.900000000000000000e+03
6.690571816289570961e+01 3.877521237213616132e+03
6.704023994854965451e+01 3.854979169015443404e+03
6.731631214624086113e+01 3.809704043666336020e+03
6.734636623587839210e+01 3.804853485772945078e+03
6.737653243755146093e+01 3.800000000000000000e+03
6.747395916625980306e+01 3.784427856473555948e+03
6.757256681494897066e+01 3.768825250797792251e+03
6.777340962087220078e+01 3.737528294758099491e+03
6.801975041389043497e+01 3.700000000000000000e+03
6.823280229229339966e+01 3.668280721280808848e+03
6.836341587731114089e+01 3.649163394452884859e+03
6.849604820961015150e+01 3.630000000000000000e+03
6.860101813755991884e+01 3.614999772910571210e+03
6.865386077881876759e+01 3.607499829684217730e+03
6.870694412324898792e+01 3.600000000000000000e+03
6.887287222619750082e+01 3.576775986262010065e+03
6.895672316675629077e+01 3.565164474887929828e+03
6.904117414811351239e+01 3.553553293824999400e+03
6.923826751560385162e+01 3.526775768576072096e+03
6.943867288959081918e+01 3.500000000000000000e+03
6.949902711461768945e+01 3.492023793463924903e+03
6.959058603091908424e+01 3.480000000000000000e+03
6.968214494722046481e+01 3.492023793463924903e+03
6.974249917224733508e+01 3.500000000000000000e+03
6.994290454623430264e+01 3.526775768576072096e+03
7.013999791372464188e+01 3.553553293824999400e+03
7.022444889508186350e+01 3.565164474887929828e+03
7.030829983564065344e+01 3.576775986262010065e+03
7.047422793858918055e+01 3.600000000000000000e+03
7.052731128301940089e+01 3.607499829684217730e+03
7.058015392427823542e+01 3.614999772910571210e+03
7.068512385222801697e+01 3.630000000000000000e+03
7.081775618452701337e+01 3.649163394452884859e+03
7.094836976954476881e+01 3.668280721280808848e+03
7.116142164794773350e+01 3.700000000000000000e+03
7.140776244096595349e+01 3.737528294758099491e+03
7.160860524688919782e+01 3.768825250797792251e+03
7.170721289557836542e+01 3.784427856473555948e+03
7.180463962428669333e+01 3.800000000000000000e+03
7.183480582595976216e+01 3.804853485772945078e+03
7.186485991559730735e+01 3.809704043666336020e+03
7.214093211328851396e+01 3.854979169015443404e+03
7.227545389894244465e+01 3.877521237213616132e+03
7.240770958857251571e+01 3.900000000000000000e+03
7.247306252397370940e+01 3.911225605882083528e+03
7.253786925521407625e+01 3.922435527900394845e+03
7.260213643005167228e+01 3.933629798901071808e+03
7.266587058790254616e+01 3.944808451638598854e+03
7.269187709157630195e+01 3.949392145892666576e+03
7.270484721537458483e+01 3.951683009119788494e+03
7.271779532653852129e+01 3.953973216789043363e+03
7.281991290632959135e+01 3.972149362520172872e+03
7.292067075208366589e+01 3.990284269093446710e+03
7.294748025688802784e+01 3.995143612901741562e+03
7.297419424437370594e+01 4.000000000000000000e+03
7.304761846612117893e+01 4.013422300691796409e+03
7.308406100525421323e+01 4.020124987488006354e+03
7.312032552967289689e+01 4.026822041401353090e+03
7.331633550192238147e+01 4.063495247384585582e+03
7.350721848793351398e+01 4.100000000000000000e+03
7.360069866168896624e+01 4.118170185945573394e+03
7.369296947086341731e+01 4.136298565928655080e+03
7.369989446159520696e+01 4.137666949604132242e+03
7.385643137038761097e+01 4.168895314184890594e+03
7.400954051542490220e+01 4.200000000000000000e+03
7.408469066991696650e+01 4.215474635658658372e+03
7.415902505440686809e+01 4.230918457524750920e+03
7.426201522245138165e+01 4.252544907707078892e+03
7.448360038254355686e+01 4.300000000000000000e+03
7.464704499772770419e+01 4.335839642122849909e+03
7.480648557917587027e+01 4.371510725873732554e+03
7.486933287791272562e+01 4.385768783619147143e+03
7.493156755439152050e+01 4.400000000000000000e+03
7.496193226174599999e+01 4.406984467210255389e+03
7.515020189614887158e+01 4.450902561122331463e+03
7.524223852700983173e+01 4.472764117764656476e+03
7.533291582495755279e+01 4.494561065026764481e+03
7.534415585963691342e+01 4.497281034716017530e+03
7.535537516077579312e+01 4.500000000000000000e+03
7.543291345289111405e+01 4.518901882588699664e+03
7.550946059732862636e+01 4.537754164709254837e+03
7.551634468954804902e+01 4.539459058171074503e+03
7.552322081438506984e+01 4.541163546563089767e+03
7.560528802868168441e+01 4.561628604046322835e+03
7.564589742110365478e+01 4.571839253271146845e+03
7.566609728193456874e+01 4.576939121644680199e+03
7.567617115393345273e+01 4.579487693472211504e+03
7.568622771048464415e+01 4.582035357707135518e+03
7.575675323931410787e+01 4.600000000000000000e+03
7.584434359544785309e+01 4.622554150333280631e+03
7.591892338066836032e+01 4.641974078156351425e+03
7.602915198455917789e+01 4.671047855811226327e+03
7.613725270559118030e+01 4.700000000000000000e+03
7.614178647618470563e+01 4.701223933096043766e+03
7.614631649804398705e+01 4.702447642573829398e+03
7.624245372718257840e+01 4.728604880064525787e+03
7.630524946294460165e+01 4.745886131456858493e+03
7.636732134743263600e+01 4.763122760832113272e+03
7.639432008260206430e+01 4.770668521131959096e+03
7.642118284026142305e+01 4.778205745655412102e+03
7.647450429096181779e+01 4.793254645241781873e+03
7.648640056213295679e+01 4.796628177874657922e+03
7.649827009376045339e+01 4.800000000000000000e+03
7.654079757548480245e+01 4.812129562455151245e+03
7.656193138561837941e+01 4.818185765245956645e+03
7.657246602677506075e+01 4.821211725570394265e+03
7.658297924120192590e+01 4.824236259859541860e+03
7.671365773568197710e+01 4.862230287249800313e+03
7.684106346212483629e+01 4.900000000000000000e+03
7.690293409670670144e+01 4.918608118927849318e+03
7.696403486969684593e+01 4.937160013312628507e+03
7.706647023504834237e+01 4.968660727985812628e+03
7.711688385187365213e+01 4.984350466656896970e+03
7.716677192025753129e+01 5.000000000000000000e+03
7.719123922768565649e+01 5.007720659996419272e+03
7.721557906338338739e+01 5.015431166328467953e+03
7.726388003695588225e+01 5.030821798014501837e+03
7.729197773260183624e+01 5.039830148983069193e+03
7.731990531007321010e+01 5.048824642022135777e+03
7.733375446008446374e+01 5.053300105003316276e+03
7.734756193243823930e+01 5.057772140936690448e+03
7.735445009502024050e+01 5.060006874990323922e+03
7.736132790442734120e+01 5.062240753757101629e+03
7.736476293358066414e+01 5.063357372561343254e+03
7.736819538266755103e+01 5.064473777727936067e+03
7.737162525442252559e+01 5.065589969318183648e+03
7.737333922465751357e+01 5.066147985041328866e+03
7.737505255158325213e+01 5.066705947393367751e+03
7.739083855682895319e+01 5.071854175867099912e+03
7.740657003663329760e+01 5.076997862837097273e+03
7.742229554285022175e+01 5.082152863521321706e+03
7.743796671985256808e+01 5.087303306729801989e+03
7.745363255554923398e+01 5.092465273752032772e+03
7.746144515548776610e+01 5.095044541692768689e+03
7.746924425395886260e+01 5.097622666933323671e+03
7.747574853913374682e+01 5.099775307355141194e+03
7.747642705428442866e+01 5.100000000000000000e+03
7.748829161754696315e+01 5.103933093874856240e+03
7.750012444069193407e+01 5.107863416640710057e+03
7.750890032191520618e+01 5.110783377244053554e+03
7.751765877762693435e+01 5.113701809280693851e+03
7.752204105786985622e+01 5.115163646537939712e+03
7.752641898096912598e+01 5.116625100430052953e+03
7.753079255302256456e+01 5.118086171107819609e+03
7.753516178011676629e+01 5.119546858721945682e+03
7.753856857976633421e+01 5.120686536537831671e+03
7.754197273970646620e+01 5.121825981212500665e+03
7.754537426281609669e+01 5.122965192817484422e+03
7.754707403646180808e+01 5.123534711241189143e+03
7.754877315197765597e+01 5.124104171424285596e+03
7.760539867607931797e+01 5.143175607226947250e+03
7.766129718705613527e+01 5.162181835061464881e+03
7.771648175194920327e+01 5.181123188790137647e+03
7.777096513247812481e+01 5.200000000000000000e+03
7.787639300204040183e+01 5.237037856906376874e+03
7.796475561670892773e+01 5.268613070347176290e+03
7.805123813247406872e+01 5.300000000000000000e+03
7.813461170860126970e+01 5.330725577178969615e+03
7.813915719491680534e+01 5.332414195103907332e+03
7.822512955697858672e+01 5.364619688891984879e+03
7.827186058282451597e+01 5.382341283162184482e+03
7.831802434914230560e+01 5.400000000000000000e+03
7.833908826444213958e+01 5.408108483110237103e+03
7.836003244307443083e+01 5.416203119612529008e+03
7.840156534763309537e+01 5.432350994423984048e+03
7.842215596101024744e+01 5.440404303246951713e+03
7.844263056892289399e+01 5.448443906490607333e+03
7.848323537446572118e+01 5.464482135951820965e+03
7.850564260067653777e+01 5.473386772410306548e+03
7.852791059055948608e+01 5.482274596889916211e+03
7.857203363034369659e+01 5.500000000000000000e+03
7.859205591617090647e+01 5.508094375114532340e+03
7.861196279101024231e+01 5.516174135411034513e+03
7.865143396787203756e+01 5.532289969591510271e+03
7.867100010950393596e+01 5.540326122140537336e+03
7.869045447524493397e+01 5.548347817202922670e+03
7.872903139068203870e+01 5.564347990646462677e+03
7.877174262261343074e+01 5.582209796666496004e+03
7.879289566462185235e+01 5.591113821732636097e+03
7.880342205884635121e+01 5.595559138360928046e+03
7.881391522932491966e+01 5.600000000000000000e+03
7.884847985374608470e+01 5.614737222997924619e+03
7.888214265602874775e+01 5.629272204888298802e+03
7.892942198098135975e+01 5.650000000000000000e+03
7.894089600019388797e+01 5.655086888358275246e+03
7.894659318394826641e+01 5.657621033707950119e+03
7.894943189139026174e+01 5.658885791585033076e+03
7.895084878294007069e+01 5.659517593057181330e+03
7.895226403642053015e+01 5.660149010020322748e+03
7.895241587481631029e+01 5.660216773446381922e+03
7.895485626717002958e+01 5.661306434670083945e+03
7.895607463793331249e+01 5.661850836085401170e+03
7.895668336767323581e+01 5.662122929592526816e+03
7.895729179392158414e+01 5.662394951670154114e+03
7.896569420593856137e+01 5.666158182732464411e+03
7.900091428849458453e+01 5.682067792569701851e+03
7.902173544603856215e+01 5.691577756961269188e+03
7.903200989208228577e+01 5.696299767616116696e+03
7.904219498693788637e+01 5.701000000000000000e+03
7.907239786092003442e+01 5.716005170388375518e+03
7.910224993622126988e+01 5.730947898682818050e+03
7.910556203937429132e+01 5.732612718651146679e+03
7.910886984528357857e+01 5.734276765325053020e+03
7.911229240147164887e+01 5.736000000000000000e+03
7.914663220548443689e+01 5.753372645957148961e+03
7.916092391296554354e+01 5.760647581597568205e+03
7.917384411733291927e+01 5.767247208179240261e+03
7.918117206183818269e+01 5.771000000000000000e+03
7.919622896363583209e+01 5.778745214811430742e+03
7.919772000555956026e+01 5.779515157886744419e+03
7.920614853889263429e+01 5.783877590861345197e+03
7.922266626520500665e+01 5.792477131407868910e+03
7.923360563316211369e+01 5.798209559798375267e+03
7.926029968725089248e+01 5.812324404815953130e+03
7.927653767629583115e+01 5.821000000000000000e+03
7.929895430665600031e+01 5.833090747999037376e+03
7.930185204443871783e+01 5.834663479482633193e+03
7.930329748441033644e+01 5.835448831251936099e+03
7.930401934927465391e+01 5.835841254024722730e+03
7.930474064485585473e+01 5.836233508201259610e+03
7.930775252866676794e+01 5.837872951980803009e+03
7.930925475086709753e+01 5.838691570176271853e+03
7.931000493442805066e+01 5.839100603783760562e+03
7.931037979462135468e+01 5.839305051769019883e+03
7.931075450053594977e+01 5.839509453895870138e+03
7.931852351392046785e+01 5.843756106197040936e+03
7.932083666461620908e+01 5.845023708057446129e+03
7.934220152512051527e+01 5.856801948922146948e+03
7.936764973030844317e+01 5.871000000000000000e+03
7.938582668816781052e+01 5.881256383119759448e+03
7.940362779518900993e+01 5.891395956763047252e+03
7.942953026626446444e+01 5.906322774931001732e+03
7.945465083377827398e+01 5.921000000000000000e+03
7.946491484312851128e+01 5.927055336232162517e+03
7.947505026962190300e+01 5.933068701681323546e+03
7.949494386204071361e+01 5.944971253664713913e+03
7.951434838177540598e+01 5.956711063565764562e+03
7.952610165460261271e+01 5.963885586377381514e+03
7.953767795052603162e+01 5.971000000000000000e+03
7.955813342335649452e+01 5.984097967492593853e+03
7.957838045067097710e+01 5.997145694263439509e+03
7.959294919185032313e+01 6.006585953588864868e+03
7.960741071123638335e+01 6.016000000000000000e+03
7.961825910210455959e+01 6.023090516904660944e+03
7.964136462932331995e+01 6.038274581129143371e+03
7.965733383487217623e+01 6.048834999067952594e+03
7.967562793619424610e+01 6.061000000000000000e+03
7.969231074619607114e+01 6.072156670230864620e+03
7.970884849156074381e+01 6.083276379584152892e+03
7.971728440380630332e+01 6.088971767949280547e+03
7.972568275305434327e+01 6.094657484409988683e+03
7.974236766809445953e+01 6.106000000000000000e+03
7.975054743504010446e+01 6.111583532987353465e+03
7.975869149077271913e+01 6.117157741448922025e+03
7.977487331253760772e+01 6.128278278070941269e+03
7.978312661405001904e+01 6.133973282880642728e+03
7.979134315660790833e+01 6.139658554866933628e+03
7.979952316371397103e+01 6.145334118958759063e+03
7.980359953623789693e+01 6.148168268311272186e+03
7.980766685792607973e+01 6.151000000000000000e+03
7.983145693759230710e+01 6.168475816192898492e+03
7.985520994968288733e+01 6.186000000000000000e+03
7.987879525703488071e+01 6.203475292094711222e+03
7.990234671291945290e+01 6.221000000000000000e+03
7.992240086440988023e+01 6.235981114146495202e+03
7.993574866136493995e+01 6.245982315499501055e+03
7.994908643263372028e+01 6.256000000000000000e+03
7.996068481264768479e+01 6.264730751490902549e+03
7.997227619618604422e+01 6.273474316488087425e+03
7.998386060415472798e+01 6.282230723220483014e+03
7.999543805742194991e+01 6.291000000000000000e+03
8.000860006760606780e+01 6.300991482874092981e+03
8.002175373097938404e+01 6.311000000000000000e+03
8.003245736110277164e+01 6.319161558655203407e+03
8.003780721268036302e+01 6.323246641096669919e+03
8.004315575794963422e+01 6.327334596315524323e+03
8.004794714663144362e+01 6.331000000000000000e+03
8.005303557477235188e+01 6.334896038686511019e+03
8.005812288112446140e+01 6.338794716459812662e+03
8.006320906732129572e+01 6.342696036002298570e+03
8.006575174085648428e+01 6.344647687276229590e+03
8.006829413496495818e+01 6.346600000000000364e+03
8.007359064404579385e+01 6.351300000000000182e+03
8.007623593719935684e+01 6.353650000000000546e+03
8.007755784439763147e+01 6.354825000000000728e+03
8.007887925904518056e+01 6.356000000000000000e+03
8.008577293713342726e+01 6.363500000000000000e+03
8.008921365447088192e+01 6.367250000000000000e+03
8.009093248588860092e+01 6.369125000000000000e+03
8.009179152018080572e+01 6.370062500000000000e+03
8.009265030034592314e+01 6.371000000000000000e+03
8.009350908051104057e+01 6.370062500000000000e+03
8.009436811480323115e+01 6.369125000000000000e+03
8.009608694622096436e+01 6.367250000000000000e+03
8.009952766355840481e+01 6.363500000000000000e+03
8.010642134164665151e+01 6.356000000000000000e+03
8.010774275629421481e+01 6.354825000000000728e+03
8.010906466349248944e+01 6.353650000000000546e+03
8.011170995664603822e+01 6.351300000000000182e+03
8.011700646572688811e+01 6.346600000000000364e+03
8.011954885983534780e+01 6.344647687276229590e+03
8.012209153337053635e+01 6.342696036002298570e+03
8.012717771956738488e+01 6.338794716459812662e+03
8.013226502591948019e+01 6.334896038686511019e+03
8.013735345406038846e+01 6.331000000000000000e+03
8.014214484274219785e+01 6.327334596315524323e+03
8.014749338801146905e+01 6.323246641096669919e+03
8.015284323958907464e+01 6.319161558655203407e+03
8.016354686971246224e+01 6.311000000000000000e+03
8.017670053308576428e+01 6.300991482874092981e+03
8.018986254326989638e+01 6.291000000000000000e+03
8.020143999653711830e+01 6.282230723220483014e+03
8.021302440450580207e+01 6.273474316488087425e+03
8.022461578804414728e+01 6.264730751490902549e+03
8.023621416805812601e+01 6.256000000000000000e+03
8.024955193932689212e+01 6.245982315499501055e+03
8.026289973628195185e+01 6.235981114146495202e+03
8.028295388777237918e+01 6.221000000000000000e+03
8.030650534365695137e+01 6.203475292094711222e+03
8.033009065100894475e+01 6.186000000000000000e+03
8.035384366309952497e+01 6.168475816192898492e+03
8.037763374276575234e+01 6.151000000000000000e+03
8.038170106445394936e+01 6.148168268311272186e+03
8.038577743697786104e+01 6.145334118958759063e+03
8.039395744408392375e+01 6.139658554866933628e+03
8.040217398664182724e+01 6.133973282880642728e+03
8.041042728815422436e+01 6.128278278070941269e+03
8.042660910991912715e+01 6.117157741448922025e+03
8.043475316565172761e+01 6.111583532987353465e+03
8.044293293259737254e+01 6.106000000000000000e+03
8.045961784763750302e+01 6.094657484409988683e+03
8.046801619688554297e+01 6.088971767949280547e+03
8.047645210913110247e+01 6.083276379584152892e+03
8.049298985449576094e+01 6.072156670230864620e+03
8.050967266449758597e+01 6.061000000000000000e+03
8.052796676581967006e+01 6.048834999067952594e+03
8.054393597136851213e+01 6.038274581129143371e+03
8.056704149858727249e+01 6.023090516904660944e+03
8.057788988945546294e+01 6.016000000000000000e+03
8.059235140884150894e+01 6.006585953588864868e+03
8.060692015002086919e+01 5.997145694263439509e+03
8.062716717733533756e+01 5.984097967492593853e+03
8.064762265016580045e+01 5.971000000000000000e+03
8.065919894608921936e+01 5.963885586377381514e+03
8.067095221891642609e+01 5.956711063565764562e+03
8.069035673865113267e+01 5.944971253664713913e+03
8.071025033106992908e+01 5.933068701681323546e+03
8.072038575756333501e+01 5.927055336232162517e+03
8.073064976691355810e+01 5.921000000000000000e+03
8.075577033442736763e+01 5.906322774931001732e+03
8.078167280550283635e+01 5.891395956763047252e+03
8.079947391252402156e+01 5.881256383119759448e+03
8.081765087038340312e+01 5.871000000000000000e+03
8.084309907557133101e+01 5.856801948922146948e+03
8.086446393607562300e+01 5.845023708057446129e+03
8.086677708677136422e+01 5.843756106197040936e+03
8.087454610015588230e+01 5.839509453895870138e+03
8.087492080607049161e+01 5.839305051769019883e+03
8.087529566626378141e+01 5.839100603783760562e+03
8.087604584982474876e+01 5.838691570176271853e+03
8.087754807202506413e+01 5.837872951980803009e+03
8.088055995583597735e+01 5.836233508201259610e+03
8.088128125141717817e+01 5.835841254024722730e+03
8.088200311628150985e+01 5.835448831251936099e+03
8.088344855625311425e+01 5.834663479482633193e+03
8.088634629403584597e+01 5.833090747999037376e+03
8.090876292439600093e+01 5.821000000000000000e+03
8.092500091344093960e+01 5.812324404815953130e+03
8.095169496752973259e+01 5.798209559798375267e+03
8.096263433548682542e+01 5.792477131407868910e+03
8.097915206179919778e+01 5.783877590861345197e+03
8.098758059513227181e+01 5.779515157886744419e+03
8.098907163705601420e+01 5.778745214811430742e+03
8.100412853885366360e+01 5.771000000000000000e+03
8.101145648335892702e+01 5.767247208179240261e+03
8.102437668772628854e+01 5.760647581597568205e+03
8.103866839520739518e+01 5.753372645957148961e+03
8.107300819922018320e+01 5.736000000000000000e+03
8.107643075540825350e+01 5.734276765325053020e+03
8.107973856131754076e+01 5.732612718651146679e+03
8.108305066447056220e+01 5.730947898682818050e+03
8.111290273977179766e+01 5.716005170388375518e+03
8.114310561375395991e+01 5.701000000000000000e+03
8.115329070860954630e+01 5.696299767616116696e+03
8.116356515465326993e+01 5.691577756961269188e+03
8.118438631219726176e+01 5.682067792569701851e+03
8.121960639475327071e+01 5.666158182732464411e+03
8.122800880677024793e+01 5.662394951670154114e+03
8.122861723301861048e+01 5.662122929592526816e+03
8.122922596275851959e+01 5.661850836085401170e+03
8.123044433352181670e+01 5.661306434670083945e+03
8.123288472587553599e+01 5.660216773446381922e+03
8.123303656427131614e+01 5.660149010020322748e+03
8.123445181775176138e+01 5.659517593057181330e+03
8.123586870930157033e+01 5.658885791585033076e+03
8.123870741674356566e+01 5.657621033707950119e+03
8.124440460049794410e+01 5.655086888358275246e+03
8.125587861971047232e+01 5.650000000000000000e+03
8.130315794466309853e+01 5.629272204888298802e+03
8.133682074694574737e+01 5.614737222997924619e+03
8.137138537136691241e+01 5.600000000000000000e+03
8.138187854184548087e+01 5.595559138360928046e+03
8.139240493606997973e+01 5.591113821732636097e+03
8.141355797807840133e+01 5.582209796666496004e+03
8.145626921000980758e+01 5.564347990646462677e+03
8.149484612544691231e+01 5.548347817202922670e+03
8.151430049118789611e+01 5.540326122140537336e+03
8.153386663281979452e+01 5.532289969591510271e+03
8.157333780968158976e+01 5.516174135411034513e+03
8.159324468452092560e+01 5.508094375114532340e+03
8.161326697034813549e+01 5.500000000000000000e+03
8.165739001013236020e+01 5.482274596889916211e+03
8.167965800001530852e+01 5.473386772410306548e+03
8.170206522622612511e+01 5.464482135951820965e+03
8.174267003176893809e+01 5.448443906490607333e+03
8.176314463968158464e+01 5.440404303246951713e+03
8.178373525305875091e+01 5.432350994423984048e+03
8.182526815761740124e+01 5.416203119612529008e+03
8.184621233624970671e+01 5.408108483110237103e+03
8.186727625154952648e+01 5.400000000000000000e+03
8.191344001786731610e+01 5.382341283162184482e+03
8.196017104371324535e+01 5.364619688891984879e+03
8.204614340577504095e+01 5.332414195103907332e+03
8.205068889209056238e+01 5.330725577178969615e+03
8.213406246821776335e+01 5.300000000000000000e+03
8.222054498398291855e+01 5.268613070347176290e+03
8.230890759865144446e+01 5.237037856906376874e+03
8.241433546821372147e+01 5.200000000000000000e+03
8.246881884874264301e+01 5.181123188790137647e+03
8.252400341363571101e+01 5.162181835061464881e+03
8.257990192461252832e+01 5.143175607226947250e+03
8.263652744871419031e+01 5.124104171424285596e+03
8.263822656423002400e+01 5.123534711241189143e+03
8.263992633787573538e+01 5.122965192817484422e+03
8.264332786098538008e+01 5.121825981212500665e+03
8.264673202092549786e+01 5.120686536537831671e+03
8.265013882057506578e+01 5.119546858721945682e+03
8.265450804766928172e+01 5.118086171107819609e+03
8.265888161972270609e+01 5.116625100430052953e+03
8.266325954282197586e+01 5.115163646537939712e+03
8.266764182306489772e+01 5.113701809280693851e+03
8.267640027877662590e+01 5.110783377244053554e+03
8.268517615999991222e+01 5.107863416640710057e+03
8.269700898314486892e+01 5.103933093874856240e+03
8.270887354640740341e+01 5.100000000000000000e+03
8.270955206155809947e+01 5.099775307355141194e+03
8.271605634673298368e+01 5.097622666933323671e+03
8.272385544520406597e+01 5.095044541692768689e+03
8.273166804514261230e+01 5.092465273752032772e+03
8.274733388083926400e+01 5.087303306729801989e+03
8.276300505784162453e+01 5.082152863521321706e+03
8.277873056405854868e+01 5.076997862837097273e+03
8.279446204386289310e+01 5.071854175867099912e+03
8.281024804910859416e+01 5.066705947393367751e+03
8.281196137603431850e+01 5.066147985041328866e+03
8.281367534626930649e+01 5.065589969318183648e+03
8.281710521802428104e+01 5.064473777727936067e+03
8.282053766711118215e+01 5.063357372561343254e+03
8.282397269626449088e+01 5.062240753757101629e+03
8.283085050567159158e+01 5.060006874990323922e+03
8.283773866825359278e+01 5.057772140936690448e+03
8.285154614060738254e+01 5.053300105003316276e+03
8.286539529061862197e+01 5.048824642022135777e+03
8.289332286808999584e+01 5.039830148983069193e+03
8.292142056373594983e+01 5.030821798014501837e+03
8.296972153730845889e+01 5.015431166328467953e+03
8.299406137300617559e+01 5.007720659996419272e+03
8.301852868043430078e+01 5.000000000000000000e+03
8.306841674881819415e+01 4.984350466656896970e+03
8.311883036564348970e+01 4.968660727985812628e+03
8.322126573099498614e+01 4.937160013312628507e+03
8.328236650398513063e+01 4.918608118927849318e+03
8.334423713856699578e+01 4.900000000000000000e+03
8.347164286500986918e+01 4.862230287249800313e+03
8.360232135948990617e+01 4.824236259859541860e+03
8.361283457391678553e+01 4.821211725570394265e+03
8.362336921507346688e+01 4.818185765245956645e+03
8.364450302520704383e+01 4.812129562455151245e+03
8.368703050693139289e+01 4.800000000000000000e+03
8.369890003855888949e+01 4.796628177874657922e+03
8.371079630973002850e+01 4.793254645241781873e+03
8.376411776043042323e+01 4.778205745655412102e+03
8.379098051808978198e+01 4.770668521131959096e+03
8.381797925325921028e+01 4.763122760832113272e+03
8.388005113774723043e+01 4.745886131456858493e+03
8.394284687350925367e+01 4.728604880064525787e+03
8.403898410264784502e+01 4.702447642573829398e+03
8.404351412450712644e+01 4.701223933096043766e+03
8.404804789510066598e+01 4.700000000000000000e+03
8.415614861613266839e+01 4.671047855811226327e+03
8.426637722002348596e+01 4.641974078156351425e+03
8.434095700524399319e+01 4.622554150333280631e+03
8.442854736137772420e+01 4.600000000000000000e+03
8.449907289020720214e+01 4.582035357707135518e+03
8.450912944675837934e+01 4.579487693472211504e+03
8.451920331875727754e+01 4.576939121644680199e+03
8.453940317958819151e+01 4.571839253271146845e+03
8.458001257201016188e+01 4.561628604046322835e+03
8.466207978630676223e+01 4.541163546563089767e+03
8.466895591114379727e+01 4.539459058171074503e+03
8.467584000336320571e+01 4.537754164709254837e+03
8.475238714780071803e+01 4.518901882588699664e+03
8.482992543991603895e+01 4.500000000000000000e+03
8.484114474105493287e+01 4.497281034716017530e+03
8.485238477573427929e+01 4.494561065026764481e+03
8.494306207368200035e+01 4.472764117764656476e+03
8.503509870454297470e+01 4.450902561122331463e+03
8.522336833894583208e+01 4.406984467210255389e+03
8.525373304630031157e+01 4.400000000000000000e+03
8.531596772277910645e+01 4.385768783619147143e+03
8.537881502151597601e+01 4.371510725873732554e+03
8.553825560296412789e+01 4.335839642122849909e+03
8.570170021814827521e+01 4.300000000000000000e+03
8.592328537824045043e+01 4.252544907707078892e+03
8.602627554628497819e+01 4.230918457524750920e+03
8.610060993077486557e+01 4.215474635658658372e+03
8.617576008526692988e+01 4.200000000000000000e+03
8.632886923030422111e+01 4.168895314184890594e+03
8.648540613909662511e+01 4.137666949604132242e+03
8.649233112982841476e+01 4.136298565928655080e+03
8.658460193900286583e+01 4.118170185945573394e+03
8.667808211275833230e+01 4.100000000000000000e+03
8.686896509876946482e+01 4.063495247384585582e+03
8.706497507101894939e+01 4.026822041401353090e+03
8.710123959543761885e+01 4.020124987488006354e+03
8.713768213457066736e+01 4.013422300691796409e+03
8.721110635631812613e+01 4.000000000000000000e+03
8.723782034380381845e+01 3.995143612901741562e+03
8.726462984860818040e+01 3.990284269093446710e+03
8.736538769436225493e+01 3.972149362520172872e+03
8.746750527415331078e+01 3.953973216789043363e+03
8.748045338531724724e+01 3.951683009119788494e+03
8.749342350911553012e+01 3.949392145892666576e+03
8.751943001278928591e+01 3.944808451638598854e+03
8.758316417064017401e+01 3.933629798901071808e+03
8.764743134547775583e+01 3.922435527900394845e+03
8.771223807671813688e+01 3.911225605882083528e+03
8.777759101211931636e+01 3.900000000000000000e+03
8.790984670174938742e+01 3.877521237213616132e+03
8.804436848740333232e+01 3.854979169015443404e+03
8.832044068509452472e+01 3.809704043666336020e+03
8.835049477473206991e+01 3.804853485772945078e+03
8.838066097640515295e+01 3.800000000000000000e+03
8.847808770511348087e+01 3.784427856473555948e+03
8.857669535380264847e+01 3.768825250797792251e+03
8.877753815972587859e+01 3.737528294758099491e+03
8.902387895274411278e+01 3.700000000000000000e+03
8.923693083114707747e+01 3.668280721280808848e+03
8.936754441616483291e+01 3.649163394452884859e+03
8.950017674846382931e+01 3.630000000000000000e+03
8.960514667641359665e+01 3.614999772910571210e+03
8.965798931767244540e+01 3.607499829684217730e+03
8.971107266210266573e+01 3.600000000000000000e+03
8.987700076505119284e+01 3.576775986262010065e+03
8.996085170560996858e+01 3.565164474887929828e+03
9.004530268696720441e+01 3.553553293824999400e+03
9.024239605445754364e+01 3.526775768576072096e+03
9.044280142844451120e+01 3.500000000000000000e+03
9.050315565347136726e+01 3.492023793463924903e+03
9.059471456977276205e+01 3.480000000000000000e+03
9.068627348607415684e+01 3.492023793463924903e+03
9.074662771110101289e+01 3.500000000000000000e+03
9.094703308508798045e+01 3.526775768576072096e+03
9.114412645257831969e+01 3.553553293824999400e+03
9.122857743393554131e+01 3.565164474887929828e+03
9.131242837449433125e+01 3.576775986262010065e+03
9.147835647744284415e+01 3.600000000000000000e+03
9.153143982187307870e+01 3.607499829684217730e+03
9.158428246313191323e+01 3.614999772910571210e+03
9.168925239108168057e+01 3.630000000000000000e+03
9.182188472338069118e+01 3.649163394452884859e+03
9.195249830839844662e+01 3.668280721280808848e+03
9.216555018680141131e+01 3.700000000000000000e+03
9.241189097981964551e+01 3.737528294758099491e+03
9.261273378574287563e+01 3.768825250797792251e+03
9.271134143443204323e+01 3.784427856473555948e+03
9.280876816314037114e+01 3.800000000000000000e+03
9.283893436481343997e+01 3.804853485772945078e+03
9.286898845445099937e+01 3.809704043666336020e+03
9.314506065214219177e+01 3.854979169015443404e+03
9.327958243779613667e+01 3.877521237213616132e+03
9.341183812742620773e+01 3.900000000000000000e+03
9.347719106282738721e+01 3.911225605882083528e+03
9.354199779406775406e+01 3.922435527900394845e+03
9.360626496890535009e+01 3.933629798901071808e+03
9.366999912675622397e+01 3.944808451638598854e+03
9.369600563042997976e+01 3.949392145892666576e+03
9.370897575422826264e+01 3.951683009119788494e+03
9.372192386539219910e+01 3.953973216789043363e+03
9.382404144518326916e+01 3.972149362520172872e+03
9.392479929093734370e+01 3.990284269093446710e+03
9.395160879574169144e+01 3.995143612901741562e+03
9.397832278322738375e+01 4.000000000000000000e+03
9.405174700497484253e+01 4.013422300691796409e+03
9.408818954410787683e+01 4.020124987488006354e+03
9.412445406852656049e+01 4.026822041401353090e+03
9.432046404077604507e+01 4.063495247384585582e+03
9.451134702678717758e+01 4.100000000000000000e+03
9.460482720054264405e+01 4.118170185945573394e+03
9.469709800971708091e+01 4.136298565928655080e+03
9.470402300044887056e+01 4.137666949604132242e+03
9.486055990924128878e+01 4.168895314184890594e+03
9.501366905427858001e+01 4.200000000000000000e+03
9.508881920877064431e+01 4.215474635658658372e+03
9.516315359326053169e+01 4.230918457524750920e+03
9.526614376130504525e+01 4.252544907707078892e+03
9.548772892139723467e+01 4.300000000000000000e+03
9.565117353658136778e+01 4.335839642122849909e+03
9.581061411802953387e+01 4.371510725873732554e+03
9.587346141676638922e+01 4.385768783619147143e+03
9.593569609324518410e+01 4.400000000000000000e+03
9.596606080059967780e+01 4.406984467210255389e+03
9.615433043500253518e+01 4.450902561122331463e+03
9.624636706586349533e+01 4.472764117764656476e+03
9.633704436381123060e+01 4.494561065026764481e+03
9.634828439849057702e+01 4.497281034716017530e+03
9.635950369962945672e+01 4.500000000000000000e+03
9.643704199174479186e+01 4.518901882588699664e+03
9.651358913618230417e+01 4.537754164709254837e+03
9.652047322840171262e+01 4.539459058171074503e+03
9.652734935323874765e+01 4.541163546563089767e+03
9.660941656753536222e+01 4.561628604046322835e+03
9.665002595995733259e+01 4.571839253271146845e+03
9.667022582078823234e+01 4.576939121644680199e+03
9.668029969278711633e+01 4.579487693472211504e+03
9.669035624933832196e+01 4.582035357707135518e+03
9.676088177816778568e+01 4.600000000000000000e+03
9.684847213430151669e+01 4.622554150333280631e+03
9.692305191952203813e+01 4.641974078156351425e+03
9.703328052341285570e+01 4.671047855811226327e+03
9.714138124444485811e+01 4.700000000000000000e+03
9.714591501503838344e+01 4.701223933096043766e+03
9.715044503689766486e+01 4.702447642573829398e+03
9.724658226603625621e+01 4.728604880064525787e+03
9.730937800179827946e+01 4.745886131456858493e+03
9.737144988628631381e+01 4.763122760832113272e+03
9.739844862145574211e+01 4.770668521131959096e+03
9.742531137911510086e+01 4.778205745655412102e+03
9.747863282981549560e+01 4.793254645241781873e+03
9.749052910098663460e+01 4.796628177874657922e+03
9.750239863261413120e+01 4.800000000000000000e+03
9.754492611433848026e+01 4.812129562455151245e+03
9.756605992447205722e+01 4.818185765245956645e+03
9.757659456562873856e+01 4.821211725570394265e+03
9.758710778005560371e+01 4.824236259859541860e+03
9.771778627453565491e+01 4.862230287249800313e+03
9.784519200097852831e+01 4.900000000000000000e+03
9.790706263556037925e+01 4.918608118927849318e+03
9.796816340855052374e+01 4.937160013312628507e+03
9.807059877390202018e+01 4.968660727985812628e+03
9.812101239072731573e+01 4.984350466656896970e+03
9.817090045911120910e+01 5.000000000000000000e+03
9.819536776653933430e+01 5.007720659996419272e+03
9.821970760223705099e+01 5.015431166328467953e+03
9.826800857580954585e+01 5.030821798014501837e+03
9.829610627145549984e+01 5.039830148983069193e+03
9.832403384892687370e+01 5.048824642022135777e+03
9.833788299893811313e+01 5.053300105003316276e+03
9.835169047129190290e+01 5.057772140936690448e+03
9.835857863387390410e+01 5.060006874990323922e+03
9.836545644328100479e+01 5.062240753757101629e+03
9.836889147243432774e+01 5.063357372561343254e+03
9.837232392152122884e+01 5.064473777727936067e+03
9.837575379327620340e+01 5.065589969318183648e+03
9.837746776351119138e+01 5.066147985041328866e+03
9.837918109043692994e+01 5.066705947393367751e+03
9.839496709568261679e+01 5.071854175867099912e+03
9.841069857548696120e+01 5.076997862837097273e+03
9.842642408170388535e+01 5.082152863521321706e+03
9.844209525870624589e+01 5.087303306729801989e+03
9.845776109440289758e+01 5.092465273752032772e+03
9.846557369434142970e+01 5.095044541692768689e+03
9.847337279281252620e+01 5.097622666933323671e+03
9.847987707798739621e+01 5.099775307355141194e+03
9.848055559313809226e+01 5.100000000000000000e+03
9.849242015640064096e+01 5.103933093874856240e+03
9.850425297954559767e+01 5.107863416640710057e+03
9.851302886076888399e+01 5.110783377244053554e+03
9.852178731648061216e+01 5.113701809280693851e+03
9.852616959672353403e+01 5.115163646537939712e+03
9.853054751982280379e+01 5.116625100430052953e+03
9.853492109187624237e+01 5.118086171107819609e+03
9.853929031897044410e+01 5.119546858721945682e+03
9.854269711861999781e+01 5.120686536537831671e+03
9.854610127856012980e+01 5.121825981212500665e+03
9.854950280166977450e+01 5.122965192817484422e+03
9.855120257531547168e+01 5.123534711241189143e+03
9.855290169083130536e+01 5.124104171424285596e+03
9.860952721493298156e+01 5.143175607226947250e+03
9.866542572590979887e+01 5.162181835061464881e+03
9.872061029080285266e+01 5.181123188790137647e+03
9.877509367133178841e+01 5.200000000000000000e+03
9.888052154089405121e+01 5.237037856906376874e+03
9.896888415556259133e+01 5.268613070347176290e+03
9.905536667132773232e+01 5.300000000000000000e+03
9.913874024745493330e+01 5.330725577178969615e+03
9.914328573377046894e+01 5.332414195103907332e+03
9.922925809583225032e+01 5.364619688891984879e+03
9.927598912167817957e+01 5.382341283162184482e+03
9.932215288799596919e+01 5.400000000000000000e+03
9.934321680329580317e+01 5.408108483110237103e+03
9.936416098192810864e+01 5.416203119612529008e+03
9.940569388648675897e+01 5.432350994423984048e+03
9.942628449986392525e+01 5.440404303246951713e+03
9.944675910777657180e+01 5.448443906490607333e+03
9.948736391331939899e+01 5.464482135951820965e+03
9.950977113953020137e+01 5.473386772410306548e+03
9.953203912941316389e+01 5.482274596889916211e+03
9.957616216919737440e+01 5.500000000000000000e+03
9.959618445502458428e+01 5.508094375114532340e+03
9.961609132986393433e+01 5.516174135411034513e+03
9.965556250672571537e+01 5.532289969591510271e+03
9.967512864835761377e+01 5.540326122140537336e+03
9.969458301409861178e+01 5.548347817202922670e+03
9.973315992953570230e+01 5.564347990646462677e+03
9.977587116146710855e+01 5.582209796666496004e+03
9.979702420347553016e+01 5.591113821732636097e+03
9.980755059770001481e+01 5.595559138360928046e+03
9.981804376817859747e+01 5.600000000000000000e+03
9.985260839259976251e+01 5.614737222997924619e+03
9.988627119488239714e+01 5.629272204888298802e+03
9.993355051983502335e+01 5.650000000000000000e+03
9.994502453904755157e+01 5.655086888358275246e+03
9.995072172280193001e+01 5.657621033707950119e+03
9.995356043024392534e+01 5.658885791585033076e+03
9.995497732179373429e+01 5.659517593057181330e+03
9.995639257527417953e+01 5.660149010020322748e+03
9.995654441366997389e+01 5.660216773446381922e+03
9.995898480602369318e+01 5.661306434670083945e+03
9.996020317678699030e+01 5.661850836085401170e+03
9.996081190652689941e+01 5.662122929592526816e+03
9.996142033277524774e+01 5.662394951670154114e+03
9.996982274479223918e+01 5.666158182732464411e+03
1.000050428273482623e+02 5.682067792569701851e+03
1.000258639848922257e+02 5.691577756961269188e+03
1.000361384309359494e+02 5.696299767616116696e+03
1.000463235257915500e+02 5.701000000000000000e+03
1.000565086206471506e+02 5.696299767616116696e+03
1.000667830666908742e+02 5.691577756961269188e+03
1.000876042242348376e+02 5.682067792569701851e+03
1.001228243067908750e+02 5.666158182732464411e+03
1.001312267188078522e+02 5.662394951670154114e+03
1.001318351450562005e+02 5.662122929592526816e+03
1.001324438747961239e+02 5.661850836085401170e+03
1.001336622455594068e+02 5.661306434670083945e+03
1.001361026379131260e+02 5.660216773446381922e+03
1.001362544763089204e+02 5.660149010020322748e+03
1.001376697297893656e+02 5.659517593057181330e+03
1.001390866213391746e+02 5.658885791585033076e+03
1.001419253287811699e+02 5.657621033707950119e+03
1.001476225125355484e+02 5.655086888358275246e+03
1.001590965317480766e+02 5.650000000000000000e+03
1.002063758567007028e+02 5.629272204888298802e+03
1.002400386589833374e+02 5.614737222997924619e+03
1.002746032834045025e+02 5.600000000000000000e+03
1.002850964538830851e+02 5.595559138360928046e+03
1.002956228481075698e+02 5.591113821732636097e+03
1.003167758901159914e+02 5.582209796666496004e+03
1.003594871220473976e+02 5.564347990646462677e+03
1.003980640374844882e+02 5.548347817202922670e+03
1.004175184032254862e+02 5.540326122140537336e+03
1.004370845448573846e+02 5.532289969591510271e+03
1.004765557217191798e+02 5.516174135411034513e+03
1.004964625965585157e+02 5.508094375114532340e+03
1.005164848823857255e+02 5.500000000000000000e+03
1.005606079221699360e+02 5.482274596889916211e+03
1.005828759120528986e+02 5.473386772410306548e+03
1.006052831382637009e+02 5.464482135951820965e+03
1.006458879438065281e+02 5.448443906490607333e+03
1.006663625517191747e+02 5.440404303246951713e+03
1.006869531650963410e+02 5.432350994423984048e+03
1.007284860696549913e+02 5.416203119612529008e+03
1.007494302482872968e+02 5.408108483110237103e+03
1.007704941635871307e+02 5.400000000000000000e+03
1.008166579299049204e+02 5.382341283162184482e+03
1.008633889557508496e+02 5.364619688891984879e+03
1.009493613178126452e+02 5.332414195103907332e+03
1.009539068041281666e+02 5.330725577178969615e+03
1.010372803802553676e+02 5.300000000000000000e+03
1.011237628960205086e+02 5.268613070347176290e+03
1.012121255106890487e+02 5.237037856906376874e+03
1.013175533802513257e+02 5.200000000000000000e+03
1.013720367607802473e+02 5.181123188790137647e+03
1.014272213256733153e+02 5.162181835061464881e+03
1.014831198366501184e+02 5.143175607226947250e+03
1.015397453607517946e+02 5.124104171424285596e+03
1.015414444762676283e+02 5.123534711241189143e+03
1.015431442499133254e+02 5.122965192817484422e+03
1.015465457730229701e+02 5.121825981212500665e+03
1.015499499329631021e+02 5.120686536537831671e+03
1.015533567326126558e+02 5.119546858721945682e+03
1.015577259597068718e+02 5.118086171107819609e+03
1.015620995317602961e+02 5.116625100430052953e+03
1.015664774548595801e+02 5.115163646537939712e+03
1.015708597351024878e+02 5.113701809280693851e+03
1.015796181908142160e+02 5.110783377244053554e+03
1.015883940720375023e+02 5.107863416640710057e+03
1.016002268951824590e+02 5.103933093874856240e+03
1.016120914584450077e+02 5.100000000000000000e+03
1.016127699735957037e+02 5.099775307355141194e+03
1.016192742587705737e+02 5.097622666933323671e+03
1.016270733572416702e+02 5.095044541692768689e+03
1.016348859571802024e+02 5.092465273752032772e+03
1.016505517928768683e+02 5.087303306729801989e+03
1.016662229698792146e+02 5.082152863521321706e+03
1.016819484760961529e+02 5.076997862837097273e+03
1.016976799559004832e+02 5.071854175867099912e+03
1.017134659611461842e+02 5.066705947393367751e+03
1.017151792880719086e+02 5.066147985041328866e+03
1.017168932583068965e+02 5.065589969318183648e+03
1.017203231300618711e+02 5.064473777727936067e+03
1.017237555791487722e+02 5.063357372561343254e+03
1.017271906083020951e+02 5.062240753757101629e+03
1.017340684177091958e+02 5.060006874990323922e+03
1.017409565802911970e+02 5.057772140936690448e+03
1.017547640526449868e+02 5.053300105003316276e+03
1.017686132026562262e+02 5.048824642022135777e+03
1.017965407801276001e+02 5.039830148983069193e+03
1.018246384757735541e+02 5.030821798014501837e+03
1.018729394493460489e+02 5.015431166328467953e+03
1.018972792850437656e+02 5.007720659996419272e+03
1.019217465924718908e+02 5.000000000000000000e+03
1.019716346608557842e+02 4.984350466656896970e+03
1.020220482776810798e+02 4.968660727985812628e+03
1.021244836430325762e+02 4.937160013312628507e+03
1.021855844160227207e+02 4.918608118927849318e+03
1.022474550506045858e+02 4.900000000000000000e+03
1.023748607770474450e+02 4.862230287249800313e+03
1.025055392715274962e+02 4.824236259859541860e+03
1.025160524859543614e+02 4.821211725570394265e+03
1.025265871271110427e+02 4.818185765245956645e+03
1.025477209372446339e+02 4.812129562455151245e+03
1.025902484189689687e+02 4.800000000000000000e+03
1.026021179505964653e+02 4.796628177874657922e+03
1.026140142217676043e+02 4.793254645241781873e+03
1.026673356724679991e+02 4.778205745655412102e+03
1.026941984301273578e+02 4.770668521131959096e+03
1.027211971652967861e+02 4.763122760832113272e+03
1.027832690497848205e+02 4.745886131456858493e+03
1.028460647855468437e+02 4.728604880064525787e+03
1.029422020146854351e+02 4.702447642573829398e+03
1.029467320365447165e+02 4.701223933096043766e+03
1.029512658071382418e+02 4.700000000000000000e+03
1.030593665281702584e+02 4.671047855811226327e+03
1.031695951320610618e+02 4.641974078156351425e+03
1.032441749172815832e+02 4.622554150333280631e+03
1.033317652734153143e+02 4.600000000000000000e+03
1.034022908022447780e+02 4.582035357707135518e+03
1.034123473587959836e+02 4.579487693472211504e+03
1.034224212307948676e+02 4.576939121644680199e+03
1.034426210916257816e+02 4.571839253271146845e+03
1.034832304840477519e+02 4.561628604046322835e+03
1.035652976983443665e+02 4.541163546563089767e+03
1.035721738231813873e+02 4.539459058171074503e+03
1.035790579154007958e+02 4.537754164709254837e+03
1.036556050598383223e+02 4.518901882588699664e+03
1.037331433519536432e+02 4.500000000000000000e+03
1.037443626530925229e+02 4.497281034716017530e+03
1.037556026877718836e+02 4.494561065026764481e+03
1.038462799857196046e+02 4.472764117764656476e+03
1.039383166165805648e+02 4.450902561122331463e+03
1.041265862509834221e+02 4.406984467210255389e+03
1.041569509583379158e+02 4.400000000000000000e+03
1.042191856348167107e+02 4.385768783619147143e+03
1.042820329335535661e+02 4.371510725873732554e+03
1.044414735150017322e+02 4.335839642122849909e+03
1.046049181301858653e+02 4.300000000000000000e+03
1.048265032902780547e+02 4.252544907707078892e+03
1.049294934583225682e+02 4.230918457524750920e+03
1.050038278428124556e+02 4.215474635658658372e+03
1.050789779973045199e+02 4.200000000000000000e+03
1.052320871423418112e+02 4.168895314184890594e+03
1.053886240511342294e+02 4.137666949604132242e+03
1.053955490418660190e+02 4.136298565928655080e+03
1.054878198510404559e+02 4.118170185945573394e+03
1.055813000247959224e+02 4.100000000000000000e+03
1.057721830108070549e+02 4.063495247384585582e+03
1.059681929830565537e+02 4.026822041401353090e+03
1.060044575074752231e+02 4.020124987488006354e+03
1.060409000466082574e+02 4.013422300691796409e+03
1.061143242683557162e+02 4.000000000000000000e+03
1.061410382558414085e+02 3.995143612901741562e+03
1.061678477606457704e+02 3.990284269093446710e+03
1.062686056063998308e+02 3.972149362520172872e+03
1.063707231861909008e+02 3.953973216789043363e+03
1.063836712973548515e+02 3.951683009119788494e+03
1.063966414211531344e+02 3.949392145892666576e+03
1.064226479248268760e+02 3.944808451638598854e+03
1.064863820826777498e+02 3.933629798901071808e+03
1.065506492575153459e+02 3.922435527900394845e+03
1.066154559887557127e+02 3.911225605882083528e+03
1.066808089241569064e+02 3.900000000000000000e+03
1.068130646137869633e+02 3.877521237213616132e+03
1.069475863994409082e+02 3.854979169015443404e+03
1.072236585971321148e+02 3.809704043666336020e+03
1.072537126867696600e+02 3.804853485772945078e+03
1.072838788884427288e+02 3.800000000000000000e+03
1.073813056171510567e+02 3.784427856473555948e+03
1.074799132658402243e+02 3.768825250797792251e+03
1.076807560717634544e+02 3.737528294758099491e+03
1.079270968647817028e+02 3.700000000000000000e+03
1.081401487431846533e+02 3.668280721280808848e+03
1.082707623282024088e+02 3.649163394452884859e+03
1.084033946605014194e+02 3.630000000000000000e+03
1.085083645884511867e+02 3.614999772910571210e+03
1.085612072297100212e+02 3.607499829684217730e+03
1.086142905741402558e+02 3.600000000000000000e+03
1.087802186770887829e+02 3.576775986262010065e+03
1.088640696176475586e+02 3.565164474887929828e+03
1.089485205990047803e+02 3.553553293824999400e+03
1.091456139664951195e+02 3.526775768576072096e+03
1.093460193404820870e+02 3.500000000000000000e+03
1.094063735655089573e+02 3.492023793463924903e+03
1.094979324818103521e+02 3.480000000000000000e+03
1.095894913981117327e+02 3.492023793463924903e+03
1.096498456231386029e+02 3.500000000000000000e+03
1.098502509971255563e+02 3.526775768576072096e+03
1.100473443646158955e+02 3.553553293824999400e+03
1.101317953459731314e+02 3.565164474887929828e+03
1.102156462865319213e+02 3.576775986262010065e+03
1.103815743894804342e+02 3.600000000000000000e+03
1.104346577339106545e+02 3.607499829684217730e+03
1.104875003751695033e+02 3.614999772910571210e+03
1.105924703031192706e+02 3.630000000000000000e+03
1.107251026354182670e+02 3.649163394452884859e+03
1.108557162204360225e+02 3.668280721280808848e+03
1.110687680988390014e+02 3.700000000000000000e+03
1.113151088918572214e+02 3.737528294758099491e+03
1.115159516977804657e+02 3.768825250797792251e+03
1.116145593464696333e+02 3.784427856473555948e+03
1.117119860751779612e+02 3.800000000000000000e+03
1.117421522768510300e+02 3.804853485772945078e+03
1.117722063664885752e+02 3.809704043666336020e+03
1.120482785641797818e+02 3.854979169015443404e+03
1.121828003498337125e+02 3.877521237213616132e+03
1.123150560394637978e+02 3.900000000000000000e+03
1.123804089748649631e+02 3.911225605882083528e+03
1.124452157061053441e+02 3.922435527900394845e+03
1.125094828809429401e+02 3.933629798901071808e+03
1.125732170387938140e+02 3.944808451638598854e+03
1.125992235424675698e+02 3.949392145892666576e+03
1.126121936662658527e+02 3.951683009119788494e+03
1.126251417774297892e+02 3.953973216789043363e+03
1.127272593572208450e+02 3.972149362520172872e+03
1.128280172029749338e+02 3.990284269093446710e+03
1.128548267077792815e+02 3.995143612901741562e+03
1.128815406952649596e+02 4.000000000000000000e+03
1.129549649170124326e+02 4.013422300691796409e+03
1.129914074561454669e+02 4.020124987488006354e+03
1.130276719805641505e+02 4.026822041401353090e+03
1.132236819528136209e+02 4.063495247384585582e+03
1.134145649388247534e+02 4.100000000000000000e+03
1.135080451125802199e+02 4.118170185945573394e+03
1.136003159217546568e+02 4.136298565928655080e+03
1.136072409124864606e+02 4.137666949604132242e+03
1.137637778212788646e+02 4.168895314184890594e+03
1.139168869663161558e+02 4.200000000000000000e+03
1.139920371208082202e+02 4.215474635658658372e+03
1.140663715052981217e+02 4.230918457524750920e+03
1.141693616733426211e+02 4.252544907707078892e+03
1.143909468334348105e+02 4.300000000000000000e+03
1.145543914486189578e+02 4.335839642122849909e+03
1.147138320300671239e+02 4.371510725873732554e+03
1.147766793288039651e+02 4.385768783619147143e+03
1.148389140052827742e+02 4.400000000000000000e+03
1.148692787126372536e+02 4.406984467210255389e+03
1.150575483470401252e+02 4.450902561122331463e+03
1.151495849779010854e+02 4.472764117764656476e+03
1.152402622758488064e+02 4.494561065026764481e+03
1.152515023105281671e+02 4.497281034716017530e+03
1.152627216116670468e+02 4.500000000000000000e+03
1.153402599037823677e+02 4.518901882588699664e+03
1.154168070482198800e+02 4.537754164709254837e+03
1.154236911404393027e+02 4.539459058171074503e+03
1.154305672652763235e+02 4.541163546563089767e+03
1.155126344795729381e+02 4.561628604046322835e+03
1.155532438719949084e+02 4.571839253271146845e+03
1.155734437328258224e+02 4.576939121644680199e+03
1.155835176048247064e+02 4.579487693472211504e+03
1.155935741613758978e+02 4.582035357707135518e+03
1.156640996902053757e+02 4.600000000000000000e+03
1.157516900463391067e+02 4.622554150333280631e+03
1.158262698315596140e+02 4.641974078156351425e+03
1.159364984354504315e+02 4.671047855811226327e+03
1.160445991564824340e+02 4.700000000000000000e+03
1.160491329270759593e+02 4.701223933096043766e+03
1.160536629489352549e+02 4.702447642573829398e+03
1.161498001780738321e+02 4.728604880064525787e+03
1.162125959138358695e+02 4.745886131456858493e+03
1.162746677983238897e+02 4.763122760832113272e+03
1.163016665334933180e+02 4.770668521131959096e+03
1.163285292911526767e+02 4.778205745655412102e+03
1.163818507418530714e+02 4.793254645241781873e+03
1.163937470130242104e+02 4.796628177874657922e+03
1.164056165446517070e+02 4.800000000000000000e+03
1.164481440263760703e+02 4.812129562455151245e+03
1.164692778365096331e+02 4.818185765245956645e+03
1.164798124776663144e+02 4.821211725570394265e+03
1.164903256920931938e+02 4.824236259859541860e+03
1.166210041865732308e+02 4.862230287249800313e+03
1.167484099130161042e+02 4.900000000000000000e+03
1.168102805475979693e+02 4.918608118927849318e+03
1.168713813205881138e+02 4.937160013312628507e+03
1.169738166859395960e+02 4.968660727985812628e+03
1.170242303027648916e+02 4.984350466656896970e+03
1.170741183711487849e+02 5.000000000000000000e+03
1.170985856785769101e+02 5.007720659996419272e+03
1.171229255142746410e+02 5.015431166328467953e+03
1.171712264878471217e+02 5.030821798014501837e+03
1.171993241834930757e+02 5.039830148983069193e+03
1.172272517609644638e+02 5.048824642022135777e+03
1.172411009109757032e+02 5.053300105003316276e+03
1.172549083833294787e+02 5.057772140936690448e+03
1.172617965459114941e+02 5.060006874990323922e+03
1.172686743553185806e+02 5.062240753757101629e+03
1.172721093844719178e+02 5.063357372561343254e+03
1.172755418335588047e+02 5.064473777727936067e+03
1.172789717053137792e+02 5.065589969318183648e+03
1.172806856755487672e+02 5.066147985041328866e+03
1.172823990024745058e+02 5.066705947393367751e+03
1.172981850077201926e+02 5.071854175867099912e+03
1.173139164875245513e+02 5.076997862837097273e+03
1.173296419937414612e+02 5.082152863521321706e+03
1.173453131707438217e+02 5.087303306729801989e+03
1.173609790064404876e+02 5.092465273752032772e+03
1.173687916063790198e+02 5.095044541692768689e+03
1.173765907048501163e+02 5.097622666933323671e+03
1.173830949900250005e+02 5.099775307355141194e+03
1.173837735051756965e+02 5.100000000000000000e+03
1.173956380684382310e+02 5.103933093874856240e+03
1.174074708915831877e+02 5.107863416640710057e+03
1.174162467728064740e+02 5.110783377244053554e+03
1.174250052285182164e+02 5.113701809280693851e+03
1.174293875087611241e+02 5.115163646537939712e+03
1.174337654318603938e+02 5.116625100430052953e+03
1.174381390039138182e+02 5.118086171107819609e+03
1.174425082310080484e+02 5.119546858721945682e+03
1.174459150306576021e+02 5.120686536537831671e+03
1.174493191905977341e+02 5.121825981212500665e+03
1.174527207137073646e+02 5.122965192817484422e+03
1.174544204873530759e+02 5.123534711241189143e+03
1.174561196028689096e+02 5.124104171424285596e+03
1.175127451269705716e+02 5.143175607226947250e+03
1.175686436379473889e+02 5.162181835061464881e+03
1.176238282028404569e+02 5.181123188790137647e+03
1.176783115833693785e+02 5.200000000000000000e+03
1.177837394529316555e+02 5.237037856906376874e+03
1.178721020676001956e+02 5.268613070347176290e+03
1.179585845833653366e+02 5.300000000000000000e+03
1.180419581594925376e+02 5.330725577178969615e+03
1.180465036458080874e+02 5.332414195103907332e+03
1.181324760078698688e+02 5.364619688891984879e+03
1.181792070337158123e+02 5.382341283162184482e+03
1.182253708000335877e+02 5.400000000000000000e+03
1.182464347153334074e+02 5.408108483110237103e+03
1.182673788939657129e+02 5.416203119612529008e+03
1.183089117985243632e+02 5.432350994423984048e+03
1.183295024119015295e+02 5.440404303246951713e+03
1.183499770198141618e+02 5.448443906490607333e+03
1.183905818253569748e+02 5.464482135951820965e+03
1.184129890515677914e+02 5.473386772410306548e+03
1.184352570414507397e+02 5.482274596889916211e+03
1.184793800812349502e+02 5.500000000000000000e+03
1.184994023670621459e+02 5.508094375114532340e+03
1.185193092419015102e+02 5.516174135411034513e+03
1.185587804187632912e+02 5.532289969591510271e+03
1.185783465603951896e+02 5.540326122140537336e+03
1.185978009261361876e+02 5.548347817202922670e+03
1.186363778415733066e+02 5.564347990646462677e+03
1.186790890735046844e+02 5.582209796666496004e+03
1.187002421155131060e+02 5.591113821732636097e+03
1.187107685097375906e+02 5.595559138360928046e+03
1.187212616802161733e+02 5.600000000000000000e+03
1.187558263046373384e+02 5.614737222997924619e+03
1.187894891069200014e+02 5.629272204888298802e+03
1.188367684318725992e+02 5.650000000000000000e+03
1.188482424510851274e+02 5.655086888358275246e+03
1.188539396348395201e+02 5.657621033707950119e+03
1.188567783422815012e+02 5.658885791585033076e+03
1.188581952338313101e+02 5.659517593057181330e+03
1.188596104873117554e+02 5.660149010020322748e+03
1.188597623257075497e+02 5.660216773446381922e+03
1.188622027180612548e+02 5.661306434670083945e+03
1.188634210888245377e+02 5.661850836085401170e+03
1.188640298185644610e+02 5.662122929592526816e+03
1.188646382448128094e+02 5.662394951670154114e+03
1.188730406568298008e+02 5.666158182732464411e+03
1.189082607393858098e+02 5.682067792569701851e+03
1.189290818969298016e+02 5.691577756961269188e+03
1.189393563429735252e+02 5.696299767616116696e+03
1.189495414378291116e+02 5.701000000000000000e+03
1.189797443118112739e+02 5.716005170388375518e+03
1.190095963871124951e+02 5.730947898682818050e+03
1.190129084902655165e+02 5.732612718651146679e+03
1.190162162961748038e+02 5.734276765325053020e+03
1.190196388523628741e+02 5.736000000000000000e+03
1.190539786563756479e+02 5.753372645957148961e+03
1.190682703638567546e+02 5.760647581597568205e+03
1.190811905682241303e+02 5.767247208179240261e+03
1.190885185127293937e+02 5.771000000000000000e+03
1.191035754145270573e+02 5.778745214811430742e+03
1.191050664564507855e+02 5.779515157886744419e+03
1.191134949897838595e+02 5.783877590861345197e+03
1.191300127160962319e+02 5.792477131407868910e+03
1.191409520840533389e+02 5.798209559798375267e+03
1.191676461381421177e+02 5.812324404815953130e+03
1.191838841271870706e+02 5.821000000000000000e+03
1.192063007575472398e+02 5.833090747999037376e+03
1.192091984953299573e+02 5.834663479482633193e+03
1.192106439353015617e+02 5.835448831251936099e+03
1.192113658001658933e+02 5.835841254024722730e+03
1.192120870957470800e+02 5.836233508201259610e+03
1.192150989795579932e+02 5.837872951980803009e+03
1.192166012017583228e+02 5.838691570176271853e+03
1.192173513853192901e+02 5.839100603783760562e+03
1.192177262455125799e+02 5.839305051769019883e+03
1.192181009514271750e+02 5.839509453895870138e+03
1.192258699648116931e+02 5.843756106197040936e+03
1.192281831155074343e+02 5.845023708057446129e+03
1.192495479760117405e+02 5.856801948922146948e+03
1.192749961811996684e+02 5.871000000000000000e+03
1.192931731390590357e+02 5.881256383119759448e+03
1.193109742460802352e+02 5.891395956763047252e+03
1.193368767171556897e+02 5.906322774931001732e+03
1.193619972846694992e+02 5.921000000000000000e+03
1.193722612940197223e+02 5.927055336232162517e+03
1.193823967205131282e+02 5.933068701681323546e+03
1.194022903129319388e+02 5.944971253664713913e+03
1.194216948326666170e+02 5.956711063565764562e+03
1.194334481054938237e+02 5.963885586377381514e+03
1.194450244014172569e+02 5.971000000000000000e+03
1.194654798742477197e+02 5.984097967492593853e+03
1.194857269015621881e+02 5.997145694263439509e+03
1.195002956427415484e+02 6.006585953588864868e+03
1.195147571621276086e+02 6.016000000000000000e+03
1.195256055529957848e+02 6.023090516904660944e+03
1.195487110802145452e+02 6.038274581129143371e+03
1.195646802857634015e+02 6.048834999067952594e+03
1.195829743870854713e+02 6.061000000000000000e+03
1.195996571970872964e+02 6.072156670230864620e+03
1.196161949424519548e+02 6.083276379584152892e+03
1.196246308546975143e+02 6.088971767949280547e+03
1.196330292039455685e+02 6.094657484409988683e+03
1.196497141189856848e+02 6.106000000000000000e+03
1.196578938859313155e+02 6.111583532987353465e+03
1.196660379416639302e+02 6.117157741448922025e+03
1.196822197634288329e+02 6.128278278070941269e+03
1.196904730649412301e+02 6.133973282880642728e+03
1.196986896074991193e+02 6.139658554866933628e+03
1.197068696146051821e+02 6.145334118958759063e+03
1.197109459871291079e+02 6.148168268311272186e+03
1.197150133088172907e+02 6.151000000000000000e+03
1.197388033884835181e+02 6.168475816192898492e+03
1.197625564005740983e+02 6.186000000000000000e+03
1.197861417079260775e+02 6.203475292094711222e+03
1.198096931638106639e+02 6.221000000000000000e+03
1.198297473153010770e+02 6.235981114146495202e+03
1.198430951122561510e+02 6.245982315499501055e+03
1.198564328835249171e+02 6.256000000000000000e+03
1.198680312635388816e+02 6.264730751490902549e+03
1.198796226470772410e+02 6.273474316488087425e+03
1.198912070550459248e+02 6.282230723220483014e+03
1.199027845083131467e+02 6.291000000000000000e+03
1.199159465184972646e+02 6.300991482874092981e+03
1.199291001818705809e+02 6.311000000000000000e+03
1.199398038119939685e+02 6.319161558655203407e+03
1.199451536635715598e+02 6.323246641096669919e+03
1.199505022088408310e+02 6.327334596315524323e+03
1.199552935975226546e+02 6.331000000000000000e+03
1.199603820256635487e+02 6.334896038686511019e+03
1.199654693320156582e+02 6.338794716459812662e+03
1.199705555182125067e+02 6.342696036002298570e+03
1.199730981917476811e+02 6.344647687276229590e+03
1.199756405858561550e+02 6.346600000000000364e+03
1.199809370949369907e+02 6.351300000000000182e+03
1.199835823880905536e+02 6.353650000000000546e+03
1.199849042952888141e+02 6.354825000000000728e+03
1.199862257099363774e+02 6.356000000000000000e+03
1.199931193880246099e+02 6.363500000000000000e+03
1.199965601053620645e+02 6.367250000000000000e+03
1.199982789367797977e+02 6.369125000000000000e+03
1.199991379710719883e+02 6.370062500000000000e+03
1.199999967512371200e+02 6.371000000000000000e+03
