6.000000000000000000e+01 5.771000000000000000e+03
6.001920953845324647e+01 5.767247208179240261e+03
6.005309119112589400e+01 5.760647581597568205e+03
6.009058809439176940e+01 5.753372645957148961e+03
6.018076527060674152e+01 5.736000000000000000e+03
6.018975923998978317e+01 5.734276765325053020e+03
6.019845274242933897e+01 5.732612718651146679e+03
6.020715860296969879e+01 5.730947898682818050e+03
6.028567292287501544e+01 5.716005170388375518e+03
6.036519855733171624e+01 5.701000000000000000e+03
6.039250619633388339e+01 5.696299767616116696e+03
6.042007836991519554e+01 5.691577756961269188e+03
6.047603065662610078e+01 5.682067792569701851e+03
6.057091455076648856e+01 5.666158182732464411e+03
6.059359545940818492e+01 5.662394951670154114e+03
6.059523847461998258e+01 5.662122929592526816e+03
6.059688240004234672e+01 5.661850836085401170e+03
6.060017298432694588e+01 5.661306434670083945e+03
6.060676510643144610e+01 5.660216773446381922e+03
6.060717530888832272e+01 5.660149010020322748e+03
6.061099899083804843e+01 5.659517593057181330e+03
6.061482759056785596e+01 5.658885791585033076e+03
6.062249957862321281e+01 5.657621033707950119e+03
6.063790295806976616e+01 5.655086888358275246e+03
6.066894933978756654e+01 5.650000000000000000e+03
6.079722254990490882e+01 5.629272204888298802e+03
6.088889597046489399e+01 5.614737222997924619e+03
6.098332671873276212e+01 5.600000000000000000e+03
6.101204738370071823e+01 5.595559138360928046e+03
6.104087192369424741e+01 5.591113821732636097e+03
6.109883483643736213e+01 5.582209796666496004e+03
6.121603171464443705e+01 5.564347990646462677e+03
6.132207070388182046e+01 5.548347817202922670e+03
6.137561386828307519e+01 5.540326122140537336e+03
6.142951066158924078e+01 5.532289969591510271e+03
6.153837895593731844e+01 5.516174135411034513e+03
6.159335760990009589e+01 5.508094375114532340e+03
6.164870403525674902e+01 5.500000000000000000e+03
6.177084330734685125e+01 5.482274596889916211e+03
6.183257473301216578e+01 5.473386772410306548e+03
6.189475365875518520e+01 5.464482135951820965e+03
6.200758815501546195e+01 5.448443906490607333e+03
6.206456176975132877e+01 5.440404303246951713e+03
6.212191113195841297e+01 5.432350994423984048e+03
6.223775190621680053e+01 5.416203119612529008e+03
6.229625097792195021e+01 5.408108483110237103e+03
6.235514094924573669e+01 5.400000000000000000e+03
6.248440155668968288e+01 5.382341283162184482e+03
6.261552720383269133e+01 5.364619688891984879e+03
6.285749962257831669e+01 5.332414195103907332e+03
6.287031993952655284e+01 5.330725577178969615e+03
6.310595568907521624e+01 5.300000000000000000e+03
6.335135550290621609e+01 5.268613070347176290e+03
6.360313094113209331e+01 5.237037856906376874e+03
6.390493739732533385e+01 5.200000000000000000e+03
6.406151466100037339e+01 5.181123188790137647e+03
6.422053290766808686e+01 5.162181835061464881e+03
6.438205107943399241e+01 5.143175607226947250e+03
6.454613017367147165e+01 5.124104171424285596e+03
6.455106078462804930e+01 5.123534711241189143e+03
6.455599372844991990e+01 5.122965192817484422e+03
6.456586662147526567e+01 5.121825981212500665e+03
6.457574886643502055e+01 5.120686536537831671e+03
6.458564047701263178e+01 5.119546858721945682e+03
6.459832898171012516e+01 5.118086171107819609e+03
6.461103291528819170e+01 5.116625100430052953e+03
6.462375230674278725e+01 5.115163646537939712e+03
6.463648718514815528e+01 5.113701809280693851e+03
6.466194769128622966e+01 5.110783377244053554e+03
6.468747022359328014e+01 5.107863416640710057e+03
6.472190119531072128e+01 5.103933093874856240e+03
6.475644540243096969e+01 5.100000000000000000e+03
6.475842156248441484e+01 5.099775307355141194e+03
6.477736858296755429e+01 5.097622666933323671e+03
6.480009561822075170e+01 5.095044541692768689e+03
6.482287099647116690e+01 5.092465273752032772e+03
6.486856741849028651e+01 5.087303306729801989e+03
6.491431585620819078e+01 5.082152863521321706e+03
6.496025966389181860e+01 5.076997862837097273e+03
6.500625791496995021e+01 5.071854175867099912e+03
6.505245292678455371e+01 5.066705947393367751e+03
6.505746893713823908e+01 5.066147985041328866e+03
6.506248727346741134e+01 5.065589969318183648e+03
6.507253093073697414e+01 5.064473777727936067e+03
6.508258391207321836e+01 5.063357372561343254e+03
6.509264623095319280e+01 5.062240753757101629e+03
6.511279893514397088e+01 5.060006874990323922e+03
6.513298915193843186e+01 5.057772140936690448e+03
6.517348255712039418e+01 5.053300105003316276e+03
6.521412732466779971e+01 5.048824642022135777e+03
6.529617888235014789e+01 5.039830148983069193e+03
6.537885119678051637e+01 5.030821798014501837e+03
6.552125383645372381e+01 5.015431166328467953e+03
6.559315152614958322e+01 5.007720659996419272e+03
6.566551977402467344e+01 5.000000000000000000e+03
6.581336845956489867e+01 4.984350466656896970e+03
6.596317543526419058e+01 4.968660727985812628e+03
6.626882940786641996e+01 4.937160013312628507e+03
6.645196583646246324e+01 4.918608118927849318e+03
6.663804542322810676e+01 4.900000000000000000e+03
6.702326819701515603e+01 4.862230287249800313e+03
6.742131175608479055e+01 4.824236259859541860e+03
6.745346651766132595e+01 4.821211725570394265e+03
6.748570674202551345e+01 4.818185765245956645e+03
6.755044504091343072e+01 4.812129562455151245e+03
6.768096342062331416e+01 4.800000000000000000e+03
6.771745033063211849e+01 4.796628177874657922e+03
6.775404518597436265e+01 4.793254645241781873e+03
6.791838936286025330e+01 4.778205745655412102e+03
6.800138321219040449e+01 4.770668521131959096e+03
6.808493280853545571e+01 4.763122760832113272e+03
6.827753974570551065e+01 4.745886131456858493e+03
6.847314148672489864e+01 4.728604880064525787e+03
6.877408587251480299e+01 4.702447642573829398e+03
6.878831155108888140e+01 4.701223933096043766e+03
6.880255310004841363e+01 4.700000000000000000e+03
6.914333826680116601e+01 4.671047855811226327e+03
6.949328712923768592e+01 4.641974078156351425e+03
6.973150427731903278e+01 4.622554150333280631e+03
7.001280526422266348e+01 4.600000000000000000e+03
7.024052286805913070e+01 4.582035357707135518e+03
7.027308400302976565e+01 4.579487693472211504e+03
7.030572387383665500e+01 4.576939121644680199e+03
7.037124110458040604e+01 4.571839253271146845e+03
7.050323461971066763e+01 4.561628604046322835e+03
7.077113238067630618e+01 4.541163546563089767e+03
7.079364954405316723e+01 4.539459058171074503e+03
7.081620388657859166e+01 4.537754164709254837e+03
7.106774923686711531e+01 4.518901882588699664e+03
7.132398501818718728e+01 4.500000000000000000e+03
7.136118208472804270e+01 4.497281034716017530e+03
7.139847881280432773e+01 4.494561065026764481e+03
7.170050914197801717e+01 4.472764117764656476e+03
7.200919134678541411e+01 4.450902561122331463e+03
7.264755205372462399e+01 4.406984467210255389e+03
7.275140868628366775e+01 4.400000000000000000e+03
7.296507219536991329e+01 4.385768783619147143e+03
7.318194947586411558e+01 4.371510725873732554e+03
7.373731900800476069e+01 4.335839642122849909e+03
7.431465907313558716e+01 4.300000000000000000e+03
7.511114195655208903e+01 4.252544907707078892e+03
7.548704423342979908e+01 4.230918457524750920e+03
7.576071575902446398e+01 4.215474635658658372e+03
7.603946483938341316e+01 4.200000000000000000e+03
7.661407487590098242e+01 4.168895314184890594e+03
7.721130015143857861e+01 4.137666949604132242e+03
7.723795806801609842e+01 4.136298565928655080e+03
7.759514284618097690e+01 4.118170185945573394e+03
7.796087921954821809e+01 4.100000000000000000e+03
7.872044707229864002e+01 4.063495247384585582e+03
7.951952387000520162e+01 4.026822041401353090e+03
7.966962648962912397e+01 4.020124987488006354e+03
7.982120766152517888e+01 4.013422300691796409e+03
8.012892404470721885e+01 4.000000000000000000e+03
8.024166449171480053e+01 3.995143612901741562e+03
8.035523724840885507e+01 3.990284269093446710e+03
8.078602081813663460e+01 3.972149362520172872e+03
8.122923027140420515e+01 3.953973216789043363e+03
8.128592116691379488e+01 3.951683009119788494e+03
8.134282234148005841e+01 3.949392145892666576e+03
8.145726200572309494e+01 3.944808451638598854e+03
8.173971188327683990e+01 3.933629798901071808e+03
8.202747189820844653e+01 3.922435527900394845e+03
8.232075508579185907e+01 3.911225605882083528e+03
8.261978921277271581e+01 3.900000000000000000e+03
8.323556308674059778e+01 3.877521237213616132e+03
8.387749364163575194e+01 3.854979169015443404e+03
8.525038134276536539e+01 3.809704043666336020e+03
8.540482261649185602e+01 3.804853485772945078e+03
8.556090598198825603e+01 3.800000000000000000e+03
8.607260718600009852e+01 3.784427856473555948e+03
8.660307090007660236e+01 3.768825250797792251e+03
8.772718672759511094e+01 3.737528294758099491e+03
8.920066186939493491e+01 3.700000000000000000e+03
9.058088686573184134e+01 3.668280721280808848e+03
9.148836566890285837e+01 3.649163394452884859e+03
9.246916122184401843e+01 3.630000000000000000e+03
9.329199045199038665e+01 3.614999772910571210e+03
9.372223730854533130e+01 3.607499829684217730e+03
9.416649373314317018e+01 3.600000000000000000e+03
9.564640443262511837e+01 3.576775986262010065e+03
9.645819620925783511e+01 3.565164474887929828e+03
9.733101797122134258e+01 3.553553293824999400e+03
9.967203863982659584e+01 3.526775768576072096e+03
1.028933272336689981e+02 3.500000000000000000e+03
1.042685801514075195e+02 3.492023793463924903e+03
1.089606204083274008e+02 3.480000000000000000e+03
1.136526606652472822e+02 3.492023793463924903e+03
1.150279135829857893e+02 3.500000000000000000e+03
1.182492021768282058e+02 3.526775768576072096e+03
1.205902228454334590e+02 3.553553293824999400e+03
1.214630446073969665e+02 3.565164474887929828e+03
1.222748363840296690e+02 3.576775986262010065e+03
1.237547470835116172e+02 3.600000000000000000e+03
1.241990035081094561e+02 3.607499829684217730e+03
1.246292503646644008e+02 3.614999772910571210e+03
1.254520795948107548e+02 3.630000000000000000e+03
1.264328751477519148e+02 3.649163394452884859e+03
1.273403539509229319e+02 3.668280721280808848e+03
1.287205789472598383e+02 3.700000000000000000e+03
1.301940540890596480e+02 3.737528294758099491e+03
1.313181699165781708e+02 3.768825250797792251e+03
1.318486336306546605e+02 3.784427856473555948e+03
1.323603348346665314e+02 3.800000000000000000e+03
1.325164182001629172e+02 3.804853485772945078e+03
1.326708594738894078e+02 3.809704043666336020e+03
1.340437471750190070e+02 3.854979169015443404e+03
1.346856777299141754e+02 3.877521237213616132e+03
1.353014516038820716e+02 3.900000000000000000e+03
1.356004857308629141e+02 3.911225605882083528e+03
1.358937689184463125e+02 3.922435527900394845e+03
1.361815289333779333e+02 3.933629798901071808e+03
1.364639788109316783e+02 3.944808451638598854e+03
1.365784184751747148e+02 3.949392145892666576e+03
1.366353196497409783e+02 3.951683009119788494e+03
1.366920105452505823e+02 3.953973216789043363e+03
1.371352199985181528e+02 3.972149362520172872e+03
1.375660035682459181e+02 3.990284269093446710e+03
1.376795763249400011e+02 3.995143612901741562e+03
1.377923167719475543e+02 4.000000000000000000e+03
1.381000331551296085e+02 4.013422300691796409e+03
1.382516143270256634e+02 4.020124987488006354e+03
1.384017169466495716e+02 4.026822041401353090e+03
1.392007937443561616e+02 4.063495247384585582e+03
1.399603615971065551e+02 4.100000000000000000e+03
1.403260979704738247e+02 4.118170185945573394e+03
1.406832827486387032e+02 4.136298565928655080e+03
1.407099406652162088e+02 4.137666949604132242e+03
1.413071659407538050e+02 4.168895314184890594e+03
1.418817759772713885e+02 4.200000000000000000e+03
1.421605250576303092e+02 4.215474635658658372e+03
1.424341965832250025e+02 4.230918457524750920e+03
1.428100988601026984e+02 4.252544907707078892e+03
1.436065817435192002e+02 4.300000000000000000e+03
1.441839218086500409e+02 4.335839642122849909e+03
1.447392913407906576e+02 4.371510725873732554e+03
1.449561686212848599e+02 4.385768783619147143e+03
1.451698321303711054e+02 4.400000000000000000e+03
1.452736887629301634e+02 4.406984467210255389e+03
1.459120494698693733e+02 4.450902561122331463e+03
1.462207316746767560e+02 4.472764117764656476e+03
1.465227620038504597e+02 4.494561065026764481e+03
1.465600587319267447e+02 4.497281034716017530e+03
1.465972557984675859e+02 4.500000000000000000e+03
1.468534915797876579e+02 4.518901882588699664e+03
1.471050369300761815e+02 4.537754164709254837e+03
1.471275912726015918e+02 4.539459058171074503e+03
1.471501084359784386e+02 4.541163546563089767e+03
1.474180061969441056e+02 4.561628604046322835e+03
1.475499997120743387e+02 4.571839253271146845e+03
1.476155169428180898e+02 4.576939121644680199e+03
1.476481568136250075e+02 4.579487693472211504e+03
1.476807179485956567e+02 4.582035357707135518e+03
1.479084355524321097e+02 4.600000000000000000e+03
1.481897365393357404e+02 4.622554150333280631e+03
1.484279536874170731e+02 4.641974078156351425e+03
1.487779025498535930e+02 4.671047855811226327e+03
1.491186877166063596e+02 4.700000000000000000e+03
1.491329292655659060e+02 4.701223933096043766e+03
1.491471549441399702e+02 4.702447642573829398e+03
1.494480993299298746e+02 4.728604880064525787e+03
1.496437010709492483e+02 4.745886131456858493e+03
1.498363080081193175e+02 4.763122760832113272e+03
1.499198576044643687e+02 4.770668521131959096e+03
1.500028514537945341e+02 4.778205745655412102e+03
1.501671956306804248e+02 4.793254645241781873e+03
1.502037904860226547e+02 4.796628177874657922e+03
1.502402773960314732e+02 4.800000000000000000e+03
1.503707957757413567e+02 4.812129562455151245e+03
1.504355340746292882e+02 4.818185765245956645e+03
1.504677742989934472e+02 4.821211725570394265e+03
1.504999290605699969e+02 4.824236259859541860e+03
1.508979726196396314e+02 4.862230287249800313e+03
1.512831953934266664e+02 4.900000000000000000e+03
1.514692749801923242e+02 4.918608118927849318e+03
1.516524114087883675e+02 4.937160013312628507e+03
1.519580653813906110e+02 4.968660727985812628e+03
1.521078723570898887e+02 4.984350466656896970e+03
1.522557210426301140e+02 5.000000000000000000e+03
1.523280892905052042e+02 5.007720659996419272e+03
1.523999869802010778e+02 5.015431166328467953e+03
1.525423896198743137e+02 5.030821798014501837e+03
1.526250619343046537e+02 5.039830148983069193e+03
1.527071134919870019e+02 5.048824642022135777e+03
1.527477582595344074e+02 5.053300105003316276e+03
1.527882516647163698e+02 5.057772140936690448e+03
1.528084418815108165e+02 5.060006874990323922e+03
1.528285945857016088e+02 5.062240753757101629e+03
1.528386569045815691e+02 5.063357372561343254e+03
1.528487098859177991e+02 5.064473777727936067e+03
1.528587535431873903e+02 5.065589969318183648e+03
1.528637718795165483e+02 5.066147985041328866e+03
1.528687878898702479e+02 5.066705947393367751e+03
1.529149829016848230e+02 5.071854175867099912e+03
1.529609811527629688e+02 5.076997862837097273e+03
1.530069249604466108e+02 5.082152863521321706e+03
1.530526733981645009e+02 5.087303306729801989e+03
1.530983698201836205e+02 5.092465273752032772e+03
1.531211451984340215e+02 5.095044541692768689e+03
1.531438722336872047e+02 5.097622666933323671e+03
1.531628192541703584e+02 5.099775307355141194e+03
1.531647954142238177e+02 5.100000000000000000e+03
1.531993396213440519e+02 5.103933093874856240e+03
1.532337705930615073e+02 5.107863416640710057e+03
1.532592931253685720e+02 5.110783377244053554e+03
1.532847536315066463e+02 5.113701809280693851e+03
1.532974885099120002e+02 5.115163646537939712e+03
1.533102079013665957e+02 5.116625100430052953e+03
1.533229118349446480e+02 5.118086171107819609e+03
1.533356003396421556e+02 5.119546858721945682e+03
1.533454919502197811e+02 5.120686536537831671e+03
1.533553741951795359e+02 5.121825981212500665e+03
1.533652470882049101e+02 5.122965192817484422e+03
1.533701800320267523e+02 5.123534711241189143e+03
1.533751106429833158e+02 5.124104171424285596e+03
1.535391897372207950e+02 5.143175607226947250e+03
1.537007079089867148e+02 5.162181835061464881e+03
1.538597261556544140e+02 5.181123188790137647e+03
1.540163034193294607e+02 5.200000000000000000e+03
1.543181098755227083e+02 5.237037856906376874e+03
1.545698853137485855e+02 5.268613070347176290e+03
1.548152851275796138e+02 5.300000000000000000e+03
1.550509208771282488e+02 5.330725577178969615e+03
1.550637411940764991e+02 5.332414195103907332e+03
1.553057136128221032e+02 5.364619688891984879e+03
1.554368392599650974e+02 5.382341283162184482e+03
1.555660998674090365e+02 5.400000000000000000e+03
1.556249898387328585e+02 5.408108483110237103e+03
1.556834889104379727e+02 5.416203119612529008e+03
1.557993296846963744e+02 5.432350994423984048e+03
1.558566790469034800e+02 5.440404303246951713e+03
1.559136526616393326e+02 5.448443906490607333e+03
1.560264871578996235e+02 5.464482135951820965e+03
1.560886660836426358e+02 5.473386772410306548e+03
1.561503975093079362e+02 5.482274596889916211e+03
1.562725367813980597e+02 5.500000000000000000e+03
1.563278832067547057e+02 5.508094375114532340e+03
1.563828618607174690e+02 5.516174135411034513e+03
1.564917301550655679e+02 5.532289969591510271e+03
1.565456269483717335e+02 5.540326122140537336e+03
1.565991701127729812e+02 5.548347817202922670e+03
1.567052091020103717e+02 5.564347990646462677e+03
1.568224059802174679e+02 5.582209796666496004e+03
1.568803688929605755e+02 5.591113821732636097e+03
1.569091934329541118e+02 5.595559138360928046e+03
1.569379140979220324e+02 5.600000000000000000e+03
1.570323448461899147e+02 5.614737222997924619e+03
1.571240182667499141e+02 5.629272204888298802e+03
1.572522914768672422e+02 5.650000000000000000e+03
1.572833378585850710e+02 5.655086888358275246e+03
1.572987412380315959e+02 5.657621033707950119e+03
1.573064132260869599e+02 5.658885791585033076e+03
1.573102418258167745e+02 5.659517593057181330e+03
1.573140655077664860e+02 5.660149010020322748e+03
1.573144757102233768e+02 5.660216773446381922e+03
1.573210678323278842e+02 5.661306434670083945e+03
1.573243584166124833e+02 5.661850836085401170e+03
1.573260023420348546e+02 5.662122929592526816e+03
1.573276453572466380e+02 5.662394951670154114e+03
1.573503262658883273e+02 5.666158182732464411e+03
1.574452101600287222e+02 5.682067792569701851e+03
1.575011624467396416e+02 5.691577756961269188e+03
1.575287346203209609e+02 5.696299767616116696e+03
1.575560422593231067e+02 5.701000000000000000e+03
1.575833498983252525e+02 5.696299767616116696e+03
1.576109220719065718e+02 5.691577756961269188e+03
1.576668743586174628e+02 5.682067792569701851e+03
1.577617582527578577e+02 5.666158182732464411e+03
1.577844391613995754e+02 5.662394951670154114e+03
1.577860821766113588e+02 5.662122929592526816e+03
1.577877261020337301e+02 5.661850836085401170e+03
1.577910166863183008e+02 5.661306434670083945e+03
1.577976088084228081e+02 5.660216773446381922e+03
1.577980190108796990e+02 5.660149010020322748e+03
1.578018426928294389e+02 5.659517593057181330e+03
1.578056712925592251e+02 5.658885791585033076e+03
1.578133432806146175e+02 5.657621033707950119e+03
1.578287466600611424e+02 5.655086888358275246e+03
1.578597930417789712e+02 5.650000000000000000e+03
1.579880662518962708e+02 5.629272204888298802e+03
1.580797396724562986e+02 5.614737222997924619e+03
1.581741704207241526e+02 5.600000000000000000e+03
1.582028910856921016e+02 5.595559138360928046e+03
1.582317156256856379e+02 5.591113821732636097e+03
1.582896785384287455e+02 5.582209796666496004e+03
1.584068754166358417e+02 5.564347990646462677e+03
1.585129144058732322e+02 5.548347817202922670e+03
1.585664575702744514e+02 5.540326122140537336e+03
1.586203543635806454e+02 5.532289969591510271e+03
1.587292226579287160e+02 5.516174135411034513e+03
1.587842013118914792e+02 5.508094375114532340e+03
1.588395477372481537e+02 5.500000000000000000e+03
1.589616870093382488e+02 5.482274596889916211e+03
1.590234184350035775e+02 5.473386772410306548e+03
1.590855973607465899e+02 5.464482135951820965e+03
1.591984318570068808e+02 5.448443906490607333e+03
1.592554054717427334e+02 5.440404303246951713e+03
1.593127548339498389e+02 5.432350994423984048e+03
1.594285956082082123e+02 5.416203119612529008e+03
1.594870946799133549e+02 5.408108483110237103e+03
1.595459846512371485e+02 5.400000000000000000e+03
1.596752452586810875e+02 5.382341283162184482e+03
1.598063709058241102e+02 5.364619688891984879e+03
1.600483433245697142e+02 5.332414195103907332e+03
1.600611636415179646e+02 5.330725577178969615e+03
1.602967993910665996e+02 5.300000000000000000e+03
1.605421992048975994e+02 5.268613070347176290e+03
1.607939746431234767e+02 5.237037856906376874e+03
1.610957810993167527e+02 5.200000000000000000e+03
1.612523583629917994e+02 5.181123188790137647e+03
1.614113766096594986e+02 5.162181835061464881e+03
1.615728947814253900e+02 5.143175607226947250e+03
1.617369738756628692e+02 5.124104171424285596e+03
1.617419044866194326e+02 5.123534711241189143e+03
1.617468374304413032e+02 5.122965192817484422e+03
1.617567103234666774e+02 5.121825981212500665e+03
1.617665925684264039e+02 5.120686536537831671e+03
1.617764841790040578e+02 5.119546858721945682e+03
1.617891726837015653e+02 5.118086171107819609e+03
1.618018766172796177e+02 5.116625100430052953e+03
1.618145960087342132e+02 5.115163646537939712e+03
1.618273308871395670e+02 5.113701809280693851e+03
1.618527913932776414e+02 5.110783377244053554e+03
1.618783139255847061e+02 5.107863416640710057e+03
1.619127448973021330e+02 5.103933093874856240e+03
1.619472891044223957e+02 5.100000000000000000e+03
1.619492652644758550e+02 5.099775307355141194e+03
1.619682122849589803e+02 5.097622666933323671e+03
1.619909393202121635e+02 5.095044541692768689e+03
1.620137146984625929e+02 5.092465273752032772e+03
1.620594111204816841e+02 5.087303306729801989e+03
1.621051595581996025e+02 5.082152863521321706e+03
1.621511033658832162e+02 5.076997862837097273e+03
1.621971016169613620e+02 5.071854175867099912e+03
1.622432966287759655e+02 5.066705947393367751e+03
1.622483126391296651e+02 5.066147985041328866e+03
1.622533309754588231e+02 5.065589969318183648e+03
1.622633746327283859e+02 5.064473777727936067e+03
1.622734276140646443e+02 5.063357372561343254e+03
1.622834899329446046e+02 5.062240753757101629e+03
1.623036426371353969e+02 5.060006874990323922e+03
1.623238328539298436e+02 5.057772140936690448e+03
1.623643262591118059e+02 5.053300105003316276e+03
1.624049710266592115e+02 5.048824642022135777e+03
1.624870225843415597e+02 5.039830148983069193e+03
1.625696948987718997e+02 5.030821798014501837e+03
1.627120975384451356e+02 5.015431166328467953e+03
1.627839952281409808e+02 5.007720659996419272e+03
1.628563634760160994e+02 5.000000000000000000e+03
1.630042121615563246e+02 4.984350466656896970e+03
1.631540191372556023e+02 4.968660727985812628e+03
1.634596731098578459e+02 4.937160013312628507e+03
1.636428095384538892e+02 4.918608118927849318e+03
1.638288891252195185e+02 4.900000000000000000e+03
1.642141118990065820e+02 4.862230287249800313e+03
1.646121554580762165e+02 4.824236259859541860e+03
1.646443102196527377e+02 4.821211725570394265e+03
1.646765504440169252e+02 4.818185765245956645e+03
1.647412887429048283e+02 4.812129562455151245e+03
1.648718071226147117e+02 4.800000000000000000e+03
1.649082940326235303e+02 4.796628177874657922e+03
1.649448888879657602e+02 4.793254645241781873e+03
1.651092330648516509e+02 4.778205745655412102e+03
1.651922269141818447e+02 4.770668521131959096e+03
1.652757765105268959e+02 4.763122760832113272e+03
1.654683834476969366e+02 4.745886131456858493e+03
1.656639851887163104e+02 4.728604880064525787e+03
1.659649295745062432e+02 4.702447642573829398e+03
1.659791552530803074e+02 4.701223933096043766e+03
1.659933968020398538e+02 4.700000000000000000e+03
1.663341819687926204e+02 4.671047855811226327e+03
1.666841308312291119e+02 4.641974078156351425e+03
1.669223479793104730e+02 4.622554150333280631e+03
1.672036489662141037e+02 4.600000000000000000e+03
1.674313665700505567e+02 4.582035357707135518e+03
1.674639277050212058e+02 4.579487693472211504e+03
1.674965675758280952e+02 4.576939121644680199e+03
1.675620848065718462e+02 4.571839253271146845e+03
1.676940783217020794e+02 4.561628604046322835e+03
1.679619760826677464e+02 4.541163546563089767e+03
1.679844932460446216e+02 4.539459058171074503e+03
1.680070475885700318e+02 4.537754164709254837e+03
1.682585929388585555e+02 4.518901882588699664e+03
1.685148287201786275e+02 4.500000000000000000e+03
1.685520257867194687e+02 4.497281034716017530e+03
1.685893225147957537e+02 4.494561065026764481e+03
1.688913528439694574e+02 4.472764117764656476e+03
1.692000350487768401e+02 4.450902561122331463e+03
1.698383957557160215e+02 4.406984467210255389e+03
1.699422523882750795e+02 4.400000000000000000e+03
1.701559158973613251e+02 4.385768783619147143e+03
1.703727931778555558e+02 4.371510725873732554e+03
1.709281627099961725e+02 4.335839642122849909e+03
1.715055027751270131e+02 4.300000000000000000e+03
1.723019856585435150e+02 4.252544907707078892e+03
1.726778879354212108e+02 4.230918457524750920e+03
1.729515594610159042e+02 4.215474635658658372e+03
1.732303085413748249e+02 4.200000000000000000e+03
1.738049185778924084e+02 4.168895314184890594e+03
1.744021438534300046e+02 4.137666949604132242e+03
1.744288017700075102e+02 4.136298565928655080e+03
1.747859865481723887e+02 4.118170185945573394e+03
1.751517229215396583e+02 4.100000000000000000e+03
1.759112907742900802e+02 4.063495247384585582e+03
1.767103675719966418e+02 4.026822041401353090e+03
1.768604701916205499e+02 4.020124987488006354e+03
1.770120513635166333e+02 4.013422300691796409e+03
1.773197677466986875e+02 4.000000000000000000e+03
1.774325081937062123e+02 3.995143612901741562e+03
1.775460809504002668e+02 3.990284269093446710e+03
1.779768645201280606e+02 3.972149362520172872e+03
1.784200739733956311e+02 3.953973216789043363e+03
1.784767648689052066e+02 3.951683009119788494e+03
1.785336660434714702e+02 3.949392145892666576e+03
1.786481057077145351e+02 3.944808451638598854e+03
1.789305555852682517e+02 3.933629798901071808e+03
1.792183156001998725e+02 3.922435527900394845e+03
1.795115987877832708e+02 3.911225605882083528e+03
1.798106329147641418e+02 3.900000000000000000e+03
1.804264067887319811e+02 3.877521237213616132e+03
1.810683373436271495e+02 3.854979169015443404e+03
1.824412250447567203e+02 3.809704043666336020e+03
1.825956663184832394e+02 3.804853485772945078e+03
1.827517496839796252e+02 3.800000000000000000e+03
1.832634508879914677e+02 3.784427856473555948e+03
1.837939146020679573e+02 3.768825250797792251e+03
1.849180304295864516e+02 3.737528294758099491e+03
1.863915055713862898e+02 3.700000000000000000e+03
1.877717305677231820e+02 3.668280721280808848e+03
1.886792093708942275e+02 3.649163394452884859e+03
1.896600049238353733e+02 3.630000000000000000e+03
1.904828341539817416e+02 3.614999772910571210e+03
1.909130810105366720e+02 3.607499829684217730e+03
1.913573374351344967e+02 3.600000000000000000e+03
1.928372481346164307e+02 3.576775986262010065e+03
1.936490399112491332e+02 3.565164474887929828e+03
1.945218616732126407e+02 3.553553293824999400e+03
1.968628823418179081e+02 3.526775768576072096e+03
2.000841709356603246e+02 3.500000000000000000e+03
2.014594238533988175e+02 3.492023793463924903e+03
2.061514641103186989e+02 3.480000000000000000e+03
2.108435043672385802e+02 3.492023793463924903e+03
2.122187572849770447e+02 3.500000000000000000e+03
2.154400458788194612e+02 3.526775768576072096e+03
2.177810665474247287e+02 3.553553293824999400e+03
2.186538883093882362e+02 3.565164474887929828e+03
2.194656800860209387e+02 3.576775986262010065e+03
2.209455907855029011e+02 3.600000000000000000e+03
2.213898472101007258e+02 3.607499829684217730e+03
2.218200940666556562e+02 3.614999772910571210e+03
2.226429232968019960e+02 3.630000000000000000e+03
2.236237188497431703e+02 3.649163394452884859e+03
2.245311976529141873e+02 3.668280721280808848e+03
2.259114226492510795e+02 3.700000000000000000e+03
2.273848977910509177e+02 3.737528294758099491e+03
2.285090136185694121e+02 3.768825250797792251e+03
2.290394773326459017e+02 3.784427856473555948e+03
2.295511785366577442e+02 3.800000000000000000e+03
2.297072619021541584e+02 3.804853485772945078e+03
2.298617031758806490e+02 3.809704043666336020e+03
2.312345908770102483e+02 3.854979169015443404e+03
2.318765214319053882e+02 3.877521237213616132e+03
2.324922953058732560e+02 3.900000000000000000e+03
2.327913294328540985e+02 3.911225605882083528e+03
2.330846126204374968e+02 3.922435527900394845e+03
2.333723726353691177e+02 3.933629798901071808e+03
2.336548225129228626e+02 3.944808451638598854e+03
2.337692621771659276e+02 3.949392145892666576e+03
2.338261633517321627e+02 3.951683009119788494e+03
2.338828542472417382e+02 3.953973216789043363e+03
2.343260637005093372e+02 3.972149362520172872e+03
2.347568472702371025e+02 3.990284269093446710e+03
2.348704200269311571e+02 3.995143612901741562e+03
2.349831604739387103e+02 4.000000000000000000e+03
2.352908768571207645e+02 4.013422300691796409e+03
2.354424580290168194e+02 4.020124987488006354e+03
2.355925606486407275e+02 4.026822041401353090e+03
2.363916374463473176e+02 4.063495247384585582e+03
2.371512052990977395e+02 4.100000000000000000e+03
2.375169416724650091e+02 4.118170185945573394e+03
2.378741264506298876e+02 4.136298565928655080e+03
2.379007843672073932e+02 4.137666949604132242e+03
2.384980096427449894e+02 4.168895314184890594e+03
2.390726196792625728e+02 4.200000000000000000e+03
2.393513687596214936e+02 4.215474635658658372e+03
2.396250402852161585e+02 4.230918457524750920e+03
2.400009425620938543e+02 4.252544907707078892e+03
2.407974254455103562e+02 4.300000000000000000e+03
2.413747655106411969e+02 4.335839642122849909e+03
2.419301350427818136e+02 4.371510725873732554e+03
2.421470123232760443e+02 4.385768783619147143e+03
2.423606758323622898e+02 4.400000000000000000e+03
2.424645324649213194e+02 4.406984467210255389e+03
2.431028931718605293e+02 4.450902561122331463e+03
2.434115753766679404e+02 4.472764117764656476e+03
2.437136057058416156e+02 4.494561065026764481e+03
2.437509024339179007e+02 4.497281034716017530e+03
2.437880995004587703e+02 4.500000000000000000e+03
2.440443352817788423e+02 4.518901882588699664e+03
2.442958806320673659e+02 4.537754164709254837e+03
2.443184349745928046e+02 4.539459058171074503e+03
2.443409521379696514e+02 4.541163546563089767e+03
2.446088498989352900e+02 4.561628604046322835e+03
2.447408434140655231e+02 4.571839253271146845e+03
2.448063606448092742e+02 4.576939121644680199e+03
2.448390005156161635e+02 4.579487693472211504e+03
2.448715616505868127e+02 4.582035357707135518e+03
2.450992792544232657e+02 4.600000000000000000e+03
2.453805802413268964e+02 4.622554150333280631e+03
2.456187973894082290e+02 4.641974078156351425e+03
2.459687462518447489e+02 4.671047855811226327e+03
2.463095314185974871e+02 4.700000000000000000e+03
2.463237729675570336e+02 4.701223933096043766e+03
2.463379986461311262e+02 4.702447642573829398e+03
2.466389430319210021e+02 4.728604880064525787e+03
2.468345447729404043e+02 4.745886131456858493e+03
2.470271517101104450e+02 4.763122760832113272e+03
2.471107013064554963e+02 4.770668521131959096e+03
2.471936951557856332e+02 4.778205745655412102e+03
2.473580393326715239e+02 4.793254645241781873e+03
2.473946341880137538e+02 4.796628177874657922e+03
2.474311210980225439e+02 4.800000000000000000e+03
2.475616394777324558e+02 4.812129562455151245e+03
2.476263777766203305e+02 4.818185765245956645e+03
2.476586180009845464e+02 4.821211725570394265e+03
2.476907727625610676e+02 4.824236259859541860e+03
2.480888163216307021e+02 4.862230287249800313e+03
2.484740390954177656e+02 4.900000000000000000e+03
2.486601186821833949e+02 4.918608118927849318e+03
2.488432551107794382e+02 4.937160013312628507e+03
2.491489090833816817e+02 4.968660727985812628e+03
2.492987160590809594e+02 4.984350466656896970e+03
2.494465647446211847e+02 5.000000000000000000e+03
2.495189329924962749e+02 5.007720659996419272e+03
2.495908306821921201e+02 5.015431166328467953e+03
2.497332333218653275e+02 5.030821798014501837e+03
2.498159056362956960e+02 5.039830148983069193e+03
2.498979571939780442e+02 5.048824642022135777e+03
2.499386019615254497e+02 5.053300105003316276e+03
2.499790953667074120e+02 5.057772140936690448e+03
2.499992855835018872e+02 5.060006874990323922e+03
2.500194382876926511e+02 5.062240753757101629e+03
2.500295006065726113e+02 5.063357372561343254e+03
2.500395535879088698e+02 5.064473777727936067e+03
2.500495972451784326e+02 5.065589969318183648e+03
2.500546155815076190e+02 5.066147985041328866e+03
2.500596315918613186e+02 5.066705947393367751e+03
2.501058266036759221e+02 5.071854175867099912e+03
2.501518248547540395e+02 5.076997862837097273e+03
2.501977686624376531e+02 5.082152863521321706e+03
2.502435171001555716e+02 5.087303306729801989e+03
2.502892135221746912e+02 5.092465273752032772e+03
2.503119889004251206e+02 5.095044541692768689e+03
2.503347159356783038e+02 5.097622666933323671e+03
2.503536629561614575e+02 5.099775307355141194e+03
2.503556391162148884e+02 5.100000000000000000e+03
2.503901833233351510e+02 5.103933093874856240e+03
2.504246142950525780e+02 5.107863416640710057e+03
2.504501368273596142e+02 5.110783377244053554e+03
2.504755973334976886e+02 5.113701809280693851e+03
2.504883322119030709e+02 5.115163646537939712e+03
2.505010516033576664e+02 5.116625100430052953e+03
2.505137555369357472e+02 5.118086171107819609e+03
2.505264440416332548e+02 5.119546858721945682e+03
2.505363356522108802e+02 5.120686536537831671e+03
2.505462178971706066e+02 5.121825981212500665e+03
2.505560907901959524e+02 5.122965192817484422e+03
2.505610237340178230e+02 5.123534711241189143e+03
2.505659543449743865e+02 5.124104171424285596e+03
2.507300334392118657e+02 5.143175607226947250e+03
2.508915516109777855e+02 5.162181835061464881e+03
2.510505698576455131e+02 5.181123188790137647e+03
2.512071471213205598e+02 5.200000000000000000e+03
2.515089535775138074e+02 5.237037856906376874e+03
2.517607290157396562e+02 5.268613070347176290e+03
2.520061288295706561e+02 5.300000000000000000e+03
2.522417645791193479e+02 5.330725577178969615e+03
2.522545848960675698e+02 5.332414195103907332e+03
2.524965573148132023e+02 5.364619688891984879e+03
2.526276829619562250e+02 5.382341283162184482e+03
2.527569435694001641e+02 5.400000000000000000e+03
2.528158335407239576e+02 5.408108483110237103e+03
2.528743326124291002e+02 5.416203119612529008e+03
2.529901733866875020e+02 5.432350994423984048e+03
2.530475227488945791e+02 5.440404303246951713e+03
2.531044963636304317e+02 5.448443906490607333e+03
2.532173308598907226e+02 5.464482135951820965e+03
2.532795097856337350e+02 5.473386772410306548e+03
2.533412412112990353e+02 5.482274596889916211e+03
2.534633804833891304e+02 5.500000000000000000e+03
2.535187269087458048e+02 5.508094375114532340e+03
2.535737055627085681e+02 5.516174135411034513e+03
2.536825738570566102e+02 5.532289969591510271e+03
2.537364706503628042e+02 5.540326122140537336e+03
2.537900138147640519e+02 5.548347817202922670e+03
2.538960528040014424e+02 5.564347990646462677e+03
2.540132496822085102e+02 5.582209796666496004e+03
2.540712125949516178e+02 5.591113821732636097e+03
2.541000371349451541e+02 5.595559138360928046e+03
2.541287577999131315e+02 5.600000000000000000e+03
2.542231885481809854e+02 5.614737222997924619e+03
2.543148619687409564e+02 5.629272204888298802e+03
2.544431351788583129e+02 5.650000000000000000e+03
2.544741815605761133e+02 5.655086888358275246e+03
2.544895849400226666e+02 5.657621033707950119e+03
2.544972569280780306e+02 5.658885791585033076e+03
2.545010855278078452e+02 5.659517593057181330e+03
2.545049092097575567e+02 5.660149010020322748e+03
2.545053194122144475e+02 5.660216773446381922e+03
2.545119115343189549e+02 5.661306434670083945e+03
2.545152021186035540e+02 5.661850836085401170e+03
2.545168460440258968e+02 5.662122929592526816e+03
2.545184890592377087e+02 5.662394951670154114e+03
2.545411699678793980e+02 5.666158182732464411e+03
2.546360538620197929e+02 5.682067792569701851e+03
2.546920061487307123e+02 5.691577756961269188e+03
2.547195783223120316e+02 5.696299767616116696e+03
2.547468859613142058e+02 5.701000000000000000e+03
2.548264115957709066e+02 5.716005170388375518e+03
2.549049259156762162e+02 5.730947898682818050e+03
2.549136317762165902e+02 5.732612718651146679e+03
2.549223252786561318e+02 5.734276765325053020e+03
2.549313192480391876e+02 5.736000000000000000e+03
2.550214964242541669e+02 5.753372645957148961e+03
2.550589933275200281e+02 5.760647581597568205e+03
2.550928749801926756e+02 5.767247208179240261e+03
2.551120845186459292e+02 5.771000000000000000e+03
2.551515253345010876e+02 5.778745214811430742e+03
2.551554284197954416e+02 5.779515157886744419e+03
2.551774828273442495e+02 5.783877590861345197e+03
2.552206600962147718e+02 5.792477131407868910e+03
2.552492239277478632e+02 5.798209559798375267e+03
2.553188196993698114e+02 5.812324404815953130e+03
2.553610823772470440e+02 5.821000000000000000e+03
2.554193368746863655e+02 5.833090747999037376e+03
2.554268597618714125e+02 5.834663479482633193e+03
2.554306116619130194e+02 5.835448831251936099e+03
2.554324852324996300e+02 5.835841254024722730e+03
2.554343572192378815e+02 5.836233508201259610e+03
2.554421728483343088e+02 5.837872951980803009e+03
2.554460703189164406e+02 5.838691570176271853e+03
2.554480164755118778e+02 5.839100603783760562e+03
2.554489889100449886e+02 5.839305051769019883e+03
2.554499609157461748e+02 5.839509453895870138e+03
2.554701076800793373e+02 5.843756106197040936e+03
2.554761038200445569e+02 5.845023708057446129e+03
2.555314344586942639e+02 5.856801948922146948e+03
2.555972202148346923e+02 5.871000000000000000e+03
2.556441300467992619e+02 5.881256383119759448e+03
2.556900064511021071e+02 5.891395956763047252e+03
2.557566500435081878e+02 5.906322774931001732e+03
2.558211569208355911e+02 5.921000000000000000e+03
2.558474786564042347e+02 5.927055336232162517e+03
2.558734507480985201e+02 5.933068701681323546e+03
2.559243709585985300e+02 5.944971253664713913e+03
2.559739667378350418e+02 5.956711063565764562e+03
2.560039721589170085e+02 5.963885586377381514e+03
2.560335003518454187e+02 5.971000000000000000e+03
2.560853761391760486e+02 5.984097967492593853e+03
2.561366930581647239e+02 5.997145694263439509e+03
2.561735995880226255e+02 6.006585953588864868e+03
2.562102192020291227e+02 6.016000000000000000e+03
2.562376796384673980e+02 6.023090516904660944e+03
2.562961380424187610e+02 6.038274581129143371e+03
2.563365186002127984e+02 6.048834999067952594e+03
2.563827554813730671e+02 6.061000000000000000e+03
2.564248990568010527e+02 6.072156670230864620e+03
2.564666565716086097e+02 6.083276379584152892e+03
2.564879496067896980e+02 6.088971767949280547e+03
2.565091428113763641e+02 6.094657484409988683e+03
2.565512323138790407e+02 6.106000000000000000e+03
2.565718594769003289e+02 6.111583532987353465e+03
2.565923919010672307e+02 6.117157741448922025e+03
2.566331749348472613e+02 6.128278278070941269e+03
2.566539686514313985e+02 6.133973282880642728e+03
2.566746650198959969e+02 6.139658554866933628e+03
2.566952646745996844e+02 6.145334118958759063e+03
2.567055284321726276e+02 6.148168268311272186e+03
2.567157682467474729e+02 6.151000000000000000e+03
2.567752985069957390e+02 6.168475816192898492e+03
2.568347262830050113e+02 6.186000000000000000e+03
2.568937250027204300e+02 6.203475292094711222e+03
2.569526297651883624e+02 6.221000000000000000e+03
2.570027801803828424e+02 6.235981114146495202e+03
2.570361560627848121e+02 6.245982315499501055e+03
2.570695039944170048e+02 6.256000000000000000e+03
2.570985006787113889e+02 6.264730751490902549e+03
2.571274777529049516e+02 6.273474316488087425e+03
2.571564352765892636e+02 6.282230723220483014e+03
2.571853733092268044e+02 6.291000000000000000e+03
2.572182694414225921e+02 6.300991482874092981e+03
2.572511420568976064e+02 6.311000000000000000e+03
2.572778897957808795e+02 6.319161558655203407e+03
2.572912581107984806e+02 6.323246641096669919e+03
2.573046227304518538e+02 6.327334596315524323e+03
2.573165947953112891e+02 6.331000000000000000e+03
2.573293086859582672e+02 6.334896038686511019e+03
2.573420193896320143e+02 6.338794716459812662e+03
2.573547269109454874e+02 6.342696036002298570e+03
2.573610794796155687e+02 6.344647687276229590e+03
2.573674312544236500e+02 6.346600000000000364e+03
2.573804902964756138e+02 6.351300000000000182e+03
2.573870122293162694e+02 6.353650000000000546e+03
2.573902713013040966e+02 6.354825000000000728e+03
2.573935291113309631e+02 6.356000000000000000e+03
2.574103099716879228e+02 6.363500000000000000e+03
2.574186851207651330e+02 6.367250000000000000e+03
2.574228688832287730e+02 6.369125000000000000e+03
2.574249598124645217e+02 6.370062500000000000e+03
2.574270501074252593e+02 6.371000000000000000e+03
2.574291404023859968e+02 6.370062500000000000e+03
2.574312313316218024e+02 6.369125000000000000e+03
2.574354150940854424e+02 6.367250000000000000e+03
2.574437902431626526e+02 6.363500000000000000e+03
2.574605711035195554e+02 6.356000000000000000e+03
2.574638289135464220e+02 6.354825000000000728e+03
2.574670879855342491e+02 6.353650000000000546e+03
2.574736099183749047e+02 6.351300000000000182e+03
2.574866689604268686e+02 6.346600000000000364e+03
2.574930207352349498e+02 6.344647687276229590e+03
2.574993733039050312e+02 6.342696036002298570e+03
2.575120808252185043e+02 6.338794716459812662e+03
2.575247915288922513e+02 6.334896038686511019e+03
2.575375054195392295e+02 6.331000000000000000e+03
2.575494774843986647e+02 6.327334596315524323e+03
2.575628421040520379e+02 6.323246641096669919e+03
2.575762104190696391e+02 6.319161558655203407e+03
2.576029581579529122e+02 6.311000000000000000e+03
2.576358307734279833e+02 6.300991482874092981e+03
2.576687269056237710e+02 6.291000000000000000e+03
2.576976649382612550e+02 6.282230723220483014e+03
2.577266224619456239e+02 6.273474316488087425e+03
2.577555995361391297e+02 6.264730751490902549e+03
2.577845962204335137e+02 6.256000000000000000e+03
2.578179441520657065e+02 6.245982315499501055e+03
2.578513200344676761e+02 6.235981114146495202e+03
2.579014704496621562e+02 6.221000000000000000e+03
2.579603752121300886e+02 6.203475292094711222e+03
2.580193739318455641e+02 6.186000000000000000e+03
2.580788017078548364e+02 6.168475816192898492e+03
2.581383319681031026e+02 6.151000000000000000e+03
2.581485717826778910e+02 6.148168268311272186e+03
2.581588355402508910e+02 6.145334118958759063e+03
2.581794351949545216e+02 6.139658554866933628e+03
2.582001315634191769e+02 6.133973282880642728e+03
2.582209252800032573e+02 6.128278278070941269e+03
2.582617083137832878e+02 6.117157741448922025e+03
2.582822407379502465e+02 6.111583532987353465e+03
2.583028679009714779e+02 6.106000000000000000e+03
2.583449574034741545e+02 6.094657484409988683e+03
2.583661506080608206e+02 6.088971767949280547e+03
2.583874436432419088e+02 6.083276379584152892e+03
2.584292011580495227e+02 6.072156670230864620e+03
2.584713447334775083e+02 6.061000000000000000e+03
2.585175816146377201e+02 6.048834999067952594e+03
2.585579621724318145e+02 6.038274581129143371e+03
2.586164205763831205e+02 6.023090516904660944e+03
2.586438810128214527e+02 6.016000000000000000e+03
2.586805006268278930e+02 6.006585953588864868e+03
2.587174071566857947e+02 5.997145694263439509e+03
2.587687240756744700e+02 5.984097967492593853e+03
2.588205998630050999e+02 5.971000000000000000e+03
2.588501280559335100e+02 5.963885586377381514e+03
2.588801334770154767e+02 5.956711063565764562e+03
2.589297292562520170e+02 5.944971253664713913e+03
2.589806494667519701e+02 5.933068701681323546e+03
2.590066215584463407e+02 5.927055336232162517e+03
2.590329432940149559e+02 5.921000000000000000e+03
2.590974501713423592e+02 5.906322774931001732e+03
2.591640937637484399e+02 5.891395956763047252e+03
2.592099701680513135e+02 5.881256383119759448e+03
2.592568800000158262e+02 5.871000000000000000e+03
2.593226657561562547e+02 5.856801948922146948e+03
2.593779963948059617e+02 5.845023708057446129e+03
2.593839925347712096e+02 5.843756106197040936e+03
2.594041392991043722e+02 5.839509453895870138e+03
2.594051113048055868e+02 5.839305051769019883e+03
2.594060837393386691e+02 5.839100603783760562e+03
2.594080298959340780e+02 5.838691570176271853e+03
2.594119273665162382e+02 5.837872951980803009e+03
2.594197429956126371e+02 5.836233508201259610e+03
2.594216149823508886e+02 5.835841254024722730e+03
2.594234885529374992e+02 5.835448831251936099e+03
2.594272404529791061e+02 5.834663479482633193e+03
2.594347633401641815e+02 5.833090747999037376e+03
2.594930178376034746e+02 5.821000000000000000e+03
2.595352805154807356e+02 5.812324404815953130e+03
2.596048762871026838e+02 5.798209559798375267e+03
2.596334401186358036e+02 5.792477131407868910e+03
2.596766173875063259e+02 5.783877590861345197e+03
2.596986717950551338e+02 5.779515157886744419e+03
2.597025748803494025e+02 5.778745214811430742e+03
2.597420156962045894e+02 5.771000000000000000e+03
2.597612252346578998e+02 5.767247208179240261e+03
2.597951068873305189e+02 5.760647581597568205e+03
2.598326037905964085e+02 5.753372645957148961e+03
2.599227809668113878e+02 5.736000000000000000e+03
2.599317749361944152e+02 5.734276765325053020e+03
2.599404684386339568e+02 5.732612718651146679e+03
2.599491742991743308e+02 5.730947898682818050e+03
2.600276886190796404e+02 5.716005170388375518e+03
2.601072142535363128e+02 5.701000000000000000e+03
2.601345218925384870e+02 5.696299767616116696e+03
2.601620940661198347e+02 5.691577756961269188e+03
2.602180463528306973e+02 5.682067792569701851e+03
2.603129302469711206e+02 5.666158182732464411e+03
2.603356111556128099e+02 5.662394951670154114e+03
2.603372541708246217e+02 5.662122929592526816e+03
2.603388980962470214e+02 5.661850836085401170e+03
2.603421886805315921e+02 5.661306434670083945e+03
2.603487808026360995e+02 5.660216773446381922e+03
2.603491910050929619e+02 5.660149010020322748e+03
2.603530146870426734e+02 5.659517593057181330e+03
2.603568432867725164e+02 5.658885791585033076e+03
2.603645152748279088e+02 5.657621033707950119e+03
2.603799186542744337e+02 5.655086888358275246e+03
2.604109650359922625e+02 5.650000000000000000e+03
2.605392382461095622e+02 5.629272204888298802e+03
2.606309116666695900e+02 5.614737222997924619e+03
2.607253424149374155e+02 5.600000000000000000e+03
2.607540630799053361e+02 5.595559138360928046e+03
2.607828876198989292e+02 5.591113821732636097e+03
2.608408505326420368e+02 5.582209796666496004e+03
2.609580474108490762e+02 5.564347990646462677e+03
2.610640864000864667e+02 5.548347817202922670e+03
2.611176295644877428e+02 5.540326122140537336e+03
2.611715263577939368e+02 5.532289969591510271e+03
2.612803946521419789e+02 5.516174135411034513e+03
2.613353733061047706e+02 5.508094375114532340e+03
2.613907197314614450e+02 5.500000000000000000e+03
2.615128590035515117e+02 5.482274596889916211e+03
2.615745904292168120e+02 5.473386772410306548e+03
2.616367693549598243e+02 5.464482135951820965e+03
2.617496038512200585e+02 5.448443906490607333e+03
2.618065774659559679e+02 5.440404303246951713e+03
2.618639268281630166e+02 5.432350994423984048e+03
2.619797676024214752e+02 5.416203119612529008e+03
2.620382666741265894e+02 5.408108483110237103e+03
2.620971566454503545e+02 5.400000000000000000e+03
2.622264172528942936e+02 5.382341283162184482e+03
2.623575429000373447e+02 5.364619688891984879e+03
2.625995153187829487e+02 5.332414195103907332e+03
2.626123356357311991e+02 5.330725577178969615e+03
2.628479713852798341e+02 5.300000000000000000e+03
2.630933711991108339e+02 5.268613070347176290e+03
2.633451466373367111e+02 5.237037856906376874e+03
2.636469530935299872e+02 5.200000000000000000e+03
2.638035303572050339e+02 5.181123188790137647e+03
2.639625486038727331e+02 5.162181835061464881e+03
2.641240667756386529e+02 5.143175607226947250e+03
2.642881458698761321e+02 5.124104171424285596e+03
2.642930764808327240e+02 5.123534711241189143e+03
2.642980094246545946e+02 5.122965192817484422e+03
2.643078823176799119e+02 5.121825981212500665e+03
2.643177645626396952e+02 5.120686536537831671e+03
2.643276561732172922e+02 5.119546858721945682e+03
2.643403446779147998e+02 5.118086171107819609e+03
2.643530486114928522e+02 5.116625100430052953e+03
2.643657680029474477e+02 5.115163646537939712e+03
2.643785028813528015e+02 5.113701809280693851e+03
2.644039633874909327e+02 5.110783377244053554e+03
2.644294859197979690e+02 5.107863416640710057e+03
2.644639168915153959e+02 5.103933093874856240e+03
2.644984610986356302e+02 5.100000000000000000e+03
2.645004372586890895e+02 5.099775307355141194e+03
2.645193842791721863e+02 5.097622666933323671e+03
2.645421113144254264e+02 5.095044541692768689e+03
2.645648866926758274e+02 5.092465273752032772e+03
2.646105831146949185e+02 5.087303306729801989e+03
2.646563315524128939e+02 5.082152863521321706e+03
2.647022753600965075e+02 5.076997862837097273e+03
2.647482736111746249e+02 5.071854175867099912e+03
2.647944686229892568e+02 5.066705947393367751e+03
2.647994846333428995e+02 5.066147985041328866e+03
2.648045029696720576e+02 5.065589969318183648e+03
2.648145466269417057e+02 5.064473777727936067e+03
2.648245996082779357e+02 5.063357372561343254e+03
2.648346619271578675e+02 5.062240753757101629e+03
2.648548146313486313e+02 5.060006874990323922e+03
2.648750048481431350e+02 5.057772140936690448e+03
2.649154982533250973e+02 5.053300105003316276e+03
2.649561430208725028e+02 5.048824642022135777e+03
2.650381945785547941e+02 5.039830148983069193e+03
2.651208668929851910e+02 5.030821798014501837e+03
2.652632695326584553e+02 5.015431166328467953e+03
2.653351672223542437e+02 5.007720659996419272e+03
2.654075354702293907e+02 5.000000000000000000e+03
2.655553841557696160e+02 4.984350466656896970e+03
2.657051911314688368e+02 4.968660727985812628e+03
2.660108451040711088e+02 4.937160013312628507e+03
2.661939815326671805e+02 4.918608118927849318e+03
2.663800611194327530e+02 4.900000000000000000e+03
2.667652838932198165e+02 4.862230287249800313e+03
2.671633274522894794e+02 4.824236259859541860e+03
2.671954822138660006e+02 4.821211725570394265e+03
2.672277224382302165e+02 4.818185765245956645e+03
2.672924607371180628e+02 4.812129562455151245e+03
2.674229791168279462e+02 4.800000000000000000e+03
2.674594660268367647e+02 4.796628177874657922e+03
2.674960608821789947e+02 4.793254645241781873e+03
2.676604050590648853e+02 4.778205745655412102e+03
2.677433989083950792e+02 4.770668521131959096e+03
2.678269485047401304e+02 4.763122760832113272e+03
2.680195554419101427e+02 4.745886131456858493e+03
2.682151571829295449e+02 4.728604880064525787e+03
2.685161015687194208e+02 4.702447642573829398e+03
2.685303272472934850e+02 4.701223933096043766e+03
2.685445687962530315e+02 4.700000000000000000e+03
2.688853539630057412e+02 4.671047855811226327e+03
2.692353028254423180e+02 4.641974078156351425e+03
2.694735199735235938e+02 4.622554150333280631e+03
2.697548209604273097e+02 4.600000000000000000e+03
2.699825385642637343e+02 4.582035357707135518e+03
2.700150996992343835e+02 4.579487693472211504e+03
2.700477395700412444e+02 4.576939121644680199e+03
2.701132568007849954e+02 4.571839253271146845e+03
2.702452503159152570e+02 4.561628604046322835e+03
2.705131480768808956e+02 4.541163546563089767e+03
2.705356652402577424e+02 4.539459058171074503e+03
2.705582195827831811e+02 4.537754164709254837e+03
2.708097649330717331e+02 4.518901882588699664e+03
2.710660007143917483e+02 4.500000000000000000e+03
2.711031977809326463e+02 4.497281034716017530e+03
2.711404945090089313e+02 4.494561065026764481e+03
2.714425248381826350e+02 4.472764117764656476e+03
2.717512070429900177e+02 4.450902561122331463e+03
2.723895677499291992e+02 4.406984467210255389e+03
2.724934243824882287e+02 4.400000000000000000e+03
2.727070878915744743e+02 4.385768783619147143e+03
2.729239651720687334e+02 4.371510725873732554e+03
2.734793347042093501e+02 4.335839642122849909e+03
2.740566747693401339e+02 4.300000000000000000e+03
2.748531576527566358e+02 4.252544907707078892e+03
2.752290599296343316e+02 4.230918457524750920e+03
2.755027314552290818e+02 4.215474635658658372e+03
2.757814805355880026e+02 4.200000000000000000e+03
2.763560905721055292e+02 4.168895314184890594e+03
2.769533158476431254e+02 4.137666949604132242e+03
2.769799737642206310e+02 4.136298565928655080e+03
2.773371585423855095e+02 4.118170185945573394e+03
2.777028949157528359e+02 4.100000000000000000e+03
2.784624627685032010e+02 4.063495247384585582e+03
2.792615395662097626e+02 4.026822041401353090e+03
2.794116421858337276e+02 4.020124987488006354e+03
2.795632233577297825e+02 4.013422300691796409e+03
2.798709397409118083e+02 4.000000000000000000e+03
2.799836801879193899e+02 3.995143612901741562e+03
2.800972529446134445e+02 3.990284269093446710e+03
2.805280365143412382e+02 3.972149362520172872e+03
2.809712459676087519e+02 3.953973216789043363e+03
2.810279368631183843e+02 3.951683009119788494e+03
2.810848380376846194e+02 3.949392145892666576e+03
2.811992777019277128e+02 3.944808451638598854e+03
2.814817275794814009e+02 3.933629798901071808e+03
2.817694875944130217e+02 3.922435527900394845e+03
2.820627707819963916e+02 3.911225605882083528e+03
2.823618049089773194e+02 3.900000000000000000e+03
2.829775787829451588e+02 3.877521237213616132e+03
2.836195093378403271e+02 3.854979169015443404e+03
2.849923970389698979e+02 3.809704043666336020e+03
2.851468383126963886e+02 3.804853485772945078e+03
2.853029216781927744e+02 3.800000000000000000e+03
2.858146228822046169e+02 3.784427856473555948e+03
2.863450865962811349e+02 3.768825250797792251e+03
2.874692024237996293e+02 3.737528294758099491e+03
2.889426775655994106e+02 3.700000000000000000e+03
2.903229025619364165e+02 3.668280721280808848e+03
2.912303813651074051e+02 3.649163394452884859e+03
2.922111769180485226e+02 3.630000000000000000e+03
2.930340061481949760e+02 3.614999772910571210e+03
2.934642530047499349e+02 3.607499829684217730e+03
2.939085094293477596e+02 3.600000000000000000e+03
2.953884201288296936e+02 3.576775986262010065e+03
2.962002119054624245e+02 3.565164474887929828e+03
2.970730336674259320e+02 3.553553293824999400e+03
2.994140543360311995e+02 3.526775768576072096e+03
3.026353429298736160e+02 3.500000000000000000e+03
3.040105958476120804e+02 3.492023793463924903e+03
3.087026361045319618e+02 3.480000000000000000e+03
3.133946763614519000e+02 3.492023793463924903e+03
3.147699292791903645e+02 3.500000000000000000e+03
3.179912178730328378e+02 3.526775768576072096e+03
3.203322385416380484e+02 3.553553293824999400e+03
3.212050603036016128e+02 3.565164474887929828e+03
3.220168520802342869e+02 3.576775986262010065e+03
3.234967627797162777e+02 3.600000000000000000e+03
3.239410192043141024e+02 3.607499829684217730e+03
3.243712660608690612e+02 3.614999772910571210e+03
3.251940952910154579e+02 3.630000000000000000e+03
3.261748908439565753e+02 3.649163394452884859e+03
3.270823696471276207e+02 3.668280721280808848e+03
3.284625946434645698e+02 3.700000000000000000e+03
3.299360697852643511e+02 3.737528294758099491e+03
3.310601856127828455e+02 3.768825250797792251e+03
3.315906493268593636e+02 3.784427856473555948e+03
3.321023505308711492e+02 3.800000000000000000e+03
3.322584338963675918e+02 3.804853485772945078e+03
3.324128751700940825e+02 3.809704043666336020e+03
3.337857628712237101e+02 3.854979169015443404e+03
3.344276934261188217e+02 3.877521237213616132e+03
3.350434673000867178e+02 3.900000000000000000e+03
3.353425014270675888e+02 3.911225605882083528e+03
3.356357846146510155e+02 3.922435527900394845e+03
3.359235446295826364e+02 3.933629798901071808e+03
3.362059945071363245e+02 3.944808451638598854e+03
3.363204341713793610e+02 3.949392145892666576e+03
3.363773353459455961e+02 3.951683009119788494e+03
3.364340262414551717e+02 3.953973216789043363e+03
3.368772356947227422e+02 3.972149362520172872e+03
3.373080192644505360e+02 3.990284269093446710e+03
3.374215920211445905e+02 3.995143612901741562e+03
3.375343324681521722e+02 4.000000000000000000e+03
3.378420488513341979e+02 4.013422300691796409e+03
3.379936300232302528e+02 4.020124987488006354e+03
3.381437326428541610e+02 4.026822041401353090e+03
3.389428094405607794e+02 4.063495247384585582e+03
3.397023772933112014e+02 4.100000000000000000e+03
3.400681136666784141e+02 4.118170185945573394e+03
3.404252984448432926e+02 4.136298565928655080e+03
3.404519563614208550e+02 4.137666949604132242e+03
3.410491816369583944e+02 4.168895314184890594e+03
3.416237916734759779e+02 4.200000000000000000e+03
3.419025407538348986e+02 4.215474635658658372e+03
3.421762122794295919e+02 4.230918457524750920e+03
3.425521145563072878e+02 4.252544907707078892e+03
3.433485974397237896e+02 4.300000000000000000e+03
3.439259375048546303e+02 4.335839642122849909e+03
3.444813070369952470e+02 4.371510725873732554e+03
3.446981843174894493e+02 4.385768783619147143e+03
3.449118478265756949e+02 4.400000000000000000e+03
3.450157044591347812e+02 4.406984467210255389e+03
3.456540651660740195e+02 4.450902561122331463e+03
3.459627473708814023e+02 4.472764117764656476e+03
3.462647777000551059e+02 4.494561065026764481e+03
3.463020744281313910e+02 4.497281034716017530e+03
3.463392714946722322e+02 4.500000000000000000e+03
3.465955072759923041e+02 4.518901882588699664e+03
3.468470526262808562e+02 4.537754164709254837e+03
3.468696069688062380e+02 4.539459058171074503e+03
3.468921241321830848e+02 4.541163546563089767e+03
3.471600218931487802e+02 4.561628604046322835e+03
3.472920154082789850e+02 4.571839253271146845e+03
3.473575326390227360e+02 4.576939121644680199e+03
3.473901725098296538e+02 4.579487693472211504e+03
3.474227336448003030e+02 4.582035357707135518e+03
3.476504512486367844e+02 4.600000000000000000e+03
3.479317522355404435e+02 4.622554150333280631e+03
3.481699693836218330e+02 4.641974078156351425e+03
3.485199182460583529e+02 4.671047855811226327e+03
3.488607034128111195e+02 4.700000000000000000e+03
3.488749449617706091e+02 4.701223933096043766e+03
3.488891706403447301e+02 4.702447642573829398e+03
3.491901150261346061e+02 4.728604880064525787e+03
3.493857167671540083e+02 4.745886131456858493e+03
3.495783237043240206e+02 4.763122760832113272e+03
3.496618733006690718e+02 4.770668521131959096e+03
3.497448671499992088e+02 4.778205745655412102e+03
3.499092113268850994e+02 4.793254645241781873e+03
3.499458061822273294e+02 4.796628177874657922e+03
3.499822930922361479e+02 4.800000000000000000e+03
3.501128114719460314e+02 4.812129562455151245e+03
3.501775497708339344e+02 4.818185765245956645e+03
3.502097899951981503e+02 4.821211725570394265e+03
3.502419447567747284e+02 4.824236259859541860e+03
3.506399883158443345e+02 4.862230287249800313e+03
3.510252110896313980e+02 4.900000000000000000e+03
3.512112906763970273e+02 4.918608118927849318e+03
3.513944271049930990e+02 4.937160013312628507e+03
3.517000810775953141e+02 4.968660727985812628e+03
3.518498880532946487e+02 4.984350466656896970e+03
3.519977367388348739e+02 5.000000000000000000e+03
3.520701049867099641e+02 5.007720659996419272e+03
3.521420026764058093e+02 5.015431166328467953e+03
3.522844053160790168e+02 5.030821798014501837e+03
3.523670776305094137e+02 5.039830148983069193e+03
3.524491291881917618e+02 5.048824642022135777e+03
3.524897739557391674e+02 5.053300105003316276e+03
3.525302673609211297e+02 5.057772140936690448e+03
3.525504575777155765e+02 5.060006874990323922e+03
3.525706102819063403e+02 5.062240753757101629e+03
3.525806726007863290e+02 5.063357372561343254e+03
3.525907255821225590e+02 5.064473777727936067e+03
3.526007692393920934e+02 5.065589969318183648e+03
3.526057875757212514e+02 5.066147985041328866e+03
3.526108035860748942e+02 5.066705947393367751e+03
3.526569985978895261e+02 5.071854175867099912e+03
3.527029968489676435e+02 5.076997862837097273e+03
3.527489406566512571e+02 5.082152863521321706e+03
3.527946890943691187e+02 5.087303306729801989e+03
3.528403855163882668e+02 5.092465273752032772e+03
3.528631608946387246e+02 5.095044541692768689e+03
3.528858879298919078e+02 5.097622666933323671e+03
3.529048349503750615e+02 5.099775307355141194e+03
3.529068111104285208e+02 5.100000000000000000e+03
3.529413553175488119e+02 5.103933093874856240e+03
3.529757862892662388e+02 5.107863416640710057e+03
3.530013088215732751e+02 5.110783377244053554e+03
3.530267693277113494e+02 5.113701809280693851e+03
3.530395042061167032e+02 5.115163646537939712e+03
3.530522235975712988e+02 5.116625100430052953e+03
3.530649275311494080e+02 5.118086171107819609e+03
3.530776160358468587e+02 5.119546858721945682e+03
3.530875076464244557e+02 5.120686536537831671e+03
3.530973898913841822e+02 5.121825981212500665e+03
3.531072627844095564e+02 5.122965192817484422e+03
3.531121957282314270e+02 5.123534711241189143e+03
3.531171263391880188e+02 5.124104171424285596e+03
3.532812054334254412e+02 5.143175607226947250e+03
3.534427236051913610e+02 5.162181835061464881e+03
3.536017418518591171e+02 5.181123188790137647e+03
3.537583191155341069e+02 5.200000000000000000e+03
3.540601255717273261e+02 5.237037856906376874e+03
3.543119010099532034e+02 5.268613070347176290e+03
3.545573008237842032e+02 5.300000000000000000e+03
3.547929365733328950e+02 5.330725577178969615e+03
3.548057568902810885e+02 5.332414195103907332e+03
3.550477293090267494e+02 5.364619688891984879e+03
3.551788549561697437e+02 5.382341283162184482e+03
3.553081155636136828e+02 5.400000000000000000e+03
3.553670055349375048e+02 5.408108483110237103e+03
3.554255046066426189e+02 5.416203119612529008e+03
3.555413453809010207e+02 5.432350994423984048e+03
3.555986947431081262e+02 5.440404303246951713e+03
3.556556683578439788e+02 5.448443906490607333e+03
3.557685028541042129e+02 5.464482135951820965e+03
3.558306817798472252e+02 5.473386772410306548e+03
3.558924132055125256e+02 5.482274596889916211e+03
3.560145524776026491e+02 5.500000000000000000e+03
3.560698989029593236e+02 5.508094375114532340e+03
3.561248775569221152e+02 5.516174135411034513e+03
3.562337458512702142e+02 5.532289969591510271e+03
3.562876426445763514e+02 5.540326122140537336e+03
3.563411858089775706e+02 5.548347817202922670e+03
3.564472247982149611e+02 5.564347990646462677e+03
3.565644216764220005e+02 5.582209796666496004e+03
3.566223845891651649e+02 5.591113821732636097e+03
3.566512091291587012e+02 5.595559138360928046e+03
3.566799297941266786e+02 5.600000000000000000e+03
3.567743605423945610e+02 5.614737222997924619e+03
3.568660339629545319e+02 5.629272204888298802e+03
3.569943071730718316e+02 5.650000000000000000e+03
3.570253535547896604e+02 5.655086888358275246e+03
3.570407569342362422e+02 5.657621033707950119e+03
3.570484289222915777e+02 5.658885791585033076e+03
3.570522575220213639e+02 5.659517593057181330e+03
3.570560812039711323e+02 5.660149010020322748e+03
3.570564914064279947e+02 5.660216773446381922e+03
3.570630835285325020e+02 5.661306434670083945e+03
3.570663741128171296e+02 5.661850836085401170e+03
3.570680180382394724e+02 5.662122929592526816e+03
3.570696610534512843e+02 5.662394951670154114e+03
3.570923419620929735e+02 5.666158182732464411e+03
3.571872258562333400e+02 5.682067792569701851e+03
3.572431781429442594e+02 5.691577756961269188e+03
3.572707503165255503e+02 5.696299767616116696e+03
3.572980579555276677e+02 5.701000000000000000e+03
3.573775835899843969e+02 5.716005170388375518e+03
3.574560979098897064e+02 5.730947898682818050e+03
3.574648037704300236e+02 5.732612718651146679e+03
3.574734972728695652e+02 5.734276765325053020e+03
3.574824912422526495e+02 5.736000000000000000e+03
3.575726684184675719e+02 5.753372645957148961e+03
3.576101653217334615e+02 5.760647581597568205e+03
3.576440469744061375e+02 5.767247208179240261e+03
3.576632565128593910e+02 5.771000000000000000e+03
3.577026973287145779e+02 5.778745214811430742e+03
3.577066004140089035e+02 5.779515157886744419e+03
3.577286548215576545e+02 5.783877590861345197e+03
3.577718320904281768e+02 5.792477131407868910e+03
3.578003959219612398e+02 5.798209559798375267e+03
3.578699916935831880e+02 5.812324404815953130e+03
3.579122543714604490e+02 5.821000000000000000e+03
3.579705088688997421e+02 5.833090747999037376e+03
3.579780317560848175e+02 5.834663479482633193e+03
3.579817836561264244e+02 5.835448831251936099e+03
3.579836572267130350e+02 5.835841254024722730e+03
3.579855292134512297e+02 5.836233508201259610e+03
3.579933448425476286e+02 5.837872951980803009e+03
3.579972423131297887e+02 5.838691570176271853e+03
3.579991884697251976e+02 5.839100603783760562e+03
3.580001609042583368e+02 5.839305051769019883e+03
3.580011329099594946e+02 5.839509453895870138e+03
3.580212796742927139e+02 5.843756106197040936e+03
3.580272758142579050e+02 5.845023708057446129e+03
3.580826064529076120e+02 5.856801948922146948e+03
3.581483922090480974e+02 5.871000000000000000e+03
3.581953020410126669e+02 5.881256383119759448e+03
3.582411784453154837e+02 5.891395956763047252e+03
3.583078220377215644e+02 5.906322774931001732e+03
3.583723289150489677e+02 5.921000000000000000e+03
3.583986506506175829e+02 5.927055336232162517e+03
3.584246227423118967e+02 5.933068701681323546e+03
3.584755429528119066e+02 5.944971253664713913e+03
3.585251387320484469e+02 5.956711063565764562e+03
3.585551441531304135e+02 5.963885586377381514e+03
3.585846723460588237e+02 5.971000000000000000e+03
3.586365481333894536e+02 5.984097967492593853e+03
3.586878650523781289e+02 5.997145694263439509e+03
3.587247715822360306e+02 6.006585953588864868e+03
3.587613911962425277e+02 6.016000000000000000e+03
3.587888516326808030e+02 6.023090516904660944e+03
3.588473100366321660e+02 6.038274581129143371e+03
3.588876905944262035e+02 6.048834999067952594e+03
3.589339274755864722e+02 6.061000000000000000e+03
3.589760710510144577e+02 6.072156670230864620e+03
3.590178285658220148e+02 6.083276379584152892e+03
3.590391216010032167e+02 6.088971767949280547e+03
3.590603148055898259e+02 6.094657484409988683e+03
3.591024043080925594e+02 6.106000000000000000e+03
3.591230314711137908e+02 6.111583532987353465e+03
3.591435638952807494e+02 6.117157741448922025e+03
3.591843469290607800e+02 6.128278278070941269e+03
3.592051406456448603e+02 6.133973282880642728e+03
3.592258370141095156e+02 6.139658554866933628e+03
3.592464366688130895e+02 6.145334118958759063e+03
3.592567004263860895e+02 6.148168268311272186e+03
3.592669402409609347e+02 6.151000000000000000e+03
3.593264705012092008e+02 6.168475816192898492e+03
3.593858982772184163e+02 6.186000000000000000e+03
3.594448969969338918e+02 6.203475292094711222e+03
3.595038017594018243e+02 6.221000000000000000e+03
3.595539521745963043e+02 6.235981114146495202e+03
3.595873280569982740e+02 6.245982315499501055e+03
3.596206759886305235e+02 6.256000000000000000e+03
3.596496726729249076e+02 6.264730751490902549e+03
3.596786497471184703e+02 6.273474316488087425e+03
3.597076072708027823e+02 6.282230723220483014e+03
3.597365453034403231e+02 6.291000000000000000e+03
3.597694414356360539e+02 6.300991482874092981e+03
3.598023140511110682e+02 6.311000000000000000e+03
3.598290617899943413e+02 6.319161558655203407e+03
3.598424301050119425e+02 6.323246641096669919e+03
3.598557947246653725e+02 6.327334596315524323e+03
3.598677667895248078e+02 6.331000000000000000e+03
3.598804806801717291e+02 6.334896038686511019e+03
3.598931913838455330e+02 6.338794716459812662e+03
3.599058989051589492e+02 6.342696036002298570e+03
3.599122514738289738e+02 6.344647687276229590e+03
3.599186032486371118e+02 6.346600000000000364e+03
3.599316622906890757e+02 6.351300000000000182e+03
3.599381842235297313e+02 6.353650000000000546e+03
3.599414432955175585e+02 6.354825000000000728e+03
3.599447011055444250e+02 6.356000000000000000e+03
3.599614819659013847e+02 6.363500000000000000e+03
3.599698571149785948e+02 6.367250000000000000e+03
3.599740408774422349e+02 6.369125000000000000e+03
3.599761318066779268e+02 6.370062500000000000e+03
3.599782221016387211e+02 6.371000000000000000e+03
