6.000000000000000000e+01 5.771000000000000000e+03
6.001419088358812104e+01 5.778745214811430742e+03
6.001559618422736975e+01 5.779515157886744419e+03
6.002354010192480871e+01 5.783877590861345197e+03
6.003910840864747911e+01 5.792477131407868910e+03
6.004941921319111486e+01 5.798209559798375267e+03
6.007458018823788848e+01 5.812324404815953130e+03
6.008988611059560014e+01 5.821000000000000000e+03
6.011101664440857206e+01 5.833090747999037376e+03
6.011374818480523885e+01 5.834663479482633193e+03
6.011511072727027027e+01 5.835448831251936099e+03
6.011579119355053535e+01 5.835841254024722730e+03
6.011647112394562953e+01 5.836233508201259610e+03
6.011931028897694773e+01 5.837872951980803009e+03
6.012072636997933728e+01 5.838691570176271853e+03
6.012143353734514761e+01 5.839100603783760562e+03
6.012178690302384609e+01 5.839305051769019883e+03
6.012214012347236292e+01 5.839509453895870138e+03
6.012946371071516438e+01 5.843756106197040936e+03
6.013164425673264901e+01 5.845023708057446129e+03
6.015178470966625213e+01 5.856801948922146948e+03
6.017577534716005516e+01 5.871000000000000000e+03
6.019291177069679577e+01 5.881256383119759448e+03
6.020969431529658067e+01 5.891395956763047252e+03
6.023411547653982723e+01 5.906322774931001732e+03
6.025780035785716393e+01 5.921000000000000000e+03
6.026747801678383354e+01 5.927055336232162517e+03
6.027703458415864191e+01 5.933068701681323546e+03
6.029579242527332639e+01 5.944971253664713913e+03
6.031408965094920660e+01 5.956711063565764562e+03
6.032517249474662435e+01 5.963885586377381514e+03
6.033608864556032358e+01 5.971000000000000000e+03
6.035537989147947968e+01 5.984097967492593853e+03
6.037447478479834473e+01 5.997145694263439509e+03
6.038821464911921311e+01 6.006585953588864868e+03
6.040185350821145960e+01 6.016000000000000000e+03
6.041208485170750464e+01 6.023090516904660944e+03
6.043387637248193300e+01 6.038274581129143371e+03
6.044893758453149246e+01 6.048834999067952594e+03
6.046619167327988720e+01 6.061000000000000000e+03
6.048192623198767848e+01 6.072156670230864620e+03
6.049752412185501527e+01 6.083276379584152892e+03
6.050548067087332527e+01 6.088971767949280547e+03
6.051340182994066907e+01 6.094657484409988683e+03
6.052913883011101603e+01 6.106000000000000000e+03
6.053685393782096469e+01 6.111583532987353465e+03
6.054453539903105508e+01 6.117157741448922025e+03
6.055979817593828329e+01 6.128278278070941269e+03
6.056758278667624751e+01 6.133973282880642728e+03
6.057533276253852250e+01 6.139658554866933628e+03
6.058304831381007460e+01 6.145334118958759063e+03
6.058689324586461566e+01 6.148168268311272186e+03
6.059072964988992283e+01 6.151000000000000000e+03
6.061317191290059014e+01 6.168475816192898492e+03
6.063557928515410111e+01 6.186000000000000000e+03
6.065782852816615645e+01 6.203475292094711222e+03
6.068004591061230713e+01 6.221000000000000000e+03
6.069896415060304662e+01 6.235981114146495202e+03
6.071155592741414608e+01 6.245982315499501055e+03
6.072413826918159430e+01 6.256000000000000000e+03
6.073507975425255978e+01 6.264730751490902549e+03
6.074601465586545856e+01 6.273474316488087425e+03
6.075694299368799278e+01 6.282230723220483014e+03
6.076786478735247243e+01 6.291000000000000000e+03
6.078028142058435179e+01 6.300991482874092981e+03
6.079269020071932772e+01 6.311000000000000000e+03
6.080278770675641908e+01 6.319161558655203407e+03
6.080783461261049894e+01 6.323246641096669919e+03
6.081288028954428881e+01 6.327334596315524323e+03
6.081740036250577219e+01 6.331000000000000000e+03
6.082220065783707952e+01 6.334896038686511019e+03
6.082699989794486584e+01 6.338794716459812662e+03
6.083179808436624825e+01 6.342696036002298570e+03
6.083419678291030408e+01 6.344647687276229590e+03
6.083659521860872132e+01 6.346600000000000364e+03
6.084159322568567063e+01 6.351300000000000182e+03
6.084408943710168671e+01 6.353650000000000546e+03
6.084533684569091605e+01 6.354825000000000728e+03
6.084658378988113725e+01 6.356000000000000000e+03
6.085309077182716919e+01 6.363500000000000000e+03
6.085633848774357801e+01 6.367250000000000000e+03
6.085796090493122534e+01 6.369125000000000000e+03
6.085877175370578129e+01 6.370062500000000000e+03
6.085958236274288424e+01 6.371000000000000000e+03
6.086039297177998009e+01 6.370062500000000000e+03
6.086120382055453604e+01 6.369125000000000000e+03
6.086282623774218337e+01 6.367250000000000000e+03
6.086607395365859219e+01 6.363500000000000000e+03
6.087258093560462413e+01 6.356000000000000000e+03
6.087382787979484533e+01 6.354825000000000728e+03
6.087507528838407467e+01 6.353650000000000546e+03
6.087757149980009075e+01 6.351300000000000182e+03
6.088256950687704006e+01 6.346600000000000364e+03
6.088496794257545730e+01 6.344647687276229590e+03
6.088736664111951313e+01 6.342696036002298570e+03
6.089216482754089554e+01 6.338794716459812662e+03
6.089696406764868186e+01 6.334896038686511019e+03
6.090176436297998919e+01 6.331000000000000000e+03
6.090628443594147257e+01 6.327334596315524323e+03
6.091133011287526244e+01 6.323246641096669919e+03
6.091637701872934940e+01 6.319161558655203407e+03
6.092647452476643366e+01 6.311000000000000000e+03
6.093888330490140959e+01 6.300991482874092981e+03
6.095129993813328895e+01 6.291000000000000000e+03
6.096222173179776860e+01 6.282230723220483014e+03
6.097315006962030282e+01 6.273474316488087425e+03
6.098408497123320160e+01 6.264730751490902549e+03
6.099502645630416708e+01 6.256000000000000000e+03
6.100760879807161530e+01 6.245982315499501055e+03
6.102020057488271476e+01 6.235981114146495202e+03
6.103911881487345426e+01 6.221000000000000000e+03
6.106133619731960493e+01 6.203475292094711222e+03
6.108358544033166027e+01 6.186000000000000000e+03
6.110599281258517124e+01 6.168475816192898492e+03
6.112843507559583855e+01 6.151000000000000000e+03
6.113227147962114572e+01 6.148168268311272186e+03
6.113611641167568678e+01 6.145334118958759063e+03
6.114383196294723888e+01 6.139658554866933628e+03
6.115158193880951387e+01 6.133973282880642728e+03
6.115936654954747809e+01 6.128278278070941269e+03
6.117462932645470630e+01 6.117157741448922025e+03
6.118231078766479669e+01 6.111583532987353465e+03
6.119002589537474535e+01 6.106000000000000000e+03
6.120576289554509231e+01 6.094657484409988683e+03
6.121368405461243611e+01 6.088971767949280547e+03
6.122164060363074611e+01 6.083276379584152892e+03
6.123723849349808290e+01 6.072156670230864620e+03
6.125297305220587418e+01 6.061000000000000000e+03
6.127022714095426892e+01 6.048834999067952594e+03
6.128528835300382838e+01 6.038274581129143371e+03
6.130707987377825674e+01 6.023090516904660944e+03
6.131731121727430178e+01 6.016000000000000000e+03
6.133095007636654827e+01 6.006585953588864868e+03
6.134468994068741665e+01 5.997145694263439509e+03
6.136378483400628170e+01 5.984097967492593853e+03
6.138307607992543780e+01 5.971000000000000000e+03
6.139399223073913703e+01 5.963885586377381514e+03
6.140507507453655478e+01 5.956711063565764562e+03
6.142337230021243499e+01 5.944971253664713913e+03
6.144213014132711947e+01 5.933068701681323546e+03
6.145168670870192784e+01 5.927055336232162517e+03
6.146136436762859745e+01 5.921000000000000000e+03
6.148504924894593415e+01 5.906322774931001732e+03
6.150947041018918071e+01 5.891395956763047252e+03
6.152625295478896561e+01 5.881256383119759448e+03
6.154338937832570622e+01 5.871000000000000000e+03
6.156738001581950925e+01 5.856801948922146948e+03
6.158752046875311237e+01 5.845023708057446129e+03
6.158970101477059700e+01 5.843756106197040936e+03
6.159702460201339846e+01 5.839509453895870138e+03
6.159737782246191529e+01 5.839305051769019883e+03
6.159773118814061377e+01 5.839100603783760562e+03
6.159843835550642410e+01 5.838691570176271853e+03
6.159985443650881365e+01 5.837872951980803009e+03
6.160269360154013185e+01 5.836233508201259610e+03
6.160337353193522603e+01 5.835841254024722730e+03
6.160405399821549111e+01 5.835448831251936099e+03
6.160541654068052253e+01 5.834663479482633193e+03
6.160814808107718932e+01 5.833090747999037376e+03
6.162927861489016124e+01 5.821000000000000000e+03
6.164458453724787290e+01 5.812324404815953130e+03
6.166974551229464652e+01 5.798209559798375267e+03
6.168005631683828227e+01 5.792477131407868910e+03
6.169562462356095267e+01 5.783877590861345197e+03
6.170356854125839163e+01 5.779515157886744419e+03
6.170497384189764034e+01 5.778745214811430742e+03
6.171916472548576138e+01 5.771000000000000000e+03
6.172607109497879918e+01 5.767247208179240261e+03
6.173824791729305161e+01 5.760647581597568205e+03
6.175171720398810038e+01 5.753372645957148961e+03
6.178408036517316049e+01 5.736000000000000000e+03
6.178730587215405023e+01 5.734276765325053020e+03
6.179042322812227184e+01 5.732612718651146679e+03
6.179354462669346759e+01 5.730947898682818050e+03
6.182167754998465625e+01 5.716005170388375518e+03
6.185014047019614480e+01 5.701000000000000000e+03
6.185973559689664825e+01 5.696299767616116696e+03
6.186941473986925644e+01 5.691577756961269188e+03
6.188902902497697056e+01 5.682067792569701851e+03
6.192220611821309006e+01 5.666158182732464411e+03
6.193012085687355750e+01 5.662394951670154114e+03
6.193069396606259147e+01 5.662122929592526816e+03
6.193126736056012049e+01 5.661850836085401170e+03
6.193241500623898332e+01 5.661306434670083945e+03
6.193471372966995148e+01 5.660216773446381922e+03
6.193485675328781781e+01 5.660149010020322748e+03
6.193618984439660835e+01 5.659517593057181330e+03
6.193752447540699535e+01 5.658885791585033076e+03
6.194019836663426304e+01 5.657621033707950119e+03
6.194556473295114785e+01 5.655086888358275246e+03
6.195637234126437676e+01 5.650000000000000000e+03
6.200090355200926950e+01 5.629272204888298802e+03
6.203260759926000389e+01 5.614737222997924619e+03
6.206515916722620574e+01 5.600000000000000000e+03
6.207504089103728973e+01 5.595559138360928046e+03
6.208495382507610572e+01 5.591113821732636097e+03
6.210487386897982987e+01 5.582209796666496004e+03
6.214509452965577196e+01 5.564347990646462677e+03
6.218142084705767303e+01 5.548347817202922670e+03
6.219973983499185977e+01 5.540326122140537336e+03
6.221816380459717521e+01 5.532289969591510271e+03
6.225533002594894327e+01 5.516174135411034513e+03
6.227407399917323261e+01 5.508094375114532340e+03
6.229292635572534920e+01 5.500000000000000000e+03
6.233447022491297673e+01 5.482274596889916211e+03
6.235543603863841611e+01 5.473386772410306548e+03
6.237653259225405122e+01 5.464482135951820965e+03
6.241476138110657956e+01 5.448443906490607333e+03
6.243403745911545144e+01 5.440404303246951713e+03
6.245342245045214469e+01 5.432350994423984048e+03
6.249252259739060378e+01 5.416203119612529008e+03
6.251223951809807033e+01 5.408108483110237103e+03
6.253206884146496947e+01 5.400000000000000000e+03
6.257552576587553972e+01 5.382341283162184482e+03
6.261951514515232731e+01 5.364619688891984879e+03
6.270043954843922052e+01 5.332414195103907332e+03
6.270471799399788182e+01 5.330725577178969615e+03
6.278319085104097752e+01 5.300000000000000000e+03
6.286458462082102727e+01 5.268613070347176290e+03
6.294774230627560030e+01 5.237037856906376874e+03
6.304695262595919303e+01 5.200000000000000000e+03
6.309821971297263588e+01 5.181123188790137647e+03
6.315014439959368531e+01 5.162181835061464881e+03
6.320273859833353214e+01 5.143175607226947250e+03
6.325601450496186828e+01 5.124104171424285596e+03
6.325761307490480334e+01 5.123534711241189143e+03
6.325921226191011471e+01 5.122965192817484422e+03
6.326241248844091558e+01 5.121825981212500665e+03
6.326561518724385280e+01 5.120686536537831671e+03
6.326882036100527529e+01 5.119546858721945682e+03
6.327293099001606436e+01 5.118086171107819609e+03
6.327704569275747559e+01 5.116625100430052953e+03
6.328116447490876340e+01 5.115163646537939712e+03
6.328528734215953477e+01 5.113701809280693851e+03
6.329352729087337792e+01 5.110783377244053554e+03
6.330178357678283874e+01 5.107863416640710057e+03
6.331291572170921000e+01 5.103933093874856240e+03
6.332407762346822011e+01 5.100000000000000000e+03
6.332471595140378184e+01 5.099775307355141194e+03
6.333083498257986577e+01 5.097622666933323671e+03
6.333817209350327460e+01 5.095044541692768689e+03
6.334552186156690823e+01 5.092465273752032772e+03
6.336025949170868188e+01 5.087303306729801989e+03
6.337500196694252708e+01 5.082152863521321706e+03
6.338979537080475524e+01 5.076997862837097273e+03
6.340459421258806572e+01 5.071854175867099912e+03
6.341944416447229571e+01 5.066705947393367751e+03
6.342105588624352919e+01 5.066147985041328866e+03
6.342266821101246421e+01 5.065589969318183648e+03
6.342589467080924237e+01 5.064473777727936067e+03
6.342912354641590866e+01 5.063357372561343254e+03
6.343235484038279282e+01 5.062240753757101629e+03
6.343882469356400833e+01 5.060006874990323922e+03
6.344530425087813796e+01 5.057772140936690448e+03
6.345829255966157234e+01 5.053300105003316276e+03
6.347131993207339917e+01 5.048824642022135777e+03
6.349758991820080212e+01 5.039830148983069193e+03
6.352401934232366187e+01 5.030821798014501837e+03
6.356945112501504980e+01 5.015431166328467953e+03
6.359234445882254505e+01 5.007720659996419272e+03
6.361535724278177639e+01 5.000000000000000000e+03
6.366227820530480130e+01 4.984350466656896970e+03
6.370969158077508609e+01 4.968660727985812628e+03
6.380602491274541421e+01 4.937160013312628507e+03
6.386348218313908376e+01 4.918608118927849318e+03
6.392166053219428079e+01 4.900000000000000000e+03
6.404145389336417793e+01 4.862230287249800313e+03
6.416431167130643587e+01 4.824236259859541860e+03
6.417419513343382675e+01 4.821211725570394265e+03
6.418409865367885914e+01 4.818185765245956645e+03
6.420396609895865936e+01 4.812129562455151245e+03
6.424394423723934722e+01 4.800000000000000000e+03
6.425510199175779746e+01 4.796628177874657922e+03
6.426628477404136675e+01 4.793254645241781873e+03
6.431640689130988164e+01 4.778205745655412102e+03
6.434165703138124570e+01 4.770668521131959096e+03
6.436703442498848915e+01 4.763122760832113272e+03
6.442537659852948195e+01 4.745886131456858493e+03
6.448439608337741902e+01 4.728604880064525787e+03
6.457474608689147999e+01 4.702447642573829398e+03
6.457900323358151695e+01 4.701223933096043766e+03
6.458326388702901966e+01 4.700000000000000000e+03
6.468484778762892518e+01 4.671047855811226327e+03
6.478842181839384295e+01 4.641974078156351425e+03
6.485849370634909405e+01 4.622554150333280631e+03
6.494078408311168005e+01 4.600000000000000000e+03
6.500703773732902846e+01 4.582035357707135518e+03
6.501648482304429422e+01 4.579487693472211504e+03
6.502594809337676907e+01 4.576939121644680199e+03
6.504492334612541526e+01 4.571839253271146845e+03
6.508306981679575642e+01 4.561628604046322835e+03
6.516015566293957306e+01 4.541163546563089767e+03
6.516661416835452769e+01 4.539459058171074503e+03
6.517308011875948637e+01 4.537754164709254837e+03
6.524497516617786630e+01 4.518901882588699664e+03
6.531779623952047586e+01 4.500000000000000000e+03
6.532833258025172540e+01 4.497281034716017530e+03
6.533888828905961077e+01 4.494561065026764481e+03
6.542404109777970689e+01 4.472764117764656476e+03
6.551046348694814014e+01 4.450902561122331463e+03
6.568722670227322169e+01 4.406984467210255389e+03
6.571573283407218469e+01 4.400000000000000000e+03
6.577415579914594446e+01 4.385768783619147143e+03
6.583315054825234824e+01 4.371510725873732554e+03
6.598280234402783151e+01 4.335839642122849909e+03
6.613618972221495085e+01 4.300000000000000000e+03
6.634410310332714289e+01 4.252544907707078892e+03
6.644072414703829565e+01 4.230918457524750920e+03
6.651045571306988791e+01 4.215474635658658372e+03
6.658094754130203796e+01 4.200000000000000000e+03
6.672455029742636157e+01 4.168895314184890594e+03
6.687134613679697281e+01 4.137666949604132242e+03
6.687783968091511611e+01 4.136298565928655080e+03
6.696435757548732681e+01 4.118170185945573394e+03
6.705200146493316993e+01 4.100000000000000000e+03
6.723094187751432571e+01 4.063495247384585582e+03
6.741465305755514237e+01 4.026822041401353090e+03
6.744863816051412186e+01 4.020124987488006354e+03
6.748278883084626045e+01 4.013422300691796409e+03
6.755159156541850507e+01 4.000000000000000000e+03
6.757662283541054649e+01 3.995143612901741562e+03
6.760174291838264082e+01 3.990284269093446710e+03
6.769614524946332779e+01 3.972149362520172872e+03
6.779181153180901731e+01 3.953973216789043363e+03
6.780394091977710502e+01 3.951683009119788494e+03
6.781609076473961295e+01 3.949392145892666576e+03
6.784045202611594050e+01 3.944808451638598854e+03
6.790015139179648429e+01 3.933629798901071808e+03
6.796034599593802739e+01 3.922435527900394845e+03
6.802104184445403234e+01 3.911225605882083528e+03
6.808224504125807641e+01 3.900000000000000000e+03
6.820608983226775024e+01 3.877521237213616132e+03
6.833203859831563420e+01 3.854979169015443404e+03
6.859045927604289261e+01 3.809704043666336020e+03
6.861858704600071235e+01 3.804853485772945078e+03
6.864681880377918333e+01 3.800000000000000000e+03
6.873799147494318618e+01 3.784427856473555948e+03
6.883025917236828661e+01 3.768825250797792251e+03
6.901815719277773553e+01 3.737528294758099491e+03
6.924856207302164535e+01 3.700000000000000000e+03
6.944777857202689120e+01 3.668280721280808848e+03
6.956988561685055572e+01 3.649163394452884859e+03
6.969386058597393685e+01 3.630000000000000000e+03
6.979196600325650479e+01 3.614999772910571210e+03
6.984134919776798256e+01 3.607499829684217730e+03
6.989095476362280124e+01 3.600000000000000000e+03
7.004599530043596189e+01 3.576775986262010065e+03
7.012433457486569921e+01 3.565164474887929828e+03
7.020322782975864584e+01 3.553553293824999400e+03
7.038732443844178022e+01 3.526775768576072096e+03
7.057447693282718149e+01 3.500000000000000000e+03
7.063083239286288517e+01 3.492023793463924903e+03
7.071631839158054333e+01 3.480000000000000000e+03
7.080180439029821571e+01 3.492023793463924903e+03
7.085815985033390518e+01 3.500000000000000000e+03
7.104531234471930645e+01 3.526775768576072096e+03
7.122940895340244083e+01 3.553553293824999400e+03
7.130830220829538746e+01 3.565164474887929828e+03
7.138664148272513899e+01 3.576775986262010065e+03
7.154168201953829964e+01 3.600000000000000000e+03
7.159128758539311832e+01 3.607499829684217730e+03
7.164067077990458188e+01 3.614999772910571210e+03
7.173877619718714982e+01 3.630000000000000000e+03
7.186275116631054516e+01 3.649163394452884859e+03
7.198485821113419547e+01 3.668280721280808848e+03
7.218407471013944132e+01 3.700000000000000000e+03
7.241447959038335114e+01 3.737528294758099491e+03
7.260237761079280006e+01 3.768825250797792251e+03
7.269464530821791470e+01 3.784427856473555948e+03
7.278581797938190334e+01 3.800000000000000000e+03
7.281404973716038853e+01 3.804853485772945078e+03
7.284217750711820827e+01 3.809704043666336020e+03
7.310059818484545247e+01 3.854979169015443404e+03
7.322654695089335064e+01 3.877521237213616132e+03
7.335039174190301026e+01 3.900000000000000000e+03
7.341159493870705433e+01 3.911225605882083528e+03
7.347229078722305928e+01 3.922435527900394845e+03
7.353248539136460238e+01 3.933629798901071808e+03
7.359218475704514617e+01 3.944808451638598854e+03
7.361654601842147372e+01 3.949392145892666576e+03
7.362869586338398165e+01 3.951683009119788494e+03
7.364082525135206936e+01 3.953973216789043363e+03
7.373649153369775888e+01 3.972149362520172872e+03
7.383089386477844585e+01 3.990284269093446710e+03
7.385601394775055439e+01 3.995143612901741562e+03
7.388104521774258160e+01 4.000000000000000000e+03
7.394984795231482622e+01 4.013422300691796409e+03
7.398399862264696480e+01 4.020124987488006354e+03
7.401798372560594430e+01 4.026822041401353090e+03
7.420169490564677517e+01 4.063495247384585582e+03
7.438063531822791674e+01 4.100000000000000000e+03
7.446827920767375986e+01 4.118170185945573394e+03
7.455479710224595635e+01 4.136298565928655080e+03
7.456129064636411385e+01 4.137666949604132242e+03
7.470808648573472510e+01 4.168895314184890594e+03
7.485168924185904871e+01 4.200000000000000000e+03
7.492218107009118455e+01 4.215474635658658372e+03
7.499191263612277680e+01 4.230918457524750920e+03
7.508853367983394378e+01 4.252544907707078892e+03
7.529644706094613582e+01 4.300000000000000000e+03
7.544983443913325516e+01 4.335839642122849909e+03
7.559948623490872421e+01 4.371510725873732554e+03
7.565848098401514221e+01 4.385768783619147143e+03
7.571690394908890198e+01 4.400000000000000000e+03
7.574541008088786498e+01 4.406984467210255389e+03
7.592217329621294652e+01 4.450902561122331463e+03
7.600859568538137978e+01 4.472764117764656476e+03
7.609374849410147590e+01 4.494561065026764481e+03
7.610430420290936127e+01 4.497281034716017530e+03
7.611484054364061080e+01 4.500000000000000000e+03
7.618766161698320616e+01 4.518901882588699664e+03
7.625955666440160030e+01 4.537754164709254837e+03
7.626602261480654477e+01 4.539459058171074503e+03
7.627248112022151361e+01 4.541163546563089767e+03
7.634956696636533025e+01 4.561628604046322835e+03
7.638771343703565719e+01 4.571839253271146845e+03
7.640668868978430339e+01 4.576939121644680199e+03
7.641615196011679245e+01 4.579487693472211504e+03
7.642559904583204400e+01 4.582035357707135518e+03
7.649185270004940662e+01 4.600000000000000000e+03
7.657414307681197840e+01 4.622554150333280631e+03
7.664421496476722950e+01 4.641974078156351425e+03
7.674778899553214728e+01 4.671047855811226327e+03
7.684937289613205280e+01 4.700000000000000000e+03
7.685363354957956972e+01 4.701223933096043766e+03
7.685789069626959247e+01 4.702447642573829398e+03
7.694824069978366765e+01 4.728604880064525787e+03
7.700726018463160472e+01 4.745886131456858493e+03
7.706560235817259752e+01 4.763122760832113272e+03
7.709097975177982676e+01 4.770668521131959096e+03
7.711622989185120502e+01 4.778205745655412102e+03
7.716635200911970571e+01 4.793254645241781873e+03
7.717753479140327499e+01 4.796628177874657922e+03
7.718869254592172524e+01 4.800000000000000000e+03
7.722867068420241310e+01 4.812129562455151245e+03
7.724853812948222753e+01 4.818185765245956645e+03
7.725844164972725991e+01 4.821211725570394265e+03
7.726832511185465080e+01 4.824236259859541860e+03
7.739118288979690874e+01 4.862230287249800313e+03
7.751097625096679167e+01 4.900000000000000000e+03
7.756915460002198870e+01 4.918608118927849318e+03
7.762661187041567246e+01 4.937160013312628507e+03
7.772294520238600057e+01 4.968660727985812628e+03
7.777035857785628536e+01 4.984350466656896970e+03
7.781727954037930317e+01 5.000000000000000000e+03
7.784029232433853451e+01 5.007720659996419272e+03
7.786318565814602266e+01 5.015431166328467953e+03
7.790861744083741769e+01 5.030821798014501837e+03
7.793504686496028455e+01 5.039830148983069193e+03
7.796131685108767329e+01 5.048824642022135777e+03
7.797434422349951433e+01 5.053300105003316276e+03
7.798733253228294870e+01 5.057772140936690448e+03
7.799381208959707124e+01 5.060006874990323922e+03
7.800028194277828675e+01 5.062240753757101629e+03
7.800351323674517801e+01 5.063357372561343254e+03
7.800674211235184430e+01 5.064473777727936067e+03
7.800996857214860825e+01 5.065589969318183648e+03
7.801158089691755038e+01 5.066147985041328866e+03
7.801319261868879096e+01 5.066705947393367751e+03
7.802804257057300674e+01 5.071854175867099912e+03
7.804284141235632433e+01 5.076997862837097273e+03
7.805763481621855249e+01 5.082152863521321706e+03
7.807237729145239769e+01 5.087303306729801989e+03
7.808711492159417844e+01 5.092465273752032772e+03
7.809446468965779786e+01 5.095044541692768689e+03
7.810180180058121380e+01 5.097622666933323671e+03
7.810792083175729772e+01 5.099775307355141194e+03
7.810855915969285945e+01 5.100000000000000000e+03
7.811972106145186956e+01 5.103933093874856240e+03
7.813085320637823372e+01 5.107863416640710057e+03
7.813910949228770164e+01 5.110783377244053554e+03
7.814734944100155190e+01 5.113701809280693851e+03
7.815147230825232327e+01 5.115163646537939712e+03
7.815559109040360397e+01 5.116625100430052953e+03
7.815970579314500810e+01 5.118086171107819609e+03
7.816381642215580428e+01 5.119546858721945682e+03
7.816702159591721966e+01 5.120686536537831671e+03
7.817022429472015688e+01 5.121825981212500665e+03
7.817342452125096486e+01 5.122965192817484422e+03
7.817502370825627622e+01 5.123534711241189143e+03
7.817662227819920417e+01 5.124104171424285596e+03
7.822989818482754742e+01 5.143175607226947250e+03
7.828249238356738715e+01 5.162181835061464881e+03
7.833441707018843658e+01 5.181123188790137647e+03
7.838568415720187943e+01 5.200000000000000000e+03
7.848489447688547216e+01 5.237037856906376874e+03
7.856805216234005229e+01 5.268613070347176290e+03
7.864944593212010204e+01 5.300000000000000000e+03
7.872791878916319774e+01 5.330725577178969615e+03
7.873219723472186615e+01 5.332414195103907332e+03
7.881312163800875226e+01 5.364619688891984879e+03
7.885711101728553274e+01 5.382341283162184482e+03
7.890056794169611010e+01 5.400000000000000000e+03
7.892039726506301633e+01 5.408108483110237103e+03
7.894011418577048289e+01 5.416203119612529008e+03
7.897921433270893488e+01 5.432350994423984048e+03
7.899859932404562812e+01 5.440404303246951713e+03
7.901787540205450000e+01 5.448443906490607333e+03
7.905610419090703544e+01 5.464482135951820965e+03
7.907720074452265635e+01 5.473386772410306548e+03
7.909816655824809573e+01 5.482274596889916211e+03
7.913971042743573037e+01 5.500000000000000000e+03
7.915856278398784696e+01 5.508094375114532340e+03
7.917730675721213629e+01 5.516174135411034513e+03
7.921447297856390435e+01 5.532289969591510271e+03
7.923289694816922690e+01 5.540326122140537336e+03
7.925121593610340653e+01 5.548347817202922670e+03
7.928754225350530760e+01 5.564347990646462677e+03
7.932776291418124970e+01 5.582209796666496004e+03
7.934768295808497385e+01 5.591113821732636097e+03
7.935759589212378273e+01 5.595559138360928046e+03
7.936747761593487382e+01 5.600000000000000000e+03
7.940002918390106856e+01 5.614737222997924619e+03
7.943173323115181006e+01 5.629272204888298802e+03
7.947626444189670281e+01 5.650000000000000000e+03
7.948707205020994593e+01 5.655086888358275246e+03
7.949243841652682363e+01 5.657621033707950119e+03
7.949511230775408421e+01 5.658885791585033076e+03
7.949644693876447832e+01 5.659517593057181330e+03
7.949778002987326886e+01 5.660149010020322748e+03
7.949792305349112098e+01 5.660216773446381922e+03
7.950022177692210334e+01 5.661306434670083945e+03
7.950136942260095907e+01 5.661850836085401170e+03
7.950194281709849520e+01 5.662122929592526816e+03
7.950251592628751496e+01 5.662394951670154114e+03
7.951043066494798950e+01 5.666158182732464411e+03
7.954360775818410900e+01 5.682067792569701851e+03
7.956322204329181602e+01 5.691577756961269188e+03
7.957290118626443132e+01 5.696299767616116696e+03
7.958249631296493476e+01 5.701000000000000000e+03
7.961095923317641621e+01 5.716005170388375518e+03
7.963909215646761197e+01 5.730947898682818050e+03
7.964221355503880773e+01 5.732612718651146679e+03
7.964533091100702222e+01 5.734276765325053020e+03
7.964855641798791908e+01 5.736000000000000000e+03
7.968091957917296497e+01 5.753372645957148961e+03
7.969438886586802084e+01 5.760647581597568205e+03
7.970656568818228038e+01 5.767247208179240261e+03
7.971347205767531818e+01 5.771000000000000000e+03
7.972766294126343212e+01 5.778745214811430742e+03
7.972906824190268082e+01 5.779515157886744419e+03
7.973701215960011268e+01 5.783877590861345197e+03
7.975258046632278308e+01 5.792477131407868910e+03
7.976289127086641884e+01 5.798209559798375267e+03
7.978805224591319245e+01 5.812324404815953130e+03
7.980335816827090412e+01 5.821000000000000000e+03
7.982448870208386893e+01 5.833090747999037376e+03
7.982722024248054993e+01 5.834663479482633193e+03
7.982858278494558135e+01 5.835448831251936099e+03
7.982926325122583933e+01 5.835841254024722730e+03
7.982994318162093350e+01 5.836233508201259610e+03
7.983278234665225170e+01 5.837872951980803009e+03
7.983419842765464125e+01 5.838691570176271853e+03
7.983490559502044448e+01 5.839100603783760562e+03
7.983525896069915007e+01 5.839305051769019883e+03
7.983561218114766689e+01 5.839509453895870138e+03
7.984293576839047546e+01 5.843756106197040936e+03
7.984511631440794588e+01 5.845023708057446129e+03
7.986525676734154899e+01 5.856801948922146948e+03
7.988924740483535913e+01 5.871000000000000000e+03
7.990638382837209974e+01 5.881256383119759448e+03
7.992316637297189175e+01 5.891395956763047252e+03
7.994758753421513120e+01 5.906322774931001732e+03
7.997127241553246790e+01 5.921000000000000000e+03
7.998095007445914462e+01 5.927055336232162517e+03
7.999050664183394588e+01 5.933068701681323546e+03
8.000926448294863746e+01 5.944971253664713913e+03
8.002756170862451768e+01 5.956711063565764562e+03
8.003864455242192832e+01 5.963885586377381514e+03
8.004956070323562756e+01 5.971000000000000000e+03
8.006885194915479076e+01 5.984097967492593853e+03
8.008794684247365581e+01 5.997145694263439509e+03
8.010168670679452418e+01 6.006585953588864868e+03
8.011532556588676357e+01 6.016000000000000000e+03
8.012555690938280861e+01 6.023090516904660944e+03
8.014734843015723698e+01 6.038274581129143371e+03
8.016240964220679643e+01 6.048834999067952594e+03
8.017966373095519828e+01 6.061000000000000000e+03
8.019539828966298955e+01 6.072156670230864620e+03
8.021099617953032634e+01 6.083276379584152892e+03
8.021895272854862924e+01 6.088971767949280547e+03
8.022687388761598015e+01 6.094657484409988683e+03
8.024261088778632711e+01 6.106000000000000000e+03
8.025032599549626866e+01 6.111583532987353465e+03
8.025800745670636616e+01 6.117157741448922025e+03
8.027327023361358727e+01 6.128278278070941269e+03
8.028105484435155859e+01 6.133973282880642728e+03
8.028880482021382647e+01 6.139658554866933628e+03
8.029652037148538568e+01 6.145334118958759063e+03
8.030036530353991964e+01 6.148168268311272186e+03
8.030420170756522680e+01 6.151000000000000000e+03
8.032664397057588701e+01 6.168475816192898492e+03
8.034905134282941219e+01 6.186000000000000000e+03
8.037130058584145331e+01 6.203475292094711222e+03
8.039351796828761110e+01 6.221000000000000000e+03
8.041243620827835059e+01 6.235981114146495202e+03
8.042502798508945716e+01 6.245982315499501055e+03
8.043761032685689827e+01 6.256000000000000000e+03
8.044855181192785665e+01 6.264730751490902549e+03
8.045948671354075543e+01 6.273474316488087425e+03
8.047041505136328965e+01 6.282230723220483014e+03
8.048133684502778351e+01 6.291000000000000000e+03
8.049375347825966287e+01 6.300991482874092981e+03
8.050616225839462459e+01 6.311000000000000000e+03
8.051625976443170885e+01 6.319161558655203407e+03
8.052130667028579580e+01 6.323246641096669919e+03
8.052635234721958568e+01 6.327334596315524323e+03
8.053087242018106906e+01 6.331000000000000000e+03
8.053567271551237639e+01 6.334896038686511019e+03
8.054047195562016270e+01 6.338794716459812662e+03
8.054527014204154511e+01 6.342696036002298570e+03
8.054766884058560095e+01 6.344647687276229590e+03
8.055006727628402530e+01 6.346600000000000364e+03
8.055506528336096039e+01 6.351300000000000182e+03
8.055756149477699068e+01 6.353650000000000546e+03
8.055880890336621292e+01 6.354825000000000728e+03
8.056005584755644122e+01 6.356000000000000000e+03
8.056656282950247316e+01 6.363500000000000000e+03
8.056981054541887488e+01 6.367250000000000000e+03
8.057143296260652221e+01 6.369125000000000000e+03
8.057224381138107105e+01 6.370062500000000000e+03
8.057305442041817400e+01 6.371000000000000000e+03
8.057386502945527695e+01 6.370062500000000000e+03
8.057467587822984001e+01 6.369125000000000000e+03
8.057629829541748734e+01 6.367250000000000000e+03
8.057954601133388906e+01 6.363500000000000000e+03
8.058605299327992100e+01 6.356000000000000000e+03
8.058729993747014930e+01 6.354825000000000728e+03
8.058854734605937153e+01 6.353650000000000546e+03
8.059104355747538762e+01 6.351300000000000182e+03
8.059604156455233692e+01 6.346600000000000364e+03
8.059844000025076127e+01 6.344647687276229590e+03
8.060083869879481711e+01 6.342696036002298570e+03
8.060563688521619952e+01 6.338794716459812662e+03
8.061043612532398583e+01 6.334896038686511019e+03
8.061523642065529316e+01 6.331000000000000000e+03
8.061975649361677654e+01 6.327334596315524323e+03
8.062480217055056642e+01 6.323246641096669919e+03
8.062984907640463916e+01 6.319161558655203407e+03
8.063994658244173763e+01 6.311000000000000000e+03
8.065235536257671356e+01 6.300991482874092981e+03
8.066477199580857871e+01 6.291000000000000000e+03
8.067569378947305836e+01 6.282230723220483014e+03
8.068662212729560679e+01 6.273474316488087425e+03
8.069755702890850557e+01 6.264730751490902549e+03
8.070849851397946395e+01 6.256000000000000000e+03
8.072108085574691927e+01 6.245982315499501055e+03
8.073367263255801163e+01 6.235981114146495202e+03
8.075259087254875112e+01 6.221000000000000000e+03
8.077480825499489470e+01 6.203475292094711222e+03
8.079705749800695003e+01 6.186000000000000000e+03
8.081946487026047521e+01 6.168475816192898492e+03
8.084190713327113542e+01 6.151000000000000000e+03
8.084574353729644258e+01 6.148168268311272186e+03
8.084958846935097654e+01 6.145334118958759063e+03
8.085730402062253575e+01 6.139658554866933628e+03
8.086505399648480363e+01 6.133973282880642728e+03
8.087283860722277495e+01 6.128278278070941269e+03
8.088810138412999606e+01 6.117157741448922025e+03
8.089578284534009356e+01 6.111583532987353465e+03
8.090349795305003511e+01 6.106000000000000000e+03
8.091923495322038207e+01 6.094657484409988683e+03
8.092715611228771877e+01 6.088971767949280547e+03
8.093511266130603587e+01 6.083276379584152892e+03
8.095071055117337266e+01 6.072156670230864620e+03
8.096644510988116394e+01 6.061000000000000000e+03
8.098369919862956579e+01 6.048834999067952594e+03
8.099876041067912524e+01 6.038274581129143371e+03
8.102055193145355361e+01 6.023090516904660944e+03
8.103078327494958444e+01 6.016000000000000000e+03
8.104442213404183804e+01 6.006585953588864868e+03
8.105816199836270641e+01 5.997145694263439509e+03
8.107725689168157146e+01 5.984097967492593853e+03
8.109654813760073466e+01 5.971000000000000000e+03
8.110746428841443390e+01 5.963885586377381514e+03
8.111854713221184454e+01 5.956711063565764562e+03
8.113684435788772475e+01 5.944971253664713913e+03
8.115560219900240213e+01 5.933068701681323546e+03
8.116515876637721760e+01 5.927055336232162517e+03
8.117483642530389432e+01 5.921000000000000000e+03
8.119852130662121681e+01 5.906322774931001732e+03
8.122294246786447047e+01 5.891395956763047252e+03
8.123972501246424827e+01 5.881256383119759448e+03
8.125686143600100309e+01 5.871000000000000000e+03
8.128085207349479901e+01 5.856801948922146948e+03
8.130099252642841634e+01 5.845023708057446129e+03
8.130317307244590097e+01 5.843756106197040936e+03
8.131049665968868112e+01 5.839509453895870138e+03
8.131084988013721215e+01 5.839305051769019883e+03
8.131120324581590353e+01 5.839100603783760562e+03
8.131191041318172097e+01 5.838691570176271853e+03
8.131332649418411052e+01 5.837872951980803009e+03
8.131616565921541451e+01 5.836233508201259610e+03
8.131684558961052289e+01 5.835841254024722730e+03
8.131752605589078087e+01 5.835448831251936099e+03
8.131888859835581229e+01 5.834663479482633193e+03
8.132162013875247908e+01 5.833090747999037376e+03
8.134275067256544389e+01 5.821000000000000000e+03
8.135805659492316977e+01 5.812324404815953130e+03
8.138321756996992917e+01 5.798209559798375267e+03
8.139352837451357914e+01 5.792477131407868910e+03
8.140909668123623533e+01 5.783877590861345197e+03
8.141704059893368139e+01 5.779515157886744419e+03
8.141844589957293010e+01 5.778745214811430742e+03
8.143263678316105825e+01 5.771000000000000000e+03
8.143954315265409605e+01 5.767247208179240261e+03
8.145171997496834138e+01 5.760647581597568205e+03
8.146518926166339725e+01 5.753372645957148961e+03
8.149755242284844314e+01 5.736000000000000000e+03
8.150077792982934000e+01 5.734276765325053020e+03
8.150389528579755449e+01 5.732612718651146679e+03
8.150701668436875025e+01 5.730947898682818050e+03
8.153514960765994601e+01 5.716005170388375518e+03
8.156361252787144167e+01 5.701000000000000000e+03
8.157320765457193090e+01 5.696299767616116696e+03
8.158288679754454620e+01 5.691577756961269188e+03
8.160250108265225322e+01 5.682067792569701851e+03
8.163567817588837272e+01 5.666158182732464411e+03
8.164359291454883305e+01 5.662394951670154114e+03
8.164416602373786702e+01 5.662122929592526816e+03
8.164473941823540315e+01 5.661850836085401170e+03
8.164588706391427309e+01 5.661306434670083945e+03
8.164818578734524124e+01 5.660216773446381922e+03
8.164832881096310757e+01 5.660149010020322748e+03
8.164966190207188390e+01 5.659517593057181330e+03
8.165099653308227801e+01 5.658885791585033076e+03
8.165367042430953859e+01 5.657621033707950119e+03
8.165903679062643050e+01 5.655086888358275246e+03
8.166984439893965941e+01 5.650000000000000000e+03
8.171437560968455216e+01 5.629272204888298802e+03
8.174607965693527944e+01 5.614737222997924619e+03
8.177863122490148839e+01 5.600000000000000000e+03
8.178851294871256528e+01 5.595559138360928046e+03
8.179842588275138837e+01 5.591113821732636097e+03
8.181834592665511252e+01 5.582209796666496004e+03
8.185856658733105462e+01 5.564347990646462677e+03
8.189489290473295569e+01 5.548347817202922670e+03
8.191321189266713532e+01 5.540326122140537336e+03
8.193163586227245787e+01 5.532289969591510271e+03
8.196880208362422593e+01 5.516174135411034513e+03
8.198754605684851526e+01 5.508094375114532340e+03
8.200639841340063185e+01 5.500000000000000000e+03
8.204794228258825228e+01 5.482274596889916211e+03
8.206890809631369166e+01 5.473386772410306548e+03
8.209000464992932677e+01 5.464482135951820965e+03
8.212823343878186222e+01 5.448443906490607333e+03
8.214750951679073410e+01 5.440404303246951713e+03
8.216689450812742734e+01 5.432350994423984048e+03
8.220599465506589354e+01 5.416203119612529008e+03
8.222571157577334588e+01 5.408108483110237103e+03
8.224554089914025212e+01 5.400000000000000000e+03
8.228899782355082948e+01 5.382341283162184482e+03
8.233298720282760996e+01 5.364619688891984879e+03
8.241391160611449607e+01 5.332414195103907332e+03
8.241819005167316448e+01 5.330725577178969615e+03
8.249666290871626018e+01 5.300000000000000000e+03
8.257805667849630993e+01 5.268613070347176290e+03
8.266121436395089006e+01 5.237037856906376874e+03
8.276042468363448279e+01 5.200000000000000000e+03
8.281169177064791143e+01 5.181123188790137647e+03
8.286361645726896086e+01 5.162181835061464881e+03
8.291621065600881479e+01 5.143175607226947250e+03
8.296948656263714383e+01 5.124104171424285596e+03
8.297108513258008600e+01 5.123534711241189143e+03
8.297268431958539736e+01 5.122965192817484422e+03
8.297588454611619113e+01 5.121825981212500665e+03
8.297908724491912835e+01 5.120686536537831671e+03
8.298229241868055794e+01 5.119546858721945682e+03
8.298640304769133991e+01 5.118086171107819609e+03
8.299051775043275825e+01 5.116625100430052953e+03
8.299463653258403895e+01 5.115163646537939712e+03
8.299875939983482453e+01 5.113701809280693851e+03
8.300699934854866058e+01 5.110783377244053554e+03
8.301525563445812850e+01 5.107863416640710057e+03
8.302638777938449266e+01 5.103933093874856240e+03
8.303754968114350277e+01 5.100000000000000000e+03
8.303818800907906450e+01 5.099775307355141194e+03
8.304430704025514842e+01 5.097622666933323671e+03
8.305164415117855015e+01 5.095044541692768689e+03
8.305899391924218378e+01 5.092465273752032772e+03
8.307373154938396453e+01 5.087303306729801989e+03
8.308847402461780973e+01 5.082152863521321706e+03
8.310326742848003789e+01 5.076997862837097273e+03
8.311806627026334127e+01 5.071854175867099912e+03
8.313291622214757126e+01 5.066705947393367751e+03
8.313452794391881184e+01 5.066147985041328866e+03
8.313614026868773976e+01 5.065589969318183648e+03
8.313936672848451792e+01 5.064473777727936067e+03
8.314259560409118421e+01 5.063357372561343254e+03
8.314582689805807547e+01 5.062240753757101629e+03
8.315229675123929098e+01 5.060006874990323922e+03
8.315877630855342773e+01 5.057772140936690448e+03
8.317176461733684789e+01 5.053300105003316276e+03
8.318479198974867472e+01 5.048824642022135777e+03
8.321106197587607767e+01 5.039830148983069193e+03
8.323749139999894453e+01 5.030821798014501837e+03
8.328292318269033956e+01 5.015431166328467953e+03
8.330581651649782771e+01 5.007720659996419272e+03
8.332882930045705905e+01 5.000000000000000000e+03
8.337575026298009107e+01 4.984350466656896970e+03
8.342316363845037586e+01 4.968660727985812628e+03
8.351949697042068976e+01 4.937160013312628507e+03
8.357695424081437352e+01 4.918608118927849318e+03
8.363513258986955634e+01 4.900000000000000000e+03
8.375492595103945348e+01 4.862230287249800313e+03
8.387778372898171142e+01 4.824236259859541860e+03
8.388766719110910230e+01 4.821211725570394265e+03
8.389757071135414890e+01 4.818185765245956645e+03
8.391743815663394912e+01 4.812129562455151245e+03
8.395741629491462277e+01 4.800000000000000000e+03
8.396857404943307301e+01 4.796628177874657922e+03
8.397975683171665651e+01 4.793254645241781873e+03
8.402987894898515719e+01 4.778205745655412102e+03
8.405512908905652125e+01 4.770668521131959096e+03
8.408050648266376470e+01 4.763122760832113272e+03
8.413884865620475750e+01 4.745886131456858493e+03
8.419786814105269457e+01 4.728604880064525787e+03
8.428821814456676975e+01 4.702447642573829398e+03
8.429247529125679250e+01 4.701223933096043766e+03
8.429673594470430942e+01 4.700000000000000000e+03
8.439831984530421494e+01 4.671047855811226327e+03
8.450189387606913272e+01 4.641974078156351425e+03
8.457196576402438382e+01 4.622554150333280631e+03
8.465425614078695560e+01 4.600000000000000000e+03
8.472050979500431822e+01 4.582035357707135518e+03
8.472995688071956977e+01 4.579487693472211504e+03
8.473942015105205883e+01 4.576939121644680199e+03
8.475839540380070503e+01 4.571839253271146845e+03
8.479654187447103197e+01 4.561628604046322835e+03
8.487362772061484861e+01 4.541163546563089767e+03
8.488008622602981745e+01 4.539459058171074503e+03
8.488655217643476192e+01 4.537754164709254837e+03
8.495844722385315606e+01 4.518901882588699664e+03
8.503126829719575142e+01 4.500000000000000000e+03
8.504180463792700095e+01 4.497281034716017530e+03
8.505236034673488632e+01 4.494561065026764481e+03
8.513751315545498244e+01 4.472764117764656476e+03
8.522393554462341569e+01 4.450902561122331463e+03
8.540069875994849724e+01 4.406984467210255389e+03
8.542920489174746024e+01 4.400000000000000000e+03
8.548762785682122001e+01 4.385768783619147143e+03
8.554662260592763801e+01 4.371510725873732554e+03
8.569627440170310706e+01 4.335839642122849909e+03
8.584966177989022640e+01 4.300000000000000000e+03
8.605757516100243265e+01 4.252544907707078892e+03
8.615419620471357121e+01 4.230918457524750920e+03
8.622392777074517767e+01 4.215474635658658372e+03
8.629441959897732772e+01 4.200000000000000000e+03
8.643802235510163712e+01 4.168895314184890594e+03
8.658481819447224836e+01 4.137666949604132242e+03
8.659131173859040587e+01 4.136298565928655080e+03
8.667782963316260236e+01 4.118170185945573394e+03
8.676547352260844548e+01 4.100000000000000000e+03
8.694441393518960126e+01 4.063495247384585582e+03
8.712812511523041792e+01 4.026822041401353090e+03
8.716211021818939741e+01 4.020124987488006354e+03
8.719626088852153600e+01 4.013422300691796409e+03
8.726506362309378062e+01 4.000000000000000000e+03
8.729009489308580783e+01 3.995143612901741562e+03
8.731521497605791637e+01 3.990284269093446710e+03
8.740961730713860334e+01 3.972149362520172872e+03
8.750528358948429286e+01 3.953973216789043363e+03
8.751741297745238057e+01 3.951683009119788494e+03
8.752956282241490271e+01 3.949392145892666576e+03
8.755392408379123026e+01 3.944808451638598854e+03
8.761362344947175984e+01 3.933629798901071808e+03
8.767381805361331715e+01 3.922435527900394845e+03
8.773451390212932210e+01 3.911225605882083528e+03
8.779571709893335196e+01 3.900000000000000000e+03
8.791956188994302579e+01 3.877521237213616132e+03
8.804551065599092396e+01 3.854979169015443404e+03
8.830393133371816816e+01 3.809704043666336020e+03
8.833205910367598790e+01 3.804853485772945078e+03
8.836029086145445888e+01 3.800000000000000000e+03
8.845146353261846173e+01 3.784427856473555948e+03
8.854373123004357637e+01 3.768825250797792251e+03
8.873162925045302529e+01 3.737528294758099491e+03
8.896203413069692090e+01 3.700000000000000000e+03
8.916125062970218096e+01 3.668280721280808848e+03
8.928335767452583127e+01 3.649163394452884859e+03
8.940733264364922661e+01 3.630000000000000000e+03
8.950543806093179455e+01 3.614999772910571210e+03
8.955482125544324390e+01 3.607499829684217730e+03
8.960442682129806258e+01 3.600000000000000000e+03
8.975946735811123744e+01 3.576775986262010065e+03
8.983780663254097476e+01 3.565164474887929828e+03
8.991669988743392139e+01 3.553553293824999400e+03
9.010079649611705577e+01 3.526775768576072096e+03
9.028794899050245704e+01 3.500000000000000000e+03
9.034430445053814651e+01 3.492023793463924903e+03
9.042979044925581888e+01 3.480000000000000000e+03
9.051527644797347705e+01 3.492023793463924903e+03
9.057163190800918073e+01 3.500000000000000000e+03
9.075878440239458200e+01 3.526775768576072096e+03
9.094288101107770217e+01 3.553553293824999400e+03
9.102177426597066301e+01 3.565164474887929828e+03
9.110011354040040032e+01 3.576775986262010065e+03
9.125515407721356098e+01 3.600000000000000000e+03
9.130475964306837966e+01 3.607499829684217730e+03
9.135414283757984322e+01 3.614999772910571210e+03
9.145224825486241116e+01 3.630000000000000000e+03
9.157622322398580650e+01 3.649163394452884859e+03
9.169833026880945681e+01 3.668280721280808848e+03
9.189754676781470266e+01 3.700000000000000000e+03
9.212795164805859827e+01 3.737528294758099491e+03
9.231584966846806140e+01 3.768825250797792251e+03
9.240811736589316183e+01 3.784427856473555948e+03
9.249929003705717889e+01 3.800000000000000000e+03
9.252752179483564987e+01 3.804853485772945078e+03
9.255564956479346961e+01 3.809704043666336020e+03
9.281407024252071380e+01 3.854979169015443404e+03
9.294001900856861198e+01 3.877521237213616132e+03
9.306386379957828581e+01 3.900000000000000000e+03
9.312506699638231566e+01 3.911225605882083528e+03
9.318576284489832062e+01 3.922435527900394845e+03
9.324595744903987793e+01 3.933629798901071808e+03
9.330565681472040751e+01 3.944808451638598854e+03
9.333001807609673506e+01 3.949392145892666576e+03
9.334216792105925720e+01 3.951683009119788494e+03
9.335429730902734491e+01 3.953973216789043363e+03
9.344996359137303443e+01 3.972149362520172872e+03
9.354436592245372140e+01 3.990284269093446710e+03
9.356948600542580152e+01 3.995143612901741562e+03
9.359451727541784294e+01 4.000000000000000000e+03
9.366332000999008756e+01 4.013422300691796409e+03
9.369747068032222614e+01 4.020124987488006354e+03
9.373145578328120564e+01 4.026822041401353090e+03
9.391516696332203651e+01 4.063495247384585582e+03
9.409410737590317808e+01 4.100000000000000000e+03
9.418175126534902120e+01 4.118170185945573394e+03
9.426826915992123190e+01 4.136298565928655080e+03
9.427476270403937519e+01 4.137666949604132242e+03
9.442155854340998644e+01 4.168895314184890594e+03
9.456516129953431005e+01 4.200000000000000000e+03
9.463565312776646010e+01 4.215474635658658372e+03
9.470538469379803814e+01 4.230918457524750920e+03
9.480200573750920512e+01 4.252544907707078892e+03
9.500991911862139716e+01 4.300000000000000000e+03
9.516330649680851650e+01 4.335839642122849909e+03
9.531295829258399976e+01 4.371510725873732554e+03
9.537195304169040355e+01 4.385768783619147143e+03
9.543037600676416332e+01 4.400000000000000000e+03
9.545888213856312632e+01 4.406984467210255389e+03
9.563564535388820786e+01 4.450902561122331463e+03
9.572206774305664112e+01 4.472764117764656476e+03
9.580722055177673724e+01 4.494561065026764481e+03
9.581777626058462261e+01 4.497281034716017530e+03
9.582831260131587214e+01 4.500000000000000000e+03
9.590113367465846750e+01 4.518901882588699664e+03
9.597302872207686164e+01 4.537754164709254837e+03
9.597949467248182032e+01 4.539459058171074503e+03
9.598595317789678916e+01 4.541163546563089767e+03
9.606303902404059158e+01 4.561628604046322835e+03
9.610118549471093274e+01 4.571839253271146845e+03
9.612016074745957894e+01 4.576939121644680199e+03
9.612962401779205379e+01 4.579487693472211504e+03
9.613907110350731955e+01 4.582035357707135518e+03
9.620532475772466796e+01 4.600000000000000000e+03
9.628761513448725395e+01 4.622554150333280631e+03
9.635768702244249084e+01 4.641974078156351425e+03
9.646126105320740862e+01 4.671047855811226327e+03
9.656284495380732835e+01 4.700000000000000000e+03
9.656710560725483106e+01 4.701223933096043766e+03
9.657136275394486802e+01 4.702447642573829398e+03
9.666171275745892899e+01 4.728604880064525787e+03
9.672073224230688027e+01 4.745886131456858493e+03
9.677907441584787307e+01 4.763122760832113272e+03
9.680445180945511652e+01 4.770668521131959096e+03
9.682970194952648058e+01 4.778205745655412102e+03
9.687982406679498126e+01 4.793254645241781873e+03
9.689100684907856476e+01 4.796628177874657922e+03
9.690216460359701500e+01 4.800000000000000000e+03
9.694214274187770286e+01 4.812129562455151245e+03
9.696201018715750308e+01 4.818185765245956645e+03
9.697191370740253547e+01 4.821211725570394265e+03
9.698179716952992635e+01 4.824236259859541860e+03
9.710465494747219850e+01 4.862230287249800313e+03
9.722444830864208143e+01 4.900000000000000000e+03
9.728262665769727846e+01 4.918608118927849318e+03
9.734008392809096222e+01 4.937160013312628507e+03
9.743641726006127612e+01 4.968660727985812628e+03
9.748383063553156092e+01 4.984350466656896970e+03
9.753075159805459293e+01 5.000000000000000000e+03
9.755376438201382427e+01 5.007720659996419272e+03
9.757665771582131242e+01 5.015431166328467953e+03
9.762208949851270745e+01 5.030821798014501837e+03
9.764851892263556010e+01 5.039830148983069193e+03
9.767478890876296305e+01 5.048824642022135777e+03
9.768781628117478988e+01 5.053300105003316276e+03
9.770080458995821004e+01 5.057772140936690448e+03
9.770728414727236100e+01 5.060006874990323922e+03
9.771375400045357651e+01 5.062240753757101629e+03
9.771698529442045356e+01 5.063357372561343254e+03
9.772021417002713406e+01 5.064473777727936067e+03
9.772344062982389801e+01 5.065589969318183648e+03
9.772505295459284014e+01 5.066147985041328866e+03
9.772666467636408072e+01 5.066705947393367751e+03
9.774151462824829650e+01 5.071854175867099912e+03
9.775631347003161409e+01 5.076997862837097273e+03
9.777110687389384225e+01 5.082152863521321706e+03
9.778584934912768745e+01 5.087303306729801989e+03
9.780058697926946820e+01 5.092465273752032772e+03
9.780793674733308762e+01 5.095044541692768689e+03
9.781527385825648935e+01 5.097622666933323671e+03
9.782139288943258748e+01 5.099775307355141194e+03
9.782203121736813500e+01 5.100000000000000000e+03
9.783319311912714511e+01 5.103933093874856240e+03
9.784432526405352348e+01 5.107863416640710057e+03
9.785258154996299140e+01 5.110783377244053554e+03
9.786082149867682745e+01 5.113701809280693851e+03
9.786494436592761303e+01 5.115163646537939712e+03
9.786906314807889373e+01 5.116625100430052953e+03
9.787317785082029786e+01 5.118086171107819609e+03
9.787728847983109404e+01 5.119546858721945682e+03
9.788049365359250942e+01 5.120686536537831671e+03
9.788369635239544664e+01 5.121825981212500665e+03
9.788689657892624041e+01 5.122965192817484422e+03
9.788849576593156598e+01 5.123534711241189143e+03
9.789009433587449394e+01 5.124104171424285596e+03
9.794337024250283719e+01 5.143175607226947250e+03
9.799596444124267691e+01 5.162181835061464881e+03
9.804788912786372634e+01 5.181123188790137647e+03
9.809915621487716919e+01 5.200000000000000000e+03
9.819836653456076192e+01 5.237037856906376874e+03
9.828152422001534205e+01 5.268613070347176290e+03
9.836291798979539180e+01 5.300000000000000000e+03
9.844139084683848751e+01 5.330725577178969615e+03
9.844566929239714170e+01 5.332414195103907332e+03
9.852659369568402781e+01 5.364619688891984879e+03
9.857058307496082250e+01 5.382341283162184482e+03
9.861403999937138565e+01 5.400000000000000000e+03
9.863386932273829188e+01 5.408108483110237103e+03
9.865358624344577265e+01 5.416203119612529008e+03
9.869268639038422464e+01 5.432350994423984048e+03
9.871207138172091788e+01 5.440404303246951713e+03
9.873134745972978976e+01 5.448443906490607333e+03
9.876957624858232521e+01 5.464482135951820965e+03
9.879067280219794611e+01 5.473386772410306548e+03
9.881163861592338549e+01 5.482274596889916211e+03
9.885318248511100592e+01 5.500000000000000000e+03
9.887203484166312251e+01 5.508094375114532340e+03
9.889077881488742605e+01 5.516174135411034513e+03
9.892794503623917990e+01 5.532289969591510271e+03
9.894636900584450245e+01 5.540326122140537336e+03
9.896468799377868208e+01 5.548347817202922670e+03
9.900101431118058315e+01 5.564347990646462677e+03
9.904123497185652525e+01 5.582209796666496004e+03
9.906115501576024940e+01 5.591113821732636097e+03
9.907106794979907249e+01 5.595559138360928046e+03
9.908094967361014938e+01 5.600000000000000000e+03
9.911350124157635832e+01 5.614737222997924619e+03
9.914520528882708561e+01 5.629272204888298802e+03
9.918973649957197836e+01 5.650000000000000000e+03
9.920054410788520727e+01 5.655086888358275246e+03
9.920591047420208497e+01 5.657621033707950119e+03
9.920858436542935976e+01 5.658885791585033076e+03
9.920991899643975387e+01 5.659517593057181330e+03
9.921125208754853020e+01 5.660149010020322748e+03
9.921139511116641074e+01 5.660216773446381922e+03
9.921369383459736468e+01 5.661306434670083945e+03
9.921484148027623462e+01 5.661850836085401170e+03
9.921541487477375654e+01 5.662122929592526816e+03
9.921598798396280472e+01 5.662394951670154114e+03
9.922390272262327926e+01 5.666158182732464411e+03
9.925707981585938455e+01 5.682067792569701851e+03
9.927669410096710578e+01 5.691577756961269188e+03
9.928637324393970687e+01 5.696299767616116696e+03
9.929596837064021031e+01 5.701000000000000000e+03
9.932443129085169176e+01 5.716005170388375518e+03
9.935256421414288752e+01 5.730947898682818050e+03
9.935568561271409749e+01 5.732612718651146679e+03
9.935880296868231198e+01 5.734276765325053020e+03
9.936202847566320884e+01 5.736000000000000000e+03
9.939439163684826894e+01 5.753372645957148961e+03
9.940786092354331061e+01 5.760647581597568205e+03
9.942003774585755593e+01 5.767247208179240261e+03
9.942694411535059373e+01 5.771000000000000000e+03
9.944113499893870767e+01 5.778745214811430742e+03
9.944254029957795638e+01 5.779515157886744419e+03
9.945048421727540244e+01 5.783877590861345197e+03
9.946605252399807284e+01 5.792477131407868910e+03
9.947636332854170860e+01 5.798209559798375267e+03
9.950152430358848221e+01 5.812324404815953130e+03
9.951683022594619388e+01 5.821000000000000000e+03
9.953796075975915869e+01 5.833090747999037376e+03
9.954069230015583969e+01 5.834663479482633193e+03
9.954205484262087111e+01 5.835448831251936099e+03
9.954273530890112909e+01 5.835841254024722730e+03
9.954341523929622326e+01 5.836233508201259610e+03
9.954625440432754147e+01 5.837872951980803009e+03
9.954767048532993101e+01 5.838691570176271853e+03
9.954837765269573424e+01 5.839100603783760562e+03
9.954873101837443983e+01 5.839305051769019883e+03
9.954908423882295665e+01 5.839509453895870138e+03
9.955640782606576522e+01 5.843756106197040936e+03
9.955858837208324985e+01 5.845023708057446129e+03
9.957872882501683875e+01 5.856801948922146948e+03
9.960271946251064890e+01 5.871000000000000000e+03
9.961985588604738950e+01 5.881256383119759448e+03
9.963663843064716730e+01 5.891395956763047252e+03
9.966105959189042096e+01 5.906322774931001732e+03
9.968474447320775766e+01 5.921000000000000000e+03
9.969442213213443438e+01 5.927055336232162517e+03
9.970397869950923564e+01 5.933068701681323546e+03
9.972273654062391302e+01 5.944971253664713913e+03
9.974103376629979323e+01 5.956711063565764562e+03
9.975211661009720387e+01 5.963885586377381514e+03
9.976303276091091732e+01 5.971000000000000000e+03
9.978232400683006631e+01 5.984097967492593853e+03
9.980141890014893136e+01 5.997145694263439509e+03
9.981515876446979973e+01 6.006585953588864868e+03
9.982879762356205333e+01 6.016000000000000000e+03
9.983902896705808416e+01 6.023090516904660944e+03
9.986082048783251253e+01 6.038274581129143371e+03
9.987588169988208620e+01 6.048834999067952594e+03
9.989313578863047383e+01 6.061000000000000000e+03
9.990887034733827932e+01 6.072156670230864620e+03
9.992446823720561611e+01 6.083276379584152892e+03
9.993242478622391900e+01 6.088971767949280547e+03
9.994034594529125570e+01 6.094657484409988683e+03
9.995608294546160266e+01 6.106000000000000000e+03
9.996379805317154421e+01 6.111583532987353465e+03
9.997147951438162750e+01 6.117157741448922025e+03
9.998674229128886282e+01 6.128278278070941269e+03
9.999452690202681993e+01 6.133973282880642728e+03
1.000022768778891020e+02 6.139658554866933628e+03
1.000099924291606612e+02 6.145334118958759063e+03
1.000138373612151952e+02 6.148168268311272186e+03
1.000176737652404881e+02 6.151000000000000000e+03
1.000401160282511626e+02 6.168475816192898492e+03
1.000625234005046877e+02 6.186000000000000000e+03
1.000847726435167431e+02 6.203475292094711222e+03
1.001069900259628866e+02 6.221000000000000000e+03
1.001259082659536261e+02 6.235981114146495202e+03
1.001385000427647185e+02 6.245982315499501055e+03
1.001510823845321738e+02 6.256000000000000000e+03
1.001620238696031322e+02 6.264730751490902549e+03
1.001729587712160310e+02 6.273474316488087425e+03
1.001838871090385652e+02 6.282230723220483014e+03
1.001948089027030449e+02 6.291000000000000000e+03
1.002072255359349242e+02 6.300991482874092981e+03
1.002196343160699001e+02 6.311000000000000000e+03
1.002297318221069986e+02 6.319161558655203407e+03
1.002347787279610714e+02 6.323246641096669919e+03
1.002398244048948612e+02 6.327334596315524323e+03
1.002443444778563446e+02 6.331000000000000000e+03
1.002491447731876519e+02 6.334896038686511019e+03
1.002539440132954383e+02 6.338794716459812662e+03
1.002587421997168207e+02 6.342696036002298570e+03
1.002611408982608765e+02 6.344647687276229590e+03
1.002635393339593008e+02 6.346600000000000364e+03
1.002685373410362502e+02 6.351300000000000182e+03
1.002710335524522520e+02 6.353650000000000546e+03
1.002722809610414885e+02 6.354825000000000728e+03
1.002735279052317026e+02 6.356000000000000000e+03
1.002800348871777487e+02 6.363500000000000000e+03
1.002832826030941504e+02 6.367250000000000000e+03
1.002849050202817978e+02 6.369125000000000000e+03
1.002857158690563466e+02 6.370062500000000000e+03
1.002865264780934496e+02 6.371000000000000000e+03
1.002873370871305525e+02 6.370062500000000000e+03
1.002881479359051013e+02 6.369125000000000000e+03
1.002897703530927487e+02 6.367250000000000000e+03
1.002930180690091646e+02 6.363500000000000000e+03
1.002995250509551965e+02 6.356000000000000000e+03
1.003007719951454249e+02 6.354825000000000728e+03
1.003020194037346471e+02 6.353650000000000546e+03
1.003045156151506632e+02 6.351300000000000182e+03
1.003095136222276125e+02 6.346600000000000364e+03
1.003119120579260226e+02 6.344647687276229590e+03
1.003143107564700927e+02 6.342696036002298570e+03
1.003191089428914609e+02 6.338794716459812662e+03
1.003239081829992472e+02 6.334896038686511019e+03
1.003287084783305545e+02 6.331000000000000000e+03
1.003332285512920521e+02 6.327334596315524323e+03
1.003382742282258278e+02 6.323246641096669919e+03
1.003433211340799147e+02 6.319161558655203407e+03
1.003534186401170132e+02 6.311000000000000000e+03
1.003658274202519749e+02 6.300991482874092981e+03
1.003782440534838543e+02 6.291000000000000000e+03
1.003891658471483481e+02 6.282230723220483014e+03
1.004000941849708681e+02 6.273474316488087425e+03
1.004110290865837669e+02 6.264730751490902549e+03
1.004219705716547253e+02 6.256000000000000000e+03
1.004345529134221806e+02 6.245982315499501055e+03
1.004471446902332730e+02 6.235981114146495202e+03
1.004660629302240125e+02 6.221000000000000000e+03
1.004882803126701702e+02 6.203475292094711222e+03
1.005105295556822256e+02 6.186000000000000000e+03
1.005329369279357365e+02 6.168475816192898492e+03
1.005553791909464110e+02 6.151000000000000000e+03
1.005592155949717039e+02 6.148168268311272186e+03
1.005630605270262521e+02 6.145334118958759063e+03
1.005707760782977971e+02 6.139658554866933628e+03
1.005785260541600792e+02 6.133973282880642728e+03
1.005863106648980363e+02 6.128278278070941269e+03
1.006015734418052716e+02 6.117157741448922025e+03
1.006092549030153549e+02 6.111583532987353465e+03
1.006169700107253107e+02 6.106000000000000000e+03
1.006327070108956434e+02 6.094657484409988683e+03
1.006406281699629801e+02 6.088971767949280547e+03
1.006485847189812972e+02 6.083276379584152892e+03
1.006641826088486340e+02 6.072156670230864620e+03
1.006799171675564253e+02 6.061000000000000000e+03
1.006971712563048271e+02 6.048834999067952594e+03
1.007122324683543866e+02 6.038274581129143371e+03
1.007340239891288149e+02 6.023090516904660944e+03
1.007442553326248458e+02 6.016000000000000000e+03
1.007578941917170994e+02 6.006585953588864868e+03
1.007716340560379678e+02 5.997145694263439509e+03
1.007907289493568328e+02 5.984097967492593853e+03
1.008100201952759960e+02 5.971000000000000000e+03
1.008209363460896952e+02 5.963885586377381514e+03
1.008320191898871059e+02 5.956711063565764562e+03
1.008503164155629861e+02 5.944971253664713913e+03
1.008690742566776635e+02 5.933068701681323546e+03
1.008786308240524789e+02 5.927055336232162517e+03
1.008883084829791414e+02 5.921000000000000000e+03
1.009119933642964781e+02 5.906322774931001732e+03
1.009364145255397318e+02 5.891395956763047252e+03
1.009531970701395096e+02 5.881256383119759448e+03
1.009703334936762502e+02 5.871000000000000000e+03
1.009943241311700604e+02 5.856801948922146948e+03
1.010144645841036635e+02 5.845023708057446129e+03
1.010166451301211481e+02 5.843756106197040936e+03
1.010239687173639425e+02 5.839509453895870138e+03
1.010243219378124593e+02 5.839305051769019883e+03
1.010246753034911649e+02 5.839100603783760562e+03
1.010253824708569823e+02 5.838691570176271853e+03
1.010267985518593719e+02 5.837872951980803009e+03
1.010296377168906758e+02 5.836233508201259610e+03
1.010303176472857842e+02 5.835841254024722730e+03
1.010309981135660280e+02 5.835448831251936099e+03
1.010323606560310736e+02 5.834663479482633193e+03
1.010350921964277404e+02 5.833090747999037376e+03
1.010562227302407052e+02 5.821000000000000000e+03
1.010715286525984311e+02 5.812324404815953130e+03
1.010966896276451905e+02 5.798209559798375267e+03
1.011070004321888263e+02 5.792477131407868910e+03
1.011225687389114967e+02 5.783877590861345197e+03
1.011305126566089427e+02 5.779515157886744419e+03
1.011319179572481914e+02 5.778745214811430742e+03
1.011461088408363196e+02 5.771000000000000000e+03
1.011530152103293574e+02 5.767247208179240261e+03
1.011651920326436027e+02 5.760647581597568205e+03
1.011786613193386444e+02 5.753372645957148961e+03
1.012110244805236903e+02 5.736000000000000000e+03
1.012142499875045871e+02 5.734276765325053020e+03
1.012173673434728158e+02 5.732612718651146679e+03
1.012204887420440116e+02 5.730947898682818050e+03
1.012486216653352074e+02 5.716005170388375518e+03
1.012770845855467030e+02 5.701000000000000000e+03
1.012866797122471922e+02 5.696299767616116696e+03
1.012963588552198075e+02 5.691577756961269188e+03
1.013159731403275146e+02 5.682067792569701851e+03
1.013491502335636341e+02 5.666158182732464411e+03
1.013570649722240944e+02 5.662394951670154114e+03
1.013576380814131426e+02 5.662122929592526816e+03
1.013582114759106787e+02 5.661850836085401170e+03
1.013593591215895344e+02 5.661306434670083945e+03
1.013616578450205026e+02 5.660216773446381922e+03
1.013618008686383689e+02 5.660149010020322748e+03
1.013631339597471595e+02 5.659517593057181330e+03
1.013644685907575393e+02 5.658885791585033076e+03
1.013671424819848141e+02 5.657621033707950119e+03
1.013725088483016918e+02 5.655086888358275246e+03
1.013833164566149208e+02 5.650000000000000000e+03
1.014278476673598277e+02 5.629272204888298802e+03
1.014595517146105550e+02 5.614737222997924619e+03
1.014921032825767497e+02 5.600000000000000000e+03
1.015019850063878408e+02 5.595559138360928046e+03
1.015118979404266497e+02 5.591113821732636097e+03
1.015318179843303881e+02 5.582209796666496004e+03
1.015720386450063302e+02 5.564347990646462677e+03
1.016083649624082170e+02 5.548347817202922670e+03
1.016266839503423967e+02 5.540326122140537336e+03
1.016451079199477192e+02 5.532289969591510271e+03
1.016822741412994873e+02 5.516174135411034513e+03
1.017010181145237766e+02 5.508094375114532340e+03
1.017198704710758932e+02 5.500000000000000000e+03
1.017614143402635136e+02 5.482274596889916211e+03
1.017823801539889530e+02 5.473386772410306548e+03
1.018034767076045881e+02 5.464482135951820965e+03
1.018417054964571093e+02 5.448443906490607333e+03
1.018609815744659954e+02 5.440404303246951713e+03
1.018803665658026887e+02 5.432350994423984048e+03
1.019194667127411407e+02 5.416203119612529008e+03
1.019391836334486072e+02 5.408108483110237103e+03
1.019590129568155135e+02 5.400000000000000000e+03
1.020024698812260908e+02 5.382341283162184482e+03
1.020464592605028713e+02 5.364619688891984879e+03
1.021273836637897574e+02 5.332414195103907332e+03
1.021316621093484258e+02 5.330725577178969615e+03
1.022101349663915215e+02 5.300000000000000000e+03
1.022915287361715713e+02 5.268613070347176290e+03
1.023746864216261372e+02 5.237037856906376874e+03
1.024738967413097441e+02 5.200000000000000000e+03
1.025251638283231728e+02 5.181123188790137647e+03
1.025770885149442222e+02 5.162181835061464881e+03
1.026296827136840761e+02 5.143175607226947250e+03
1.026829586203124052e+02 5.124104171424285596e+03
1.026845571902553473e+02 5.123534711241189143e+03
1.026861563772606587e+02 5.122965192817484422e+03
1.026893566037914525e+02 5.121825981212500665e+03
1.026925593025943897e+02 5.120686536537831671e+03
1.026957644763558193e+02 5.119546858721945682e+03
1.026998751053666012e+02 5.118086171107819609e+03
1.027039898081080196e+02 5.116625100430052953e+03
1.027081085902593003e+02 5.115163646537939712e+03
1.027122314575100859e+02 5.113701809280693851e+03
1.027204714062239077e+02 5.110783377244053554e+03
1.027287276921333756e+02 5.107863416640710057e+03
1.027398598370597540e+02 5.103933093874856240e+03
1.027510217388187641e+02 5.100000000000000000e+03
1.027516600667543116e+02 5.099775307355141194e+03
1.027577790979304098e+02 5.097622666933323671e+03
1.027651162088538115e+02 5.095044541692768689e+03
1.027724659769174451e+02 5.092465273752032772e+03
1.027872036070592117e+02 5.087303306729801989e+03
1.028019460822930569e+02 5.082152863521321706e+03
1.028167394861552850e+02 5.076997862837097273e+03
1.028315383279386026e+02 5.071854175867099912e+03
1.028463882798228326e+02 5.066705947393367751e+03
1.028480000015940732e+02 5.066147985041328866e+03
1.028496123263630011e+02 5.065589969318183648e+03
1.028528387861597793e+02 5.064473777727936067e+03
1.028560676617664456e+02 5.063357372561343254e+03
1.028592989557333368e+02 5.062240753757101629e+03
1.028657688089145523e+02 5.060006874990323922e+03
1.028722483662286891e+02 5.057772140936690448e+03
1.028852366750121092e+02 5.053300105003316276e+03
1.028982640474239361e+02 5.048824642022135777e+03
1.029245340335513390e+02 5.039830148983069193e+03
1.029509634576741917e+02 5.030821798014501837e+03
1.029963952403655867e+02 5.015431166328467953e+03
1.030192885741730890e+02 5.007720659996419272e+03
1.030423013581323062e+02 5.000000000000000000e+03
1.030892223206553524e+02 4.984350466656896970e+03
1.031366356961256372e+02 4.968660727985812628e+03
1.032329690280959511e+02 4.937160013312628507e+03
1.032904262984896206e+02 4.918608118927849318e+03
1.033486046475448177e+02 4.900000000000000000e+03
1.034683980087147148e+02 4.862230287249800313e+03
1.035912557866569728e+02 4.824236259859541860e+03
1.036011392487843636e+02 4.821211725570394265e+03
1.036110427690294102e+02 4.818185765245956645e+03
1.036309102143092105e+02 4.812129562455151245e+03
1.036708883525898841e+02 4.800000000000000000e+03
1.036820461071083344e+02 4.796628177874657922e+03
1.036932288893919178e+02 4.793254645241781873e+03
1.037433510066604185e+02 4.778205745655412102e+03
1.037686011467317826e+02 4.770668521131959096e+03
1.037939785403390260e+02 4.763122760832113272e+03
1.038523207138800331e+02 4.745886131456858493e+03
1.039113401987279701e+02 4.728604880064525787e+03
1.040016902022420311e+02 4.702447642573829398e+03
1.040059473489320681e+02 4.701223933096043766e+03
1.040102080023795850e+02 4.700000000000000000e+03
1.041117919029794905e+02 4.671047855811226327e+03
1.042153659337444083e+02 4.641974078156351425e+03
1.042854378216996452e+02 4.622554150333280631e+03
1.043677281984622311e+02 4.600000000000000000e+03
1.044339818526795796e+02 4.582035357707135518e+03
1.044434289383948453e+02 4.579487693472211504e+03
1.044528922087273202e+02 4.576939121644680199e+03
1.044718674614759664e+02 4.571839253271146845e+03
1.045100139321463075e+02 4.561628604046322835e+03
1.045870997782901242e+02 4.541163546563089767e+03
1.045935582837050930e+02 4.539459058171074503e+03
1.046000242341100375e+02 4.537754164709254837e+03
1.046719192815284316e+02 4.518901882588699664e+03
1.047447403548710270e+02 4.500000000000000000e+03
1.047552766956022765e+02 4.497281034716017530e+03
1.047658324044101619e+02 4.494561065026764481e+03
1.048509852131302580e+02 4.472764117764656476e+03
1.049374076022986912e+02 4.450902561122331463e+03
1.051141708176237728e+02 4.406984467210255389e+03
1.051426769494227358e+02 4.400000000000000000e+03
1.052010999144964956e+02 4.385768783619147143e+03
1.052600946636029136e+02 4.371510725873732554e+03
1.054097464593783826e+02 4.335839642122849909e+03
1.055631338375655162e+02 4.300000000000000000e+03
1.057710472186776940e+02 4.252544907707078892e+03
1.058676682623888610e+02 4.230918457524750920e+03
1.059373998284204532e+02 4.215474635658658372e+03
1.060078916566526033e+02 4.200000000000000000e+03
1.061514944127769127e+02 4.168895314184890594e+03
1.062982902521475239e+02 4.137666949604132242e+03
1.063047837962656814e+02 4.136298565928655080e+03
1.063913016908378921e+02 4.118170185945573394e+03
1.064789455802837210e+02 4.100000000000000000e+03
1.066578859928648768e+02 4.063495247384585582e+03
1.068415971729056935e+02 4.026822041401353090e+03
1.068755822758646730e+02 4.020124987488006354e+03
1.069097329461968116e+02 4.013422300691796409e+03
1.069785356807690562e+02 4.000000000000000000e+03
1.070035669507610976e+02 3.995143612901741562e+03
1.070286870337331919e+02 3.990284269093446710e+03
1.071230893648138789e+02 3.972149362520172872e+03
1.072187556471595684e+02 3.953973216789043363e+03
1.072308850351276419e+02 3.951683009119788494e+03
1.072430348800901641e+02 3.949392145892666576e+03
1.072673961414664916e+02 3.944808451638598854e+03
1.073270955071470354e+02 3.933629798901071808e+03
1.073872901112885927e+02 3.922435527900394845e+03
1.074479859598045834e+02 3.911225605882083528e+03
1.075091891566086275e+02 3.900000000000000000e+03
1.076330339476182871e+02 3.877521237213616132e+03
1.077589827136661853e+02 3.854979169015443404e+03
1.080174033913934295e+02 3.809704043666336020e+03
1.080455311613512492e+02 3.804853485772945078e+03
1.080737629191297344e+02 3.800000000000000000e+03
1.081649355902937373e+02 3.784427856473555948e+03
1.082572032877188519e+02 3.768825250797792251e+03
1.084451013081283008e+02 3.737528294758099491e+03
1.086755061883721964e+02 3.700000000000000000e+03
1.088747226873774423e+02 3.668280721280808848e+03
1.089968297322010926e+02 3.649163394452884859e+03
1.091208047013244880e+02 3.630000000000000000e+03
1.092189101186070559e+02 3.614999772910571210e+03
1.092682933131185337e+02 3.607499829684217730e+03
1.093178988789733381e+02 3.600000000000000000e+03
1.094729394157864988e+02 3.576775986262010065e+03
1.095512786902162361e+02 3.565164474887929828e+03
1.096301719451091969e+02 3.553553293824999400e+03
1.098142685537923171e+02 3.526775768576072096e+03
1.100014210481777184e+02 3.500000000000000000e+03
1.100577765082134221e+02 3.492023793463924903e+03
1.101432625069310802e+02 3.480000000000000000e+03
1.102287485056487526e+02 3.492023793463924903e+03
1.102851039656844421e+02 3.500000000000000000e+03
1.104722564600698576e+02 3.526775768576072096e+03
1.106563530687529777e+02 3.553553293824999400e+03
1.107352463236459243e+02 3.565164474887929828e+03
1.108135855980756759e+02 3.576775986262010065e+03
1.109686261348888365e+02 3.600000000000000000e+03
1.110182317007436552e+02 3.607499829684217730e+03
1.110676148952551188e+02 3.614999772910571210e+03
1.111657203125376867e+02 3.630000000000000000e+03
1.112896952816610678e+02 3.649163394452884859e+03
1.114118023264847324e+02 3.668280721280808848e+03
1.116110188254899782e+02 3.700000000000000000e+03
1.118414237057338880e+02 3.737528294758099491e+03
1.120293217261433369e+02 3.768825250797792251e+03
1.121215894235684516e+02 3.784427856473555948e+03
1.122127620947324544e+02 3.800000000000000000e+03
1.122409938525109112e+02 3.804853485772945078e+03
1.122691216224687309e+02 3.809704043666336020e+03
1.125275423001959894e+02 3.854979169015443404e+03
1.126534910662438733e+02 3.877521237213616132e+03
1.127773358572535471e+02 3.900000000000000000e+03
1.128385390540575770e+02 3.911225605882083528e+03
1.128992349025735962e+02 3.922435527900394845e+03
1.129594295067151393e+02 3.933629798901071808e+03
1.130191288723956831e+02 3.944808451638598854e+03
1.130434901337720106e+02 3.949392145892666576e+03
1.130556399787345185e+02 3.951683009119788494e+03
1.130677693667026062e+02 3.953973216789043363e+03
1.131634356490482958e+02 3.972149362520172872e+03
1.132578379801289827e+02 3.990284269093446710e+03
1.132829580631010913e+02 3.995143612901741562e+03
1.133079893330931327e+02 4.000000000000000000e+03
1.133767920676653489e+02 4.013422300691796409e+03
1.134109427379975017e+02 4.020124987488006354e+03
1.134449278409564670e+02 4.026822041401353090e+03
1.136286390209972978e+02 4.063495247384585582e+03
1.138075794335784394e+02 4.100000000000000000e+03
1.138952233230242825e+02 4.118170185945573394e+03
1.139817412175964932e+02 4.136298565928655080e+03
1.139882347617146507e+02 4.137666949604132242e+03
1.141350306010852478e+02 4.168895314184890594e+03
1.142786333572095714e+02 4.200000000000000000e+03
1.143491251854417214e+02 4.215474635658658372e+03
1.144188567514733137e+02 4.230918457524750920e+03
1.145154777951844665e+02 4.252544907707078892e+03
1.147233911762966727e+02 4.300000000000000000e+03
1.148767785544837920e+02 4.335839642122849909e+03
1.150264303502592611e+02 4.371510725873732554e+03
1.150854250993656791e+02 4.385768783619147143e+03
1.151438480644394389e+02 4.400000000000000000e+03
1.151723541962384019e+02 4.406984467210255389e+03
1.153491174115634834e+02 4.450902561122331463e+03
1.154355398007319167e+02 4.472764117764656476e+03
1.155206926094520128e+02 4.494561065026764481e+03
1.155312483182598982e+02 4.497281034716017530e+03
1.155417846589911477e+02 4.500000000000000000e+03
1.156146057323337573e+02 4.518901882588699664e+03
1.156865007797521372e+02 4.537754164709254837e+03
1.156929667301570817e+02 4.539459058171074503e+03
1.156994252355720505e+02 4.541163546563089767e+03
1.157765110817158813e+02 4.561628604046322835e+03
1.158146575523862083e+02 4.571839253271146845e+03
1.158336328051348403e+02 4.576939121644680199e+03
1.158430960754673293e+02 4.579487693472211504e+03
1.158525431611825809e+02 4.582035357707135518e+03
1.159187968153999577e+02 4.600000000000000000e+03
1.160010871921625153e+02 4.622554150333280631e+03
1.160711590801177806e+02 4.641974078156351425e+03
1.161747331108826984e+02 4.671047855811226327e+03
1.162763170114826039e+02 4.700000000000000000e+03
1.162805776649301066e+02 4.701223933096043766e+03
1.162848348116201436e+02 4.702447642573829398e+03
1.163751848151342045e+02 4.728604880064525787e+03
1.164342042999821558e+02 4.745886131456858493e+03
1.164925464735231344e+02 4.763122760832113272e+03
1.165179238671303779e+02 4.770668521131959096e+03
1.165431740072017561e+02 4.778205745655412102e+03
1.165932961244702568e+02 4.793254645241781873e+03
1.166044789067538403e+02 4.796628177874657922e+03
1.166156366612722906e+02 4.800000000000000000e+03
1.166556147995529784e+02 4.812129562455151245e+03
1.166754822448327786e+02 4.818185765245956645e+03
1.166853857650778110e+02 4.821211725570394265e+03
1.166952692272052019e+02 4.824236259859541860e+03
1.168181270051474598e+02 4.862230287249800313e+03
1.169379203663173428e+02 4.900000000000000000e+03
1.169960987153725398e+02 4.918608118927849318e+03
1.170535559857662236e+02 4.937160013312628507e+03
1.171498893177365517e+02 4.968660727985812628e+03
1.171973026932068365e+02 4.984350466656896970e+03
1.172442236557298685e+02 5.000000000000000000e+03
1.172672364396890998e+02 5.007720659996419272e+03
1.172901297734965880e+02 5.015431166328467953e+03
1.173355615561879688e+02 5.030821798014501837e+03
1.173619909803108214e+02 5.039830148983069193e+03
1.173882609664382244e+02 5.048824642022135777e+03
1.174012883388500654e+02 5.053300105003316276e+03
1.174142766476334714e+02 5.057772140936690448e+03
1.174207562049476081e+02 5.060006874990323922e+03
1.174272260581288236e+02 5.062240753757101629e+03
1.174304573520957149e+02 5.063357372561343254e+03
1.174336862277023812e+02 5.064473777727936067e+03
1.174369126874991593e+02 5.065589969318183648e+03
1.174385250122680873e+02 5.066147985041328866e+03
1.174401367340393136e+02 5.066705947393367751e+03
1.174549866859235436e+02 5.071854175867099912e+03
1.174697855277068612e+02 5.076997862837097273e+03
1.174845789315690752e+02 5.082152863521321706e+03
1.174993214068029204e+02 5.087303306729801989e+03
1.175140590369447011e+02 5.092465273752032772e+03
1.175214088050083490e+02 5.095044541692768689e+03
1.175287459159317507e+02 5.097622666933323671e+03
1.175348649471078488e+02 5.099775307355141194e+03
1.175355032750433963e+02 5.100000000000000000e+03
1.175466651768024064e+02 5.103933093874856240e+03
1.175577973217287706e+02 5.107863416640710057e+03
1.175660536076382385e+02 5.110783377244053554e+03
1.175742935563520888e+02 5.113701809280693851e+03
1.175784164236028744e+02 5.115163646537939712e+03
1.175825352057541551e+02 5.116625100430052953e+03
1.175866499084955734e+02 5.118086171107819609e+03
1.175907605375063554e+02 5.119546858721945682e+03
1.175939657112677850e+02 5.120686536537831671e+03
1.175971684100707222e+02 5.121825981212500665e+03
1.176003686366015302e+02 5.122965192817484422e+03
1.176019678236068415e+02 5.123534711241189143e+03
1.176035663935497695e+02 5.124104171424285596e+03
1.176568423001781127e+02 5.143175607226947250e+03
1.177094364989179667e+02 5.162181835061464881e+03
1.177613611855390019e+02 5.181123188790137647e+03
1.178126282725524447e+02 5.200000000000000000e+03
1.179118385922360375e+02 5.237037856906376874e+03
1.179949962776906034e+02 5.268613070347176290e+03
1.180763900474706531e+02 5.300000000000000000e+03
1.181548629045137488e+02 5.330725577178969615e+03
1.181591413500724173e+02 5.332414195103907332e+03
1.182400657533593034e+02 5.364619688891984879e+03
1.182840551326360981e+02 5.382341283162184482e+03
1.183275120570466754e+02 5.400000000000000000e+03
1.183473413804135674e+02 5.408108483110237103e+03
1.183670583011210340e+02 5.416203119612529008e+03
1.184061584480594860e+02 5.432350994423984048e+03
1.184255434393961650e+02 5.440404303246951713e+03
1.184448195174050511e+02 5.448443906490607333e+03
1.184830483062575865e+02 5.464482135951820965e+03
1.185041448598732075e+02 5.473386772410306548e+03
1.185251106735986610e+02 5.482274596889916211e+03
1.185666545427862815e+02 5.500000000000000000e+03
1.185855068993383981e+02 5.508094375114532340e+03
1.186042508725626874e+02 5.516174135411034513e+03
1.186414170939144697e+02 5.532289969591510271e+03
1.186598410635197922e+02 5.540326122140537336e+03
1.186781600514539576e+02 5.548347817202922670e+03
1.187144863688558587e+02 5.564347990646462677e+03
1.187547070295318008e+02 5.582209796666496004e+03
1.187746270734355392e+02 5.591113821732636097e+03
1.187845400074743480e+02 5.595559138360928046e+03
1.187944217312854391e+02 5.600000000000000000e+03
1.188269732992516197e+02 5.614737222997924619e+03
1.188586773465023612e+02 5.629272204888298802e+03
1.189032085572472539e+02 5.650000000000000000e+03
1.189140161655604828e+02 5.655086888358275246e+03
1.189193825318773605e+02 5.657621033707950119e+03
1.189220564231046353e+02 5.658885791585033076e+03
1.189233910541150294e+02 5.659517593057181330e+03
1.189247241452238200e+02 5.660149010020322748e+03
1.189248671688416721e+02 5.660216773446381922e+03
1.189271658922726402e+02 5.661306434670083945e+03
1.189283135379515102e+02 5.661850836085401170e+03
1.189288869324490463e+02 5.662122929592526816e+03
1.189294600416380661e+02 5.662394951670154114e+03
1.189373747802985264e+02 5.666158182732464411e+03
1.189705518735346459e+02 5.682067792569701851e+03
1.189901661586423529e+02 5.691577756961269188e+03
1.189998453016149682e+02 5.696299767616116696e+03
1.190094404283154716e+02 5.701000000000000000e+03
1.190379033485269531e+02 5.716005170388375518e+03
1.190660362718181489e+02 5.730947898682818050e+03
1.190691576703893446e+02 5.732612718651146679e+03
1.190722750263575733e+02 5.734276765325053020e+03
1.190755005333384560e+02 5.736000000000000000e+03
1.191078636945235161e+02 5.753372645957148961e+03
1.191213329812185577e+02 5.760647581597568205e+03
1.191335098035328031e+02 5.767247208179240261e+03
1.191404161730258551e+02 5.771000000000000000e+03
1.191546070566139690e+02 5.778745214811430742e+03
1.191560123572532177e+02 5.779515157886744419e+03
1.191639562749506638e+02 5.783877590861345197e+03
1.191795245816733342e+02 5.792477131407868910e+03
1.191898353862169699e+02 5.798209559798375267e+03
1.192149963612637578e+02 5.812324404815953130e+03
1.192303022836214552e+02 5.821000000000000000e+03
1.192514328174344200e+02 5.833090747999037376e+03
1.192541643578310868e+02 5.834663479482633193e+03
1.192555269002961325e+02 5.835448831251936099e+03
1.192562073665763904e+02 5.835841254024722730e+03
1.192568872969714846e+02 5.836233508201259610e+03
1.192597264620028170e+02 5.837872951980803009e+03
1.192611425430052066e+02 5.838691570176271853e+03
1.192618497103710098e+02 5.839100603783760562e+03
1.192622030760497012e+02 5.839305051769019883e+03
1.192625562964982180e+02 5.839509453895870138e+03
1.192698798837410266e+02 5.843756106197040936e+03
1.192720604297585112e+02 5.845023708057446129e+03
1.192922008826921001e+02 5.856801948922146948e+03
1.193161915201858960e+02 5.871000000000000000e+03
1.193333279437226508e+02 5.881256383119759448e+03
1.193501104883224286e+02 5.891395956763047252e+03
1.193745316495656823e+02 5.906322774931001732e+03
1.193982165308830190e+02 5.921000000000000000e+03
1.194078941898096957e+02 5.927055336232162517e+03
1.194174507571844970e+02 5.933068701681323546e+03
1.194362085982991744e+02 5.944971253664713913e+03
1.194545058239750688e+02 5.956711063565764562e+03
1.194655886677724794e+02 5.963885586377381514e+03
1.194765048185861929e+02 5.971000000000000000e+03
1.194957960645053419e+02 5.984097967492593853e+03
1.195148909578242211e+02 5.997145694263439509e+03
1.195286308221450895e+02 6.006585953588864868e+03
1.195422696812373431e+02 6.016000000000000000e+03
1.195525010247333739e+02 6.023090516904660944e+03
1.195742925455078023e+02 6.038274581129143371e+03
1.195893537575573760e+02 6.048834999067952594e+03
1.196066078463057636e+02 6.061000000000000000e+03
1.196223424050135549e+02 6.072156670230864620e+03
1.196379402948808917e+02 6.083276379584152892e+03
1.196458968438992088e+02 6.088971767949280547e+03
1.196538180029665455e+02 6.094657484409988683e+03
1.196695550031369066e+02 6.106000000000000000e+03
1.196772701108468482e+02 6.111583532987353465e+03
1.196849515720569457e+02 6.117157741448922025e+03
1.197002143489641668e+02 6.128278278070941269e+03
1.197079989597021381e+02 6.133973282880642728e+03
1.197157489355644202e+02 6.139658554866933628e+03
1.197234644868359794e+02 6.145334118958759063e+03
1.197273094188905134e+02 6.148168268311272186e+03
1.197311458229158347e+02 6.151000000000000000e+03
1.197535880859264807e+02 6.168475816192898492e+03
1.197759954581800059e+02 6.186000000000000000e+03
1.197982447011920613e+02 6.203475292094711222e+03
1.198204620836382048e+02 6.221000000000000000e+03
1.198393803236289443e+02 6.235981114146495202e+03
1.198519721004400509e+02 6.245982315499501055e+03
1.198645544422074920e+02 6.256000000000000000e+03
1.198754959272784646e+02 6.264730751490902549e+03
1.198864308288913776e+02 6.273474316488087425e+03
1.198973591667138976e+02 6.282230723220483014e+03
1.199082809603783915e+02 6.291000000000000000e+03
1.199206975936102708e+02 6.300991482874092981e+03
1.199331063737452610e+02 6.311000000000000000e+03
1.199432038797823452e+02 6.319161558655203407e+03
1.199482507856364322e+02 6.323246641096669919e+03
1.199532964625702220e+02 6.327334596315524323e+03
1.199578165355317196e+02 6.331000000000000000e+03
1.199626168308630128e+02 6.334896038686511019e+03
1.199674160709708133e+02 6.338794716459812662e+03
1.199722142573921815e+02 6.342696036002298570e+03
1.199746129559362373e+02 6.344647687276229590e+03
1.199770113916346617e+02 6.346600000000000364e+03
1.199820093987115968e+02 6.351300000000000182e+03
1.199845056101276271e+02 6.353650000000000546e+03
1.199857530187168493e+02 6.354825000000000728e+03
1.199869999629070776e+02 6.356000000000000000e+03
1.199935069448531095e+02 6.363500000000000000e+03
1.199967546607695112e+02 6.367250000000000000e+03
1.199983770779571728e+02 6.369125000000000000e+03
1.199991879267317074e+02 6.370062500000000000e+03
1.199999985357688104e+02 6.371000000000000000e+03
