6.000000000000000000e+01 5.771000000000000000e+03
6.001956752898835390e+01 5.778745214811430742e+03
6.002150509221273467e+01 5.779515157886744419e+03
6.003245719368139532e+01 5.783877590861345197e+03
6.005391790095731608e+01 5.792477131407868910e+03
6.006812905168992245e+01 5.798209559798375267e+03
6.010280065329223476e+01 5.812324404815953130e+03
6.012388709889349769e+01 5.821000000000000000e+03
6.015299173880937644e+01 5.833090747999037376e+03
6.015675356970668020e+01 5.834663479482633193e+03
6.015862999542967771e+01 5.835448831251936099e+03
6.015956708865209634e+01 5.835841254024722730e+03
6.016050343650507415e+01 5.836233508201259610e+03
6.016441323650502682e+01 5.837872951980803009e+03
6.016636326651551059e+01 5.838691570176271853e+03
6.016733706718422070e+01 5.839100603783760562e+03
6.016782366432851603e+01 5.839305051769019883e+03
6.016831005949539701e+01 5.839509453895870138e+03
6.017839441080279528e+01 5.843756106197040936e+03
6.018139678963765959e+01 5.845023708057446129e+03
6.020912446233861459e+01 5.856801948922146948e+03
6.024214434451812394e+01 5.871000000000000000e+03
6.026572475617014391e+01 5.881256383119759448e+03
6.028881373240082553e+01 5.891395956763047252e+03
6.032240381083380498e+01 5.906322774931001732e+03
6.035497226354068800e+01 5.921000000000000000e+03
6.036827724183112309e+01 5.927055336232162517e+03
6.038141431314386409e+01 5.933068701681323546e+03
6.040719592525840653e+01 5.944971253664713913e+03
6.043233920386504110e+01 5.956711063565764562e+03
6.044756627234729507e+01 5.963885586377381514e+03
6.046256246879805474e+01 5.971000000000000000e+03
6.048904198721135828e+01 5.984097967492593853e+03
6.051524975181168742e+01 5.997145694263439509e+03
6.053410635940510787e+01 6.006585953588864868e+03
6.055282321317410066e+01 6.016000000000000000e+03
6.056686313104814445e+01 6.023090516904660944e+03
6.059676434160281389e+01 6.038274581129143371e+03
6.061742889131299705e+01 6.048834999067952594e+03
6.064110047151808658e+01 6.061000000000000000e+03
6.066268578798714373e+01 6.072156670230864620e+03
6.068408215186150301e+01 6.083276379584152892e+03
6.069499596626940985e+01 6.088971767949280547e+03
6.070586086146975191e+01 6.094657484409988683e+03
6.072744508424395349e+01 6.106000000000000000e+03
6.073802627031884072e+01 6.111583532987353465e+03
6.074856095902867281e+01 6.117157741448922025e+03
6.076949195300153406e+01 6.128278278070941269e+03
6.078016704358149269e+01 6.133973282880642728e+03
6.079079428285374576e+01 6.139658554866933628e+03
6.080137396432777308e+01 6.145334118958759063e+03
6.080664606250112314e+01 6.148168268311272186e+03
6.081190638024668971e+01 6.151000000000000000e+03
6.084265068695228251e+01 6.168475816192898492e+03
6.087334645056481008e+01 6.186000000000000000e+03
6.090382486755323299e+01 6.203475292094711222e+03
6.093425892869412763e+01 6.221000000000000000e+03
6.096017316921698637e+01 6.235981114146495202e+03
6.097742113107857875e+01 6.245982315499501055e+03
6.099465594787090339e+01 6.256000000000000000e+03
6.100964300362155512e+01 6.264730751490902549e+03
6.102462087907303356e+01 6.273474316488087425e+03
6.103958960169572379e+01 6.282230723220483014e+03
6.105454919890912180e+01 6.291000000000000000e+03
6.107155608607675390e+01 6.300991482874092981e+03
6.108855201295767046e+01 6.311000000000000000e+03
6.110238210900088518e+01 6.319161558655203407e+03
6.110929457725697489e+01 6.323246641096669919e+03
6.111620532918880144e+01 6.327334596315524323e+03
6.112239616571609702e+01 6.331000000000000000e+03
6.112897077488412378e+01 6.334896038686511019e+03
6.113554390926014293e+01 6.338794716459812662e+03
6.114211557098784766e+01 6.342696036002298570e+03
6.114540085025819849e+01 6.344647687276229590e+03
6.114868576216971974e+01 6.346600000000000364e+03
6.115551748528052656e+01 6.351300000000000182e+03
6.115892950748539647e+01 6.353650000000000546e+03
6.116063456001410970e+01 6.354825000000000728e+03
6.116233897397441410e+01 6.356000000000000000e+03
6.117121578666769466e+01 6.363500000000000000e+03
6.117564628343242816e+01 6.367250000000000000e+03
6.117785955854116509e+01 6.369125000000000000e+03
6.117896570329119754e+01 6.370062500000000000e+03
6.118007151970062552e+01 6.371000000000000000e+03
6.118117733611004638e+01 6.370062500000000000e+03
6.118228348086008594e+01 6.369125000000000000e+03
6.118449675596881576e+01 6.367250000000000000e+03
6.118892725273354927e+01 6.363500000000000000e+03
6.119780406542682982e+01 6.356000000000000000e+03
6.119950847938714134e+01 6.354825000000000728e+03
6.120121353191584745e+01 6.353650000000000546e+03
6.120462555412071737e+01 6.351300000000000182e+03
6.121145727723152419e+01 6.346600000000000364e+03
6.121474218914304544e+01 6.344647687276229590e+03
6.121802746841339626e+01 6.342696036002298570e+03
6.122459913014110100e+01 6.338794716459812662e+03
6.123117226451712014e+01 6.334896038686511019e+03
6.123774687368514691e+01 6.331000000000000000e+03
6.124393771021244248e+01 6.327334596315524323e+03
6.125084846214426904e+01 6.323246641096669919e+03
6.125776093040035875e+01 6.319161558655203407e+03
6.127159102644357347e+01 6.311000000000000000e+03
6.128858695332449003e+01 6.300991482874092981e+03
6.130559384049212213e+01 6.291000000000000000e+03
6.132055343770552014e+01 6.282230723220483014e+03
6.133552216032821036e+01 6.273474316488087425e+03
6.135050003577968880e+01 6.264730751490902549e+03
6.136548709153034054e+01 6.256000000000000000e+03
6.138272190832266517e+01 6.245982315499501055e+03
6.139996987018425756e+01 6.235981114146495202e+03
6.142588411070711629e+01 6.221000000000000000e+03
6.145631817184801093e+01 6.203475292094711222e+03
6.148679658883643384e+01 6.186000000000000000e+03
6.151749235244896852e+01 6.168475816192898492e+03
6.154823665915455422e+01 6.151000000000000000e+03
6.155349697690012079e+01 6.148168268311272186e+03
6.155876907507347795e+01 6.145334118958759063e+03
6.156934875654749817e+01 6.139658554866933628e+03
6.157997599581975123e+01 6.133973282880642728e+03
6.159065108639970987e+01 6.128278278070941269e+03
6.161158208037257111e+01 6.117157741448922025e+03
6.162211676908240321e+01 6.111583532987353465e+03
6.163269795515729044e+01 6.106000000000000000e+03
6.165428217793149201e+01 6.094657484409988683e+03
6.166514707313183408e+01 6.088971767949280547e+03
6.167606088753974092e+01 6.083276379584152892e+03
6.169745725141410730e+01 6.072156670230864620e+03
6.171904256788315735e+01 6.061000000000000000e+03
6.174271414808824687e+01 6.048834999067952594e+03
6.176337869779843004e+01 6.038274581129143371e+03
6.179327990835309947e+01 6.023090516904660944e+03
6.180731982622714327e+01 6.016000000000000000e+03
6.182603667999613606e+01 6.006585953588864868e+03
6.184489328758955651e+01 5.997145694263439509e+03
6.187110105218988565e+01 5.984097967492593853e+03
6.189758057060319629e+01 5.971000000000000000e+03
6.191257676705394886e+01 5.963885586377381514e+03
6.192780383553620283e+01 5.956711063565764562e+03
6.195294711414283739e+01 5.944971253664713913e+03
6.197872872625738694e+01 5.933068701681323546e+03
6.199186579757012083e+01 5.927055336232162517e+03
6.200517077586055592e+01 5.921000000000000000e+03
6.203773922856743894e+01 5.906322774931001732e+03
6.207132930700041840e+01 5.891395956763047252e+03
6.209441828323110002e+01 5.881256383119759448e+03
6.211799869488311998e+01 5.871000000000000000e+03
6.215101857706262933e+01 5.856801948922146948e+03
6.217874624976359144e+01 5.845023708057446129e+03
6.218174862859844865e+01 5.843756106197040936e+03
6.219183297990584691e+01 5.839509453895870138e+03
6.219231937507272789e+01 5.839305051769019883e+03
6.219280597221702322e+01 5.839100603783760562e+03
6.219377977288573334e+01 5.838691570176271853e+03
6.219572980289621711e+01 5.837872951980803009e+03
6.219963960289616978e+01 5.836233508201259610e+03
6.220057595074914758e+01 5.835841254024722730e+03
6.220151304397156622e+01 5.835448831251936099e+03
6.220338946969456373e+01 5.834663479482633193e+03
6.220715130059186748e+01 5.833090747999037376e+03
6.223625594050774623e+01 5.821000000000000000e+03
6.225734238610900917e+01 5.812324404815953130e+03
6.229201398771132858e+01 5.798209559798375267e+03
6.230622513844392785e+01 5.792477131407868910e+03
6.232768584571984860e+01 5.783877590861345197e+03
6.233863794718851636e+01 5.779515157886744419e+03
6.234057551041289003e+01 5.778745214811430742e+03
6.236014303940124393e+01 5.771000000000000000e+03
6.236966706729251086e+01 5.767247208179240261e+03
6.238646000568772365e+01 5.760647581597568205e+03
6.240503662854242606e+01 5.753372645957148961e+03
6.244967679762014257e+01 5.736000000000000000e+03
6.245412632546388920e+01 5.734276765325053020e+03
6.245842673349485352e+01 5.732612718651146679e+03
6.246273278977690779e+01 5.730947898682818050e+03
6.250154617142683833e+01 5.716005170388375518e+03
6.254082076567928539e+01 5.701000000000000000e+03
6.255409255235178989e+01 5.696299767616116696e+03
6.256748213611255949e+01 5.691577756961269188e+03
6.259462033610673615e+01 5.682067792569701851e+03
6.264053892915288202e+01 5.666158182732464411e+03
6.265149607898604955e+01 5.662394951670154114e+03
6.265228953217087593e+01 5.662122929592526816e+03
6.265308338601590776e+01 5.661850836085401170e+03
6.265467229677199867e+01 5.661306434670083945e+03
6.265785493818944474e+01 5.660216773446381922e+03
6.265805296105648381e+01 5.660149010020322748e+03
6.265989870479882740e+01 5.659517593057181330e+03
6.266174661130121848e+01 5.658885791585033076e+03
6.266544892618952645e+01 5.657621033707950119e+03
6.267287965948595030e+01 5.655086888358275246e+03
6.268784631382488470e+01 5.650000000000000000e+03
6.274953560300422595e+01 5.629272204888298802e+03
6.279347641269675506e+01 5.614737222997924619e+03
6.283861017157995832e+01 5.600000000000000000e+03
6.285231470441357970e+01 5.595559138360928046e+03
6.286606329970798868e+01 5.591113821732636097e+03
6.289369346676399886e+01 5.582209796666496004e+03
6.294949130993946085e+01 5.564347990646462677e+03
6.299989767624079207e+01 5.548347817202922670e+03
6.302532110566870927e+01 5.540326122140537336e+03
6.305089295480915723e+01 5.532289969591510271e+03
6.310248675469738799e+01 5.516174135411034513e+03
6.312851120448796394e+01 5.508094375114532340e+03
6.315468901226823562e+01 5.500000000000000000e+03
6.321238565311281832e+01 5.482274596889916211e+03
6.324150849452221479e+01 5.473386772410306548e+03
6.327081651360486347e+01 5.464482135951820965e+03
6.332393434670076715e+01 5.448443906490607333e+03
6.335072240715097536e+01 5.440404303246951713e+03
6.337766486846369673e+01 5.432350994423984048e+03
6.343201798623841370e+01 5.416203119612529008e+03
6.345943121731262693e+01 5.408108483110237103e+03
6.348700393903062889e+01 5.400000000000000000e+03
6.354744207036201686e+01 5.382341283162184482e+03
6.360863633058164623e+01 5.364619688891984879e+03
6.372125270922565932e+01 5.332414195103907332e+03
6.372720819536190362e+01 5.330725577178969615e+03
6.383646718937892217e+01 5.300000000000000000e+03
6.394984664383498085e+01 5.268613070347176290e+03
6.406573966134082809e+01 5.237037856906376874e+03
6.420407987513627290e+01 5.200000000000000000e+03
6.427559967005385033e+01 5.181123188790137647e+03
6.434805921180613097e+01 5.162181835061464881e+03
6.442147611551297359e+01 5.143175607226947250e+03
6.449586843442978079e+01 5.124104171424285596e+03
6.449810098461264829e+01 5.123534711241189143e+03
6.450033441829458525e+01 5.122965192817484422e+03
6.450480393813229796e+01 5.121825981212500665e+03
6.450927699793115266e+01 5.120686536537831671e+03
6.451375360167484985e+01 5.119546858721945682e+03
6.451949496497636005e+01 5.118086171107819609e+03
6.452524216205436858e+01 5.116625100430052953e+03
6.453099520133287115e+01 5.115163646537939712e+03
6.453675409125193596e+01 5.113701809280693851e+03
6.454826422330353353e+01 5.110783377244053554e+03
6.455979775683941568e+01 5.107863416640710057e+03
6.457534961290744491e+01 5.103933093874856240e+03
6.459094410285848653e+01 5.100000000000000000e+03
6.459183595426355851e+01 5.099775307355141194e+03
6.460038544381154679e+01 5.097622666933323671e+03
6.461063724738927760e+01 5.095044541692768689e+03
6.462090719262721450e+01 5.092465273752032772e+03
6.464150169023209003e+01 5.087303306729801989e+03
6.466210480039549680e+01 5.082152863521321706e+03
6.468278093979051846e+01 5.076997862837097273e+03
6.470346654142598197e+01 5.071854175867099912e+03
6.472422545882106704e+01 5.066705947393367751e+03
6.472647861620792753e+01 5.066147985041328866e+03
6.472873263874809879e+01 5.065589969318183648e+03
6.473324328117222137e+01 5.064473777727936067e+03
6.473775738989328943e+01 5.063357372561343254e+03
6.474227496870707910e+01 5.062240753757101629e+03
6.475132055174609036e+01 5.060006874990323922e+03
6.476038006084253595e+01 5.057772140936690448e+03
6.477854097893371943e+01 5.053300105003316276e+03
6.479675796918479591e+01 5.048824642022135777e+03
6.483349736389988038e+01 5.039830148983069193e+03
6.487046572713140336e+01 5.030821798014501837e+03
6.493402787444816227e+01 5.015431166328467953e+03
6.496606397510534237e+01 5.007720659996419272e+03
6.499827181848479540e+01 5.000000000000000000e+03
6.506395485436073045e+01 4.984350466656896970e+03
6.513034654923814060e+01 4.968660727985812628e+03
6.526529984945227625e+01 4.937160013312628507e+03
6.534583045474310836e+01 4.918608118927849318e+03
6.542740142190497465e+01 4.900000000000000000e+03
6.559545611336770321e+01 4.862230287249800313e+03
6.576794255326515781e+01 4.824236259859541860e+03
6.578182435722537491e+01 4.821211725570394265e+03
6.579573521838345584e+01 4.818185765245956645e+03
6.582364446107251865e+01 4.812129562455151245e+03
6.587981549392199554e+01 4.800000000000000000e+03
6.589549521375636232e+01 4.796628177874657922e+03
6.591121123141876126e+01 4.793254645241781873e+03
6.598166556176236952e+01 4.778205745655412102e+03
6.601716714193310054e+01 4.770668521131959096e+03
6.605285348672869361e+01 4.763122760832113272e+03
6.613491806150535979e+01 4.745886131456858493e+03
6.621796713896418396e+01 4.728604880064525787e+03
6.634516522478295997e+01 4.702447642573829398e+03
6.635116046560875702e+01 4.701223933096043766e+03
6.635716081409607625e+01 4.700000000000000000e+03
6.650027301052482187e+01 4.671047855811226327e+03
6.664628826037080955e+01 4.641974078156351425e+03
6.674513071478362747e+01 4.622554150333280631e+03
6.686126807022074559e+01 4.600000000000000000e+03
6.695481965930076740e+01 4.582035357707135518e+03
6.696816257269772166e+01 4.579487693472211504e+03
6.698152920420001522e+01 4.576939121644680199e+03
6.700833386589992813e+01 4.571839253271146845e+03
6.706223050972305089e+01 4.561628604046322835e+03
6.717118706541938877e+01 4.541163546563089767e+03
6.718031842598760761e+01 4.539459058171074503e+03
6.718946071994244562e+01 4.537754164709254837e+03
6.729114162008188771e+01 4.518901882588699664e+03
6.739418395894375635e+01 4.500000000000000000e+03
6.740909729043681864e+01 4.497281034716017530e+03
6.742403913251909842e+01 4.494561065026764481e+03
6.754461511493747139e+01 4.472764117764656476e+03
6.766706255296887207e+01 4.450902561122331463e+03
6.791774321376479406e+01 4.406984467210255389e+03
6.795819954444280597e+01 4.400000000000000000e+03
6.804114023474855344e+01 4.385768783619147143e+03
6.812492816723175793e+01 4.371510725873732554e+03
6.833763415980486400e+01 4.335839642122849909e+03
6.855589288223332289e+01 4.300000000000000000e+03
6.885213687731142329e+01 4.252544907707078892e+03
6.898996516320063677e+01 4.230918457524750920e+03
6.908949927564245286e+01 4.215474635658658372e+03
6.919017285563106157e+01 4.200000000000000000e+03
6.939543063463143824e+01 4.168895314184890594e+03
6.960549098368915111e+01 4.137666949604132242e+03
6.961478867233964252e+01 4.136298565928655080e+03
6.973871390240937274e+01 4.118170185945573394e+03
6.986433939945288785e+01 4.100000000000000000e+03
7.012110207699340947e+01 4.063495247384585582e+03
7.038510163155591215e+01 4.026822041401353090e+03
7.043398347001772208e+01 4.020124987488006354e+03
7.048311740511496737e+01 4.013422300691796409e+03
7.058214932142119835e+01 4.000000000000000000e+03
7.061819254481356722e+01 3.995143612901741562e+03
7.065437130310516523e+01 3.990284269093446710e+03
7.079040143637060112e+01 3.972149362520172872e+03
7.092836459594964538e+01 3.953973216789043363e+03
7.094586483084863460e+01 3.951683009119788494e+03
7.096339641254209596e+01 3.949392145892666576e+03
7.099855395130478541e+01 3.944808451638598854e+03
7.108474182577579370e+01 3.933629798901071808e+03
7.117168990663815009e+01 3.922435527900394845e+03
7.125940826763891778e+01 3.911225605882083528e+03
7.134790716727792415e+01 3.900000000000000000e+03
7.152713143732594858e+01 3.877521237213616132e+03
7.170960385804396253e+01 3.854979169015443404e+03
7.208465189599291989e+01 3.809704043666336020e+03
7.212552766275706517e+01 3.804853485772945078e+03
7.216656525316730608e+01 3.800000000000000000e+03
7.229916725061080740e+01 3.784427856473555948e+03
7.243347730628967440e+01 3.768825250797792251e+03
7.270735564849184129e+01 3.737528294758099491e+03
7.304386822422259229e+01 3.700000000000000000e+03
7.333544322769743928e+01 3.668280721280808848e+03
7.351444710926514858e+01 3.649163394452884859e+03
7.369641568599945458e+01 3.630000000000000000e+03
7.384056317741800513e+01 3.614999772910571210e+03
7.391316722919137305e+01 3.607499829684217730e+03
7.398612854066551847e+01 3.600000000000000000e+03
7.421436399228569769e+01 3.576775986262010065e+03
7.432980201197511860e+01 3.565164474887929828e+03
7.444613485934628727e+01 3.553553293824999400e+03
7.471790590019118383e+01 3.526775768576072096e+03
7.499463835818380630e+01 3.500000000000000000e+03
7.507805823185316285e+01 3.492023793463924903e+03
7.520467874976607447e+01 3.480000000000000000e+03
7.533129926767898610e+01 3.492023793463924903e+03
7.541471914134834265e+01 3.500000000000000000e+03
7.569145159934096512e+01 3.526775768576072096e+03
7.596322264018586168e+01 3.553553293824999400e+03
7.607955548755703035e+01 3.565164474887929828e+03
7.619499350724645126e+01 3.576775986262010065e+03
7.642322895886663048e+01 3.600000000000000000e+03
7.649619027034077590e+01 3.607499829684217730e+03
7.656879432211414382e+01 3.614999772910571210e+03
7.671294181353269437e+01 3.630000000000000000e+03
7.689491039026700037e+01 3.649163394452884859e+03
7.707391427183470967e+01 3.668280721280808848e+03
7.736548927530955666e+01 3.700000000000000000e+03
7.770200185104030766e+01 3.737528294758099491e+03
7.797588019324247455e+01 3.768825250797792251e+03
7.811019024892134155e+01 3.784427856473555948e+03
7.824279224636484287e+01 3.800000000000000000e+03
7.828382983677508378e+01 3.804853485772945078e+03
7.832470560353922906e+01 3.809704043666336020e+03
7.869975364148818642e+01 3.854979169015443404e+03
7.888222606220620037e+01 3.877521237213616132e+03
7.906145033225422480e+01 3.900000000000000000e+03
7.914994923189323117e+01 3.911225605882083528e+03
7.923766759289399886e+01 3.922435527900394845e+03
7.932461567375634104e+01 3.933629798901071808e+03
7.941080354822734932e+01 3.944808451638598854e+03
7.944596108699005299e+01 3.949392145892666576e+03
7.946349266868351435e+01 3.951683009119788494e+03
7.948099290358248936e+01 3.953973216789043363e+03
7.961895606316154783e+01 3.972149362520172872e+03
7.975498619642698372e+01 3.990284269093446710e+03
7.979116495471856751e+01 3.995143612901741562e+03
7.982720817811093639e+01 4.000000000000000000e+03
7.992624009441718158e+01 4.013422300691796409e+03
7.997537402951441265e+01 4.020124987488006354e+03
8.002425586797623680e+01 4.026822041401353090e+03
8.028825542253872527e+01 4.063495247384585582e+03
8.054501810007926110e+01 4.100000000000000000e+03
8.067064359712276200e+01 4.118170185945573394e+03
8.079456882719249222e+01 4.136298565928655080e+03
8.080386651584298363e+01 4.137666949604132242e+03
8.101392686490069650e+01 4.168895314184890594e+03
8.121918464390108738e+01 4.200000000000000000e+03
8.131985822388968188e+01 4.215474635658658372e+03
8.141939233633149797e+01 4.230918457524750920e+03
8.155722062222071145e+01 4.252544907707078892e+03
8.185346461729881185e+01 4.300000000000000000e+03
8.207172333972727074e+01 4.335839642122849909e+03
8.228442933230039102e+01 4.371510725873732554e+03
8.236821726478359551e+01 4.385768783619147143e+03
8.245115795508932877e+01 4.400000000000000000e+03
8.249161428576735489e+01 4.406984467210255389e+03
8.274229494656326267e+01 4.450902561122331463e+03
8.286474238459466335e+01 4.472764117764656476e+03
8.298531836701303632e+01 4.494561065026764481e+03
8.300026020909533031e+01 4.497281034716017530e+03
8.301517354058839260e+01 4.500000000000000000e+03
8.311821587945024703e+01 4.518901882588699664e+03
8.321989677958968912e+01 4.537754164709254837e+03
8.322903907354452713e+01 4.539459058171074503e+03
8.323817043411276018e+01 4.541163546563089767e+03
8.334712698980908385e+01 4.561628604046322835e+03
8.340102363363220661e+01 4.571839253271146845e+03
8.342782829533211952e+01 4.576939121644680199e+03
8.344119492683441308e+01 4.579487693472211504e+03
8.345453784023138155e+01 4.582035357707135518e+03
8.354808942931138915e+01 4.600000000000000000e+03
8.366422678474850727e+01 4.622554150333280631e+03
8.376306923916132519e+01 4.641974078156351425e+03
8.390908448900731287e+01 4.671047855811226327e+03
8.405219668543605849e+01 4.700000000000000000e+03
8.405819703392337772e+01 4.701223933096043766e+03
8.406419227474917477e+01 4.702447642573829398e+03
8.419139036056796499e+01 4.728604880064525787e+03
8.427443943802677495e+01 4.745886131456858493e+03
8.435650401280345534e+01 4.763122760832113272e+03
8.439219035759904841e+01 4.770668521131959096e+03
8.442769193776976522e+01 4.778205745655412102e+03
8.449814626811337348e+01 4.793254645241781873e+03
8.451386228577577242e+01 4.796628177874657922e+03
8.452954200561013920e+01 4.800000000000000000e+03
8.458571303845961609e+01 4.812129562455151245e+03
8.461362228114867889e+01 4.818185765245956645e+03
8.462753314230675983e+01 4.821211725570394265e+03
8.464141494626699114e+01 4.824236259859541860e+03
8.481390138616444574e+01 4.862230287249800313e+03
8.498195607762716008e+01 4.900000000000000000e+03
8.506352704478902638e+01 4.918608118927849318e+03
8.514405765007987270e+01 4.937160013312628507e+03
8.527901095029400835e+01 4.968660727985812628e+03
8.534540264517141850e+01 4.984350466656896970e+03
8.541108568104733934e+01 5.000000000000000000e+03
8.544329352442680658e+01 5.007720659996419272e+03
8.547532962508398668e+01 5.015431166328467953e+03
8.553889177240074559e+01 5.030821798014501837e+03
8.557586013563226857e+01 5.039830148983069193e+03
8.561259953034735304e+01 5.048824642022135777e+03
8.563081652059841531e+01 5.053300105003316276e+03
8.564897743868961300e+01 5.057772140936690448e+03
8.565803694778605859e+01 5.060006874990323922e+03
8.566708253082506985e+01 5.062240753757101629e+03
8.567160010963884531e+01 5.063357372561343254e+03
8.567611421835992758e+01 5.064473777727936067e+03
8.568062486078403595e+01 5.065589969318183648e+03
8.568287888332422142e+01 5.066147985041328866e+03
8.568513204071106770e+01 5.066705947393367751e+03
8.570589095810615277e+01 5.071854175867099912e+03
8.572657655974163049e+01 5.076997862837097273e+03
8.574725269913665215e+01 5.082152863521321706e+03
8.576785580930005892e+01 5.087303306729801989e+03
8.578845030690492024e+01 5.092465273752032772e+03
8.579872025214287135e+01 5.095044541692768689e+03
8.580897205572058795e+01 5.097622666933323671e+03
8.581752154526859044e+01 5.099775307355141194e+03
8.581841339667366242e+01 5.100000000000000000e+03
8.583400788662470404e+01 5.103933093874856240e+03
8.584955974269273327e+01 5.107863416640710057e+03
8.586109327622861542e+01 5.110783377244053554e+03
8.587260340828021299e+01 5.113701809280693851e+03
8.587836229819927780e+01 5.115163646537939712e+03
8.588411533747778037e+01 5.116625100430052953e+03
8.588986253455578890e+01 5.118086171107819609e+03
8.589560389785729910e+01 5.119546858721945682e+03
8.590008050160099629e+01 5.120686536537831671e+03
8.590455356139985099e+01 5.121825981212500665e+03
8.590902308123756370e+01 5.122965192817484422e+03
8.591125651491950066e+01 5.123534711241189143e+03
8.591348906510236816e+01 5.124104171424285596e+03
8.598788138401918957e+01 5.143175607226947250e+03
8.606129828772603219e+01 5.162181835061464881e+03
8.613375782947829862e+01 5.181123188790137647e+03
8.620527762439587605e+01 5.200000000000000000e+03
8.634361783819133507e+01 5.237037856906376874e+03
8.645951085569717520e+01 5.268613070347176290e+03
8.657289031015322678e+01 5.300000000000000000e+03
8.668214930417025244e+01 5.330725577178969615e+03
8.668810479030648253e+01 5.332414195103907332e+03
8.680072116895050272e+01 5.364619688891984879e+03
8.686191542917013919e+01 5.382341283162184482e+03
8.692235356050152006e+01 5.400000000000000000e+03
8.694992628221953623e+01 5.408108483110237103e+03
8.697733951329374236e+01 5.416203119612529008e+03
8.703169263106845222e+01 5.432350994423984048e+03
8.705863509238118070e+01 5.440404303246951713e+03
8.708542315283139601e+01 5.448443906490607333e+03
8.713854098592729258e+01 5.464482135951820965e+03
8.716784900500994127e+01 5.473386772410306548e+03
8.719697184641934484e+01 5.482274596889916211e+03
8.725466848726392755e+01 5.500000000000000000e+03
8.728084629504418501e+01 5.508094375114532340e+03
8.730687074483476806e+01 5.516174135411034513e+03
8.735846454472299172e+01 5.532289969591510271e+03
8.738403639386345390e+01 5.540326122140537336e+03
8.740945982329137109e+01 5.548347817202922670e+03
8.745986618959270231e+01 5.564347990646462677e+03
8.751566403276815720e+01 5.582209796666496004e+03
8.754329419982417448e+01 5.591113821732636097e+03
8.755704279511857635e+01 5.595559138360928046e+03
8.757074732795220484e+01 5.600000000000000000e+03
8.761588108683540099e+01 5.614737222997924619e+03
8.765982189652793011e+01 5.629272204888298802e+03
8.772151118570727135e+01 5.650000000000000000e+03
8.773647784004620576e+01 5.655086888358275246e+03
8.774390857334263671e+01 5.657621033707950119e+03
8.774761088823093758e+01 5.658885791585033076e+03
8.774945879473332866e+01 5.659517593057181330e+03
8.775130453847566514e+01 5.660149010020322748e+03
8.775150256134271842e+01 5.660216773446381922e+03
8.775468520276015738e+01 5.661306434670083945e+03
8.775627411351625540e+01 5.661850836085401170e+03
8.775706796736128013e+01 5.662122929592526816e+03
8.775786142054610650e+01 5.662394951670154114e+03
8.776881857037928114e+01 5.666158182732464411e+03
8.781473716342541991e+01 5.682067792569701851e+03
8.784187536341960367e+01 5.691577756961269188e+03
8.785526494718037327e+01 5.696299767616116696e+03
8.786853673385287777e+01 5.701000000000000000e+03
8.790781132810532483e+01 5.716005170388375518e+03
8.794662470975524116e+01 5.730947898682818050e+03
8.795093076603731674e+01 5.732612718651146679e+03
8.795523117406827396e+01 5.734276765325053020e+03
8.795968070191202060e+01 5.736000000000000000e+03
8.800432087098973000e+01 5.753372645957148961e+03
8.802289749384443951e+01 5.760647581597568205e+03
8.803969043223965230e+01 5.767247208179240261e+03
8.804921446013091213e+01 5.771000000000000000e+03
8.806878198911927313e+01 5.778745214811430742e+03
8.807071955234364680e+01 5.779515157886744419e+03
8.808167165381230745e+01 5.783877590861345197e+03
8.810313236108822821e+01 5.792477131407868910e+03
8.811734351182083458e+01 5.798209559798375267e+03
8.815201511342314689e+01 5.812324404815953130e+03
8.817310155902441693e+01 5.821000000000000000e+03
8.820220619894028857e+01 5.833090747999037376e+03
8.820596802983759233e+01 5.834663479482633193e+03
8.820784445556058984e+01 5.835448831251936099e+03
8.820878154878300847e+01 5.835841254024722730e+03
8.820971789663597917e+01 5.836233508201259610e+03
8.821362769663593895e+01 5.837872951980803009e+03
8.821557772664641561e+01 5.838691570176271853e+03
8.821655152731513283e+01 5.839100603783760562e+03
8.821703812445942106e+01 5.839305051769019883e+03
8.821752451962630914e+01 5.839509453895870138e+03
8.822760887093370741e+01 5.843756106197040936e+03
8.823061124976857172e+01 5.845023708057446129e+03
8.825833892246953383e+01 5.856801948922146948e+03
8.829135880464903607e+01 5.871000000000000000e+03
8.831493921630105604e+01 5.881256383119759448e+03
8.833802819253173766e+01 5.891395956763047252e+03
8.837161827096471711e+01 5.906322774931001732e+03
8.840418672367160013e+01 5.921000000000000000e+03
8.841749170196203522e+01 5.927055336232162517e+03
8.843062877327477622e+01 5.933068701681323546e+03
8.845641038538931866e+01 5.944971253664713913e+03
8.848155366399595323e+01 5.956711063565764562e+03
8.849678073247820009e+01 5.963885586377381514e+03
8.851177692892895266e+01 5.971000000000000000e+03
8.853825644734226330e+01 5.984097967492593853e+03
8.856446421194259244e+01 5.997145694263439509e+03
8.858332081953601289e+01 6.006585953588864868e+03
8.860203767330500568e+01 6.016000000000000000e+03
8.861607759117904948e+01 6.023090516904660944e+03
8.864597880173371891e+01 6.038274581129143371e+03
8.866664335144389497e+01 6.048834999067952594e+03
8.869031493164899871e+01 6.061000000000000000e+03
8.871190024811804165e+01 6.072156670230864620e+03
8.873329661199241514e+01 6.083276379584152892e+03
8.874421042640031487e+01 6.088971767949280547e+03
8.875507532160065693e+01 6.094657484409988683e+03
8.877665954437486562e+01 6.106000000000000000e+03
8.878724073044973863e+01 6.111583532987353465e+03
8.879777541915957784e+01 6.117157741448922025e+03
8.881870641313244619e+01 6.128278278070941269e+03
8.882938150371239772e+01 6.133973282880642728e+03
8.884000874298465078e+01 6.139658554866933628e+03
8.885058842445867811e+01 6.145334118958759063e+03
8.885586052263202816e+01 6.148168268311272186e+03
8.886112084037759473e+01 6.151000000000000000e+03
8.889186514708319464e+01 6.168475816192898492e+03
8.892256091069572221e+01 6.186000000000000000e+03
8.895303932768413802e+01 6.203475292094711222e+03
8.898347338882504687e+01 6.221000000000000000e+03
8.900938762934789850e+01 6.235981114146495202e+03
8.902663559120949799e+01 6.245982315499501055e+03
8.904387040800182263e+01 6.256000000000000000e+03
8.905885746375247436e+01 6.264730751490902549e+03
8.907383533920395280e+01 6.273474316488087425e+03
8.908880406182663592e+01 6.282230723220483014e+03
8.910376365904004103e+01 6.291000000000000000e+03
8.912077054620766603e+01 6.300991482874092981e+03
8.913776647308858969e+01 6.311000000000000000e+03
8.915159656913181152e+01 6.319161558655203407e+03
8.915850903738790123e+01 6.323246641096669919e+03
8.916541978931972778e+01 6.327334596315524323e+03
8.917161062584702336e+01 6.331000000000000000e+03
8.917818523501505013e+01 6.334896038686511019e+03
8.918475836939107637e+01 6.338794716459812662e+03
8.919133003111878111e+01 6.342696036002298570e+03
8.919461531038913904e+01 6.344647687276229590e+03
8.919790022230066029e+01 6.346600000000000364e+03
8.920473194541145290e+01 6.351300000000000182e+03
8.920814396761633702e+01 6.353650000000000546e+03
8.920984902014502893e+01 6.354825000000000728e+03
8.921155343410534044e+01 6.356000000000000000e+03
8.922043024679862810e+01 6.363500000000000000e+03
8.922486074356335450e+01 6.367250000000000000e+03
8.922707401867208432e+01 6.369125000000000000e+03
8.922818016342212388e+01 6.370062500000000000e+03
8.922928597983154475e+01 6.371000000000000000e+03
8.923039179624096562e+01 6.370062500000000000e+03
8.923149794099100518e+01 6.369125000000000000e+03
8.923371121609973500e+01 6.367250000000000000e+03
8.923814171286446140e+01 6.363500000000000000e+03
8.924701852555774906e+01 6.356000000000000000e+03
8.924872293951806057e+01 6.354825000000000728e+03
8.925042799204676669e+01 6.353650000000000546e+03
8.925384001425163660e+01 6.351300000000000182e+03
8.926067173736242921e+01 6.346600000000000364e+03
8.926395664927396467e+01 6.344647687276229590e+03
8.926724192854430839e+01 6.342696036002298570e+03
8.927381359027201313e+01 6.338794716459812662e+03
8.928038672464803938e+01 6.334896038686511019e+03
8.928696133381606614e+01 6.331000000000000000e+03
8.929315217034336172e+01 6.327334596315524323e+03
8.930006292227518827e+01 6.323246641096669919e+03
8.930697539053127798e+01 6.319161558655203407e+03
8.932080548657449981e+01 6.311000000000000000e+03
8.933780141345542347e+01 6.300991482874092981e+03
8.935480830062304847e+01 6.291000000000000000e+03
8.936976789783645359e+01 6.282230723220483014e+03
8.938473662045913670e+01 6.273474316488087425e+03
8.939971449591061514e+01 6.264730751490902549e+03
8.941470155166126688e+01 6.256000000000000000e+03
8.943193636845359151e+01 6.245982315499501055e+03
8.944918433031519100e+01 6.235981114146495202e+03
8.947509857083805684e+01 6.221000000000000000e+03
8.950553263197895149e+01 6.203475292094711222e+03
8.953601104896736729e+01 6.186000000000000000e+03
8.956670681257989486e+01 6.168475816192898492e+03
8.959745111928549477e+01 6.151000000000000000e+03
8.960271143703106134e+01 6.148168268311272186e+03
8.960798353520441140e+01 6.145334118958759063e+03
8.961856321667843872e+01 6.139658554866933628e+03
8.962919045595069178e+01 6.133973282880642728e+03
8.963986554653064331e+01 6.128278278070941269e+03
8.966079654050351166e+01 6.117157741448922025e+03
8.967133122921335087e+01 6.111583532987353465e+03
8.968191241528822388e+01 6.106000000000000000e+03
8.970349663806243257e+01 6.094657484409988683e+03
8.971436153326277463e+01 6.088971767949280547e+03
8.972527534767067436e+01 6.083276379584152892e+03
8.974667171154504786e+01 6.072156670230864620e+03
8.976825702801409079e+01 6.061000000000000000e+03
8.979192860821919453e+01 6.048834999067952594e+03
8.981259315792937059e+01 6.038274581129143371e+03
8.984249436848404002e+01 6.023090516904660944e+03
8.985653428635808382e+01 6.016000000000000000e+03
8.987525114012706240e+01 6.006585953588864868e+03
8.989410774772049706e+01 5.997145694263439509e+03
8.992031551232082620e+01 5.984097967492593853e+03
8.994679503073413684e+01 5.971000000000000000e+03
8.996179122718488941e+01 5.963885586377381514e+03
8.997701829566713627e+01 5.956711063565764562e+03
9.000216157427377084e+01 5.944971253664713913e+03
9.002794318638831328e+01 5.933068701681323546e+03
9.004108025770105428e+01 5.927055336232162517e+03
9.005438523599148937e+01 5.921000000000000000e+03
9.008695368869837239e+01 5.906322774931001732e+03
9.012054376713135184e+01 5.891395956763047252e+03
9.014363274336203347e+01 5.881256383119759448e+03
9.016721315501405343e+01 5.871000000000000000e+03
9.020023303719355567e+01 5.856801948922146948e+03
9.022796070989451778e+01 5.845023708057446129e+03
9.023096308872938209e+01 5.843756106197040936e+03
9.024104744003678036e+01 5.839509453895870138e+03
9.024153383520366845e+01 5.839305051769019883e+03
9.024202043234797088e+01 5.839100603783760562e+03
9.024299423301667389e+01 5.838691570176271853e+03
9.024494426302716477e+01 5.837872951980803009e+03
9.024885406302712454e+01 5.836233508201259610e+03
9.024979041088009524e+01 5.835841254024722730e+03
9.025072750410251388e+01 5.835448831251936099e+03
9.025260392982551139e+01 5.834663479482633193e+03
9.025636576072281514e+01 5.833090747999037376e+03
9.028547040063870099e+01 5.821000000000000000e+03
9.030655684623995683e+01 5.812324404815953130e+03
9.034122844784226913e+01 5.798209559798375267e+03
9.035543959857487550e+01 5.792477131407868910e+03
9.037690030585079626e+01 5.783877590861345197e+03
9.038785240731945692e+01 5.779515157886744419e+03
9.038978997054384479e+01 5.778745214811430742e+03
9.040935749953219158e+01 5.771000000000000000e+03
9.041888152742345142e+01 5.767247208179240261e+03
9.043567446581867841e+01 5.760647581597568205e+03
9.045425108867337372e+01 5.753372645957148961e+03
9.049889125775109733e+01 5.736000000000000000e+03
9.050334078559484396e+01 5.734276765325053020e+03
9.050764119362580118e+01 5.732612718651146679e+03
9.051194724990786256e+01 5.730947898682818050e+03
9.055076063155777888e+01 5.716005170388375518e+03
9.059003522581022594e+01 5.701000000000000000e+03
9.062930982006267300e+01 5.716005170388375518e+03
9.066812320171260353e+01 5.730947898682818050e+03
9.067242925799466491e+01 5.732612718651146679e+03
9.067672966602563633e+01 5.734276765325053020e+03
9.068117919386936876e+01 5.736000000000000000e+03
9.072581936294707816e+01 5.753372645957148961e+03
9.074439598580178767e+01 5.760647581597568205e+03
9.076118892419700046e+01 5.767247208179240261e+03
9.077071295208827451e+01 5.771000000000000000e+03
9.079028048107662130e+01 5.778745214811430742e+03
9.079221804430099496e+01 5.779515157886744419e+03
9.080317014576965562e+01 5.783877590861345197e+03
9.082463085304559058e+01 5.792477131407868910e+03
9.083884200377818274e+01 5.798209559798375267e+03
9.087351360538050926e+01 5.812324404815953130e+03
9.089460005098176509e+01 5.821000000000000000e+03
9.092370469089765095e+01 5.833090747999037376e+03
9.092746652179495470e+01 5.834663479482633193e+03
9.092934294751795221e+01 5.835448831251936099e+03
9.093028004074037085e+01 5.835841254024722730e+03
9.093121638859335576e+01 5.836233508201259610e+03
9.093512618859330132e+01 5.837872951980803009e+03
9.093707621860379220e+01 5.838691570176271853e+03
9.093805001927250942e+01 5.839100603783760562e+03
9.093853661641679764e+01 5.839305051769019883e+03
9.093902301158368573e+01 5.839509453895870138e+03
9.094910736289108399e+01 5.843756106197040936e+03
9.095210974172594831e+01 5.845023708057446129e+03
9.097983741442689620e+01 5.856801948922146948e+03
9.101285729660641266e+01 5.871000000000000000e+03
9.103643770825843262e+01 5.881256383119759448e+03
9.105952668448911425e+01 5.891395956763047252e+03
9.109311676292209370e+01 5.906322774931001732e+03
9.112568521562897672e+01 5.921000000000000000e+03
9.113899019391941181e+01 5.927055336232162517e+03
9.115212726523213860e+01 5.933068701681323546e+03
9.117790887734668104e+01 5.944971253664713913e+03
9.120305215595332982e+01 5.956711063565764562e+03
9.121827922443557668e+01 5.963885586377381514e+03
9.123327542088632924e+01 5.971000000000000000e+03
9.125975493929963989e+01 5.984097967492593853e+03
9.128596270389996903e+01 5.997145694263439509e+03
9.130481931149338948e+01 6.006585953588864868e+03
9.132353616526238227e+01 6.016000000000000000e+03
9.133757608313642606e+01 6.023090516904660944e+03
9.136747729369108129e+01 6.038274581129143371e+03
9.138814184340127156e+01 6.048834999067952594e+03
9.141181342360636108e+01 6.061000000000000000e+03
9.143339874007541823e+01 6.072156670230864620e+03
9.145479510394977751e+01 6.083276379584152892e+03
9.146570891835769146e+01 6.088971767949280547e+03
9.147657381355803352e+01 6.094657484409988683e+03
9.149815803633222799e+01 6.106000000000000000e+03
9.150873922240711522e+01 6.111583532987353465e+03
9.151927391111695442e+01 6.117157741448922025e+03
9.154020490508982277e+01 6.128278278070941269e+03
9.155087999566977430e+01 6.133973282880642728e+03
9.156150723494202737e+01 6.139658554866933628e+03
9.157208691641605469e+01 6.145334118958759063e+03
9.157735901458940475e+01 6.148168268311272186e+03
9.158261933233497132e+01 6.151000000000000000e+03
9.161336363904057123e+01 6.168475816192898492e+03
9.164405940265309880e+01 6.186000000000000000e+03
9.167453781964152881e+01 6.203475292094711222e+03
9.170497188078240924e+01 6.221000000000000000e+03
9.173088612130527508e+01 6.235981114146495202e+03
9.174813408316687457e+01 6.245982315499501055e+03
9.176536889995919921e+01 6.256000000000000000e+03
9.178035595570983673e+01 6.264730751490902549e+03
9.179533383116132939e+01 6.273474316488087425e+03
9.181030255378402671e+01 6.282230723220483014e+03
9.182526215099741762e+01 6.291000000000000000e+03
9.184226903816504262e+01 6.300991482874092981e+03
9.185926496504596628e+01 6.311000000000000000e+03
9.187309506108917390e+01 6.319161558655203407e+03
9.188000752934527782e+01 6.323246641096669919e+03
9.188691828127710437e+01 6.327334596315524323e+03
9.189310911780439994e+01 6.331000000000000000e+03
9.189968372697242671e+01 6.334896038686511019e+03
9.190625686134845296e+01 6.338794716459812662e+03
9.191282852307615769e+01 6.342696036002298570e+03
9.191611380234650142e+01 6.344647687276229590e+03
9.191939871425802266e+01 6.346600000000000364e+03
9.192623043736882948e+01 6.351300000000000182e+03
9.192964245957369940e+01 6.353650000000000546e+03
9.193134751210240552e+01 6.354825000000000728e+03
9.193305192606271703e+01 6.356000000000000000e+03
9.194192873875599048e+01 6.363500000000000000e+03
9.194635923552073109e+01 6.367250000000000000e+03
9.194857251062946091e+01 6.369125000000000000e+03
9.194967865537950047e+01 6.370062500000000000e+03
9.195078447178892134e+01 6.371000000000000000e+03
9.195189028819834220e+01 6.370062500000000000e+03
9.195299643294838177e+01 6.369125000000000000e+03
9.195520970805711158e+01 6.367250000000000000e+03
9.195964020482183798e+01 6.363500000000000000e+03
9.196851701751512564e+01 6.356000000000000000e+03
9.197022143147543716e+01 6.354825000000000728e+03
9.197192648400414328e+01 6.353650000000000546e+03
9.197533850620899898e+01 6.351300000000000182e+03
9.198217022931982001e+01 6.346600000000000364e+03
9.198545514123134126e+01 6.344647687276229590e+03
9.198874042050168498e+01 6.342696036002298570e+03
9.199531208222938972e+01 6.338794716459812662e+03
9.200188521660541596e+01 6.334896038686511019e+03
9.200845982577344273e+01 6.331000000000000000e+03
9.201465066230073830e+01 6.327334596315524323e+03
9.202156141423256486e+01 6.323246641096669919e+03
9.202847388248866878e+01 6.319161558655203407e+03
9.204230397853186219e+01 6.311000000000000000e+03
9.205929990541278585e+01 6.300991482874092981e+03
9.207630679258042505e+01 6.291000000000000000e+03
9.209126638979381596e+01 6.282230723220483014e+03
9.210623511241651329e+01 6.273474316488087425e+03
9.212121298786800594e+01 6.264730751490902549e+03
9.213620004361864346e+01 6.256000000000000000e+03
9.215343486041096810e+01 6.245982315499501055e+03
9.217068282227256759e+01 6.235981114146495202e+03
9.219659706279543343e+01 6.221000000000000000e+03
9.222703112393631386e+01 6.203475292094711222e+03
9.225750954092474387e+01 6.186000000000000000e+03
9.228820530453727145e+01 6.168475816192898492e+03
9.231894961124285715e+01 6.151000000000000000e+03
9.232420992898843792e+01 6.148168268311272186e+03
9.232948202716178798e+01 6.145334118958759063e+03
9.234006170863581531e+01 6.139658554866933628e+03
9.235068894790806837e+01 6.133973282880642728e+03
9.236136403848801990e+01 6.128278278070941269e+03
9.238229503246088825e+01 6.117157741448922025e+03
9.239282972117072745e+01 6.111583532987353465e+03
9.240341090724561468e+01 6.106000000000000000e+03
9.242499513001980915e+01 6.094657484409988683e+03
9.243586002522015121e+01 6.088971767949280547e+03
9.244677383962806516e+01 6.083276379584152892e+03
9.246817020350242444e+01 6.072156670230864620e+03
9.248975551997148159e+01 6.061000000000000000e+03
9.251342710017655691e+01 6.048834999067952594e+03
9.253409164988676139e+01 6.038274581129143371e+03
9.256399286044141661e+01 6.023090516904660944e+03
9.257803277831546040e+01 6.016000000000000000e+03
9.259674963208445320e+01 6.006585953588864868e+03
9.261560623967787365e+01 5.997145694263439509e+03
9.264181400427820279e+01 5.984097967492593853e+03
9.266829352269149922e+01 5.971000000000000000e+03
9.268328971914226599e+01 5.963885586377381514e+03
9.269851678762451286e+01 5.956711063565764562e+03
9.272366006623116164e+01 5.944971253664713913e+03
9.274944167834570408e+01 5.933068701681323546e+03
9.276257874965843087e+01 5.927055336232162517e+03
9.277588372794886595e+01 5.921000000000000000e+03
9.280845218065574898e+01 5.906322774931001732e+03
9.284204225908872843e+01 5.891395956763047252e+03
9.286513123531941005e+01 5.881256383119759448e+03
9.288871164697143001e+01 5.871000000000000000e+03
9.292173152915094647e+01 5.856801948922146948e+03
9.294945920185189436e+01 5.845023708057446129e+03
9.295246158068675868e+01 5.843756106197040936e+03
9.296254593199415694e+01 5.839509453895870138e+03
9.296303232716104503e+01 5.839305051769019883e+03
9.296351892430533326e+01 5.839100603783760562e+03
9.296449272497405047e+01 5.838691570176271853e+03
9.296644275498454135e+01 5.837872951980803009e+03
9.297035255498448691e+01 5.836233508201259610e+03
9.297128890283747182e+01 5.835841254024722730e+03
9.297222599605989046e+01 5.835448831251936099e+03
9.297410242178288797e+01 5.834663479482633193e+03
9.297786425268019173e+01 5.833090747999037376e+03
9.300696889259606337e+01 5.821000000000000000e+03
9.302805533819733341e+01 5.812324404815953130e+03
9.306272693979964572e+01 5.798209559798375267e+03
9.307693809053225209e+01 5.792477131407868910e+03
9.309839879780818706e+01 5.783877590861345197e+03
9.310935089927684771e+01 5.779515157886744419e+03
9.311128846250122137e+01 5.778745214811430742e+03
9.313085599148956817e+01 5.771000000000000000e+03
9.314038001938084221e+01 5.767247208179240261e+03
9.315717295777605500e+01 5.760647581597568205e+03
9.317574958063075030e+01 5.753372645957148961e+03
9.322038974970847391e+01 5.736000000000000000e+03
9.322483927755220634e+01 5.734276765325053020e+03
9.322913968558317777e+01 5.732612718651146679e+03
9.323344574186523914e+01 5.730947898682818050e+03
9.327225912351516968e+01 5.716005170388375518e+03
9.331153371776761674e+01 5.701000000000000000e+03
9.332480550444012124e+01 5.696299767616116696e+03
9.333819508820087663e+01 5.691577756961269188e+03
9.336533328819507460e+01 5.682067792569701851e+03
9.341125188124121337e+01 5.666158182732464411e+03
9.342220903107437380e+01 5.662394951670154114e+03
9.342300248425920017e+01 5.662122929592526816e+03
9.342379633810422490e+01 5.661850836085401170e+03
9.342538524886032292e+01 5.661306434670083945e+03
9.342856789027776188e+01 5.660216773446381922e+03
9.342876591314481516e+01 5.660149010020322748e+03
9.343061165688715164e+01 5.659517593057181330e+03
9.343245956338952851e+01 5.658885791585033076e+03
9.343616187827784358e+01 5.657621033707950119e+03
9.344359261157427454e+01 5.655086888358275246e+03
9.345855926591320895e+01 5.650000000000000000e+03
9.352024855509255019e+01 5.629272204888298802e+03
9.356418936478507931e+01 5.614737222997924619e+03
9.360932312366827546e+01 5.600000000000000000e+03
9.362302765650190395e+01 5.595559138360928046e+03
9.363677625179630581e+01 5.591113821732636097e+03
9.366440641885230889e+01 5.582209796666496004e+03
9.372020426202777799e+01 5.564347990646462677e+03
9.377061062832910920e+01 5.548347817202922670e+03
9.379603405775702640e+01 5.540326122140537336e+03
9.382160590689747437e+01 5.532289969591510271e+03
9.387319970678569803e+01 5.516174135411034513e+03
9.389922415657628108e+01 5.508094375114532340e+03
9.392540196435655275e+01 5.500000000000000000e+03
9.398309860520112125e+01 5.482274596889916211e+03
9.401222144661053903e+01 5.473386772410306548e+03
9.404152946569317351e+01 5.464482135951820965e+03
9.409464729878908429e+01 5.448443906490607333e+03
9.412143535923928539e+01 5.440404303246951713e+03
9.414837782055201387e+01 5.432350994423984048e+03
9.420273093832673794e+01 5.416203119612529008e+03
9.423014416940094407e+01 5.408108483110237103e+03
9.425771689111894602e+01 5.400000000000000000e+03
9.431815502245032690e+01 5.382341283162184482e+03
9.437934928266996337e+01 5.364619688891984879e+03
9.449196566131396935e+01 5.332414195103907332e+03
9.449792114745022786e+01 5.330725577178969615e+03
9.460718014146723931e+01 5.300000000000000000e+03
9.472055959592329089e+01 5.268613070347176290e+03
9.483645261342913102e+01 5.237037856906376874e+03
9.497479282722457583e+01 5.200000000000000000e+03
9.504631262214216747e+01 5.181123188790137647e+03
9.511877216389444811e+01 5.162181835061464881e+03
9.519218906760127652e+01 5.143175607226947250e+03
9.526658138651808372e+01 5.124104171424285596e+03
9.526881393670095122e+01 5.123534711241189143e+03
9.527104737038288818e+01 5.122965192817484422e+03
9.527551689022061510e+01 5.121825981212500665e+03
9.527998995001945559e+01 5.120686536537831671e+03
9.528446655376316698e+01 5.119546858721945682e+03
9.529020791706466298e+01 5.118086171107819609e+03
9.529595511414267150e+01 5.116625100430052953e+03
9.530170815342117407e+01 5.115163646537939712e+03
9.530746704334023889e+01 5.113701809280693851e+03
9.531897717539185066e+01 5.110783377244053554e+03
9.533051070892773282e+01 5.107863416640710057e+03
9.534606256499574783e+01 5.103933093874856240e+03
9.536165705494678946e+01 5.100000000000000000e+03
9.536254890635187564e+01 5.099775307355141194e+03
9.537109839589986393e+01 5.097622666933323671e+03
9.538135019947759474e+01 5.095044541692768689e+03
9.539162014471554585e+01 5.092465273752032772e+03
9.541221464232040717e+01 5.087303306729801989e+03
9.543281775248381393e+01 5.082152863521321706e+03
9.545349389187883560e+01 5.076997862837097273e+03
9.547417949351429911e+01 5.071854175867099912e+03
9.549493841090938417e+01 5.066705947393367751e+03
9.549719156829624467e+01 5.066147985041328866e+03
9.549944559083641593e+01 5.065589969318183648e+03
9.550395623326053851e+01 5.064473777727936067e+03
9.550847034198162078e+01 5.063357372561343254e+03
9.551298792079538202e+01 5.062240753757101629e+03
9.552203350383440750e+01 5.060006874990323922e+03
9.553109301293085309e+01 5.057772140936690448e+03
9.554925393102203657e+01 5.053300105003316276e+03
9.556747092127311305e+01 5.048824642022135777e+03
9.560421031598818331e+01 5.039830148983069193e+03
9.564117867921970628e+01 5.030821798014501837e+03
9.570474082653646519e+01 5.015431166328467953e+03
9.573677692719365950e+01 5.007720659996419272e+03
9.576898477057309833e+01 5.000000000000000000e+03
9.583466780644903338e+01 4.984350466656896970e+03
9.590105950132644352e+01 4.968660727985812628e+03
9.603601280154057918e+01 4.937160013312628507e+03
9.611654340683142550e+01 4.918608118927849318e+03
9.619811437399327758e+01 4.900000000000000000e+03
9.636616906545600614e+01 4.862230287249800313e+03
9.653865550535346074e+01 4.824236259859541860e+03
9.655253730931367784e+01 4.821211725570394265e+03
9.656644817047174456e+01 4.818185765245956645e+03
9.659435741316082158e+01 4.812129562455151245e+03
9.665052844601029847e+01 4.800000000000000000e+03
9.666620816584466525e+01 4.796628177874657922e+03
9.668192418350704997e+01 4.793254645241781873e+03
9.675237851385065824e+01 4.778205745655412102e+03
9.678788009402140347e+01 4.770668521131959096e+03
9.682356643881698233e+01 4.763122760832113272e+03
9.690563101359366271e+01 4.745886131456858493e+03
9.698868009105248689e+01 4.728604880064525787e+03
9.711587817687126289e+01 4.702447642573829398e+03
9.712187341769705995e+01 4.701223933096043766e+03
9.712787376618437918e+01 4.700000000000000000e+03
9.727098596261313901e+01 4.671047855811226327e+03
9.741700121245912669e+01 4.641974078156351425e+03
9.751584366687193040e+01 4.622554150333280631e+03
9.763198102230904851e+01 4.600000000000000000e+03
9.772553261138907033e+01 4.582035357707135518e+03
9.773887552478603880e+01 4.579487693472211504e+03
9.775224215628831814e+01 4.576939121644680199e+03
9.777904681798823106e+01 4.571839253271146845e+03
9.783294346181136802e+01 4.561628604046322835e+03
9.794190001750769170e+01 4.541163546563089767e+03
9.795103137807592475e+01 4.539459058171074503e+03
9.796017367203074855e+01 4.537754164709254837e+03
9.806185457217019064e+01 4.518901882588699664e+03
9.816489691103205928e+01 4.500000000000000000e+03
9.817981024252512157e+01 4.497281034716017530e+03
9.819475208460741555e+01 4.494561065026764481e+03
9.831532806702577432e+01 4.472764117764656476e+03
9.843777550505717500e+01 4.450902561122331463e+03
9.868845616585309699e+01 4.406984467210255389e+03
9.872891249653110890e+01 4.400000000000000000e+03
9.881185318683685637e+01 4.385768783619147143e+03
9.889564111932006085e+01 4.371510725873732554e+03
9.910834711189318114e+01 4.335839642122849909e+03
9.932660583432162582e+01 4.300000000000000000e+03
9.962284982939972622e+01 4.252544907707078892e+03
9.976067811528893969e+01 4.230918457524750920e+03
9.986021222773075579e+01 4.215474635658658372e+03
9.996088580771936449e+01 4.200000000000000000e+03
1.001661435867197554e+02 4.168895314184890594e+03
1.003762039357774540e+02 4.137666949604132242e+03
1.003855016244279597e+02 4.136298565928655080e+03
1.005094268544976899e+02 4.118170185945573394e+03
1.006350523515411908e+02 4.100000000000000000e+03
1.008918150290817266e+02 4.063495247384585582e+03
1.011558145836442151e+02 4.026822041401353090e+03
1.012046964221060392e+02 4.020124987488006354e+03
1.012538303572032703e+02 4.013422300691796409e+03
1.013528622735095155e+02 4.000000000000000000e+03
1.013889054969018844e+02 3.995143612901741562e+03
1.014250842551934682e+02 3.990284269093446710e+03
1.015611143884589183e+02 3.972149362520172872e+03
1.016990775480379625e+02 3.953973216789043363e+03
1.017165777829369375e+02 3.951683009119788494e+03
1.017341093646304131e+02 3.949392145892666576e+03
1.017692669033931026e+02 3.944808451638598854e+03
1.018554547778641108e+02 3.933629798901071808e+03
1.019424028587264530e+02 3.922435527900394845e+03
1.020301212197272207e+02 3.911225605882083528e+03
1.021186201193662271e+02 3.900000000000000000e+03
1.022978443894142515e+02 3.877521237213616132e+03
1.024803168101322797e+02 3.854979169015443404e+03
1.028553648480812228e+02 3.809704043666336020e+03
1.028962406148453681e+02 3.804853485772945078e+03
1.029372782052556090e+02 3.800000000000000000e+03
1.030698802026991245e+02 3.784427856473555948e+03
1.032041902583779915e+02 3.768825250797792251e+03
1.034780686005801584e+02 3.737528294758099491e+03
1.038145811763109094e+02 3.700000000000000000e+03
1.041061561797857564e+02 3.668280721280808848e+03
1.042851600613534515e+02 3.649163394452884859e+03
1.044671286380877575e+02 3.630000000000000000e+03
1.046112761295063081e+02 3.614999772910571210e+03
1.046838801812796760e+02 3.607499829684217730e+03
1.047568414927538214e+02 3.600000000000000000e+03
1.049850769443740148e+02 3.576775986262010065e+03
1.051005149640634215e+02 3.565164474887929828e+03
1.052168478114346044e+02 3.553553293824999400e+03
1.054886188522795010e+02 3.526775768576072096e+03
1.057653513102721092e+02 3.500000000000000000e+03
1.058487711839414658e+02 3.492023793463924903e+03
1.059753917018543774e+02 3.480000000000000000e+03
1.061020122197672890e+02 3.492023793463924903e+03
1.061854320934366456e+02 3.500000000000000000e+03
1.064621645514292680e+02 3.526775768576072096e+03
1.067339355922741504e+02 3.553553293824999400e+03
1.068502684396453333e+02 3.565164474887929828e+03
1.069657064593347400e+02 3.576775986262010065e+03
1.071939419109549476e+02 3.600000000000000000e+03
1.072669032224290788e+02 3.607499829684217730e+03
1.073395072742024468e+02 3.614999772910571210e+03
1.074836547656209973e+02 3.630000000000000000e+03
1.076656233423553033e+02 3.649163394452884859e+03
1.078446272239230126e+02 3.668280721280808848e+03
1.081362022273978596e+02 3.700000000000000000e+03
1.084727148031285964e+02 3.737528294758099491e+03
1.087465931453307633e+02 3.768825250797792251e+03
1.088809032010096303e+02 3.784427856473555948e+03
1.090135051984531458e+02 3.800000000000000000e+03
1.090545427888633867e+02 3.804853485772945078e+03
1.090954185556275320e+02 3.809704043666336020e+03
1.094704665935764893e+02 3.854979169015443404e+03
1.096529390142945033e+02 3.877521237213616132e+03
1.098321632843425277e+02 3.900000000000000000e+03
1.099206621839815341e+02 3.911225605882083528e+03
1.100083805449823160e+02 3.922435527900394845e+03
1.100953286258446440e+02 3.933629798901071808e+03
1.101815165003156665e+02 3.944808451638598854e+03
1.102166740390783559e+02 3.949392145892666576e+03
1.102342056207718173e+02 3.951683009119788494e+03
1.102517058556707923e+02 3.953973216789043363e+03
1.103896690152498365e+02 3.972149362520172872e+03
1.105256991485152867e+02 3.990284269093446710e+03
1.105618779068068704e+02 3.995143612901741562e+03
1.105979211301992393e+02 4.000000000000000000e+03
1.106969530465054845e+02 4.013422300691796409e+03
1.107460869816027298e+02 4.020124987488006354e+03
1.107949688200645397e+02 4.026822041401353090e+03
1.110589683746270282e+02 4.063495247384585582e+03
1.113157310521675640e+02 4.100000000000000000e+03
1.114413565492110649e+02 4.118170185945573394e+03
1.115652817792807951e+02 4.136298565928655080e+03
1.115745794679313008e+02 4.137666949604132242e+03
1.117846398169889994e+02 4.168895314184890594e+03
1.119898975959893903e+02 4.200000000000000000e+03
1.120905711759779990e+02 4.215474635658658372e+03
1.121901052884198151e+02 4.230918457524750920e+03
1.123279335743090286e+02 4.252544907707078892e+03
1.126241775693871290e+02 4.300000000000000000e+03
1.128424362918155737e+02 4.335839642122849909e+03
1.130551422843886940e+02 4.371510725873732554e+03
1.131389302168718984e+02 4.385768783619147143e+03
1.132218709071776459e+02 4.400000000000000000e+03
1.132623272378556578e+02 4.406984467210255389e+03
1.135130078986515798e+02 4.450902561122331463e+03
1.136354553366829805e+02 4.472764117764656476e+03
1.137560313191013535e+02 4.494561065026764481e+03
1.137709731611836332e+02 4.497281034716017530e+03
1.137858864926766955e+02 4.500000000000000000e+03
1.138889288315385642e+02 4.518901882588699664e+03
1.139906097316780063e+02 4.537754164709254837e+03
1.139997520256328301e+02 4.539459058171074503e+03
1.140088833862010631e+02 4.541163546563089767e+03
1.141178399418974010e+02 4.561628604046322835e+03
1.141717365857205237e+02 4.571839253271146845e+03
1.141985412474204367e+02 4.576939121644680199e+03
1.142119078789227160e+02 4.579487693472211504e+03
1.142252507923196845e+02 4.582035357707135518e+03
1.143188023813997063e+02 4.600000000000000000e+03
1.144349397368368244e+02 4.622554150333280631e+03
1.145337821912496281e+02 4.641974078156351425e+03
1.146797974410956300e+02 4.671047855811226327e+03
1.148229096375243756e+02 4.700000000000000000e+03
1.148289099860116949e+02 4.701223933096043766e+03
1.148349052268374919e+02 4.702447642573829398e+03
1.149621033126562679e+02 4.728604880064525787e+03
1.150451523901151063e+02 4.745886131456858493e+03
1.151272169648917725e+02 4.763122760832113272e+03
1.151629033096873513e+02 4.770668521131959096e+03
1.151984048898580966e+02 4.778205745655412102e+03
1.152688592202017048e+02 4.793254645241781873e+03
1.152845752378640896e+02 4.796628177874657922e+03
1.153002549576984563e+02 4.800000000000000000e+03
1.153564259905479332e+02 4.812129562455151245e+03
1.153843352332370102e+02 4.818185765245956645e+03
1.153982460943950770e+02 4.821211725570394265e+03
1.154121278983552941e+02 4.824236259859541860e+03
1.155846143382527487e+02 4.862230287249800313e+03
1.157526690297154914e+02 4.900000000000000000e+03
1.158342399968773435e+02 4.918608118927849318e+03
1.159147706021681756e+02 4.937160013312628507e+03
1.160497239023823113e+02 4.968660727985812628e+03
1.161161155972597214e+02 4.984350466656896970e+03
1.161817986331356565e+02 5.000000000000000000e+03
1.162140064765151095e+02 5.007720659996419272e+03
1.162460425771722896e+02 5.015431166328467953e+03
1.163096047244890485e+02 5.030821798014501837e+03
1.163465730877205715e+02 5.039830148983069193e+03
1.163833124824356560e+02 5.048824642022135777e+03
1.164015294726867182e+02 5.053300105003316276e+03
1.164196903907779159e+02 5.057772140936690448e+03
1.164287498998743615e+02 5.060006874990323922e+03
1.164377954829133728e+02 5.062240753757101629e+03
1.164423130617271340e+02 5.063357372561343254e+03
1.164468271704482163e+02 5.064473777727936067e+03
1.164513378128723389e+02 5.065589969318183648e+03
1.164535918354125101e+02 5.066147985041328866e+03
1.164558449927993706e+02 5.066705947393367751e+03
1.164766039101944557e+02 5.071854175867099912e+03
1.164972895118299334e+02 5.076997862837097273e+03
1.165179656512249409e+02 5.082152863521321706e+03
1.165385687613883476e+02 5.087303306729801989e+03
1.165591632589932232e+02 5.092465273752032772e+03
1.165694332042311601e+02 5.095044541692768689e+03
1.165796850078088909e+02 5.097622666933323671e+03
1.165882344973568934e+02 5.099775307355141194e+03
1.165891263487619653e+02 5.100000000000000000e+03
1.166047208387130070e+02 5.103933093874856240e+03
1.166202726947810362e+02 5.107863416640710057e+03
1.166318062283169041e+02 5.110783377244053554e+03
1.166433163603685159e+02 5.113701809280693851e+03
1.166490752502875807e+02 5.115163646537939712e+03
1.166548282895660833e+02 5.116625100430052953e+03
1.166605754866440918e+02 5.118086171107819609e+03
1.166663168499455878e+02 5.119546858721945682e+03
1.166707934536892992e+02 5.120686536537831671e+03
1.166752665134881397e+02 5.121825981212500665e+03
1.166797360333258666e+02 5.122965192817484422e+03
1.166819694670078036e+02 5.123534711241189143e+03
1.166842020171906711e+02 5.124104171424285596e+03
1.167585943361074783e+02 5.143175607226947250e+03
1.168320112398143067e+02 5.162181835061464881e+03
1.169044707815665873e+02 5.181123188790137647e+03
1.169759905764841790e+02 5.200000000000000000e+03
1.171143307902796238e+02 5.237037856906376874e+03
1.172302238077854639e+02 5.268613070347176290e+03
1.173436032622415155e+02 5.300000000000000000e+03
1.174528622562585554e+02 5.330725577178969615e+03
1.174588177423947855e+02 5.332414195103907332e+03
1.175714341210388056e+02 5.364619688891984879e+03
1.176326283812584279e+02 5.382341283162184482e+03
1.176930665125898088e+02 5.400000000000000000e+03
1.177206392343078392e+02 5.408108483110237103e+03
1.177480524653820453e+02 5.416203119612529008e+03
1.178024055831567694e+02 5.432350994423984048e+03
1.178293480444694836e+02 5.440404303246951713e+03
1.178561361049196847e+02 5.448443906490607333e+03
1.179092539380155813e+02 5.464482135951820965e+03
1.179385619570982300e+02 5.473386772410306548e+03
1.179676847985076336e+02 5.482274596889916211e+03
1.180253814393522305e+02 5.500000000000000000e+03
1.180515592471325022e+02 5.508094375114532340e+03
1.180775836969230852e+02 5.516174135411034513e+03
1.181291774968113089e+02 5.532289969591510271e+03
1.181547493459517568e+02 5.540326122140537336e+03
1.181801727753796740e+02 5.548347817202922670e+03
1.182305791416810052e+02 5.564347990646462677e+03
1.182863769848564601e+02 5.582209796666496004e+03
1.183140071519124774e+02 5.591113821732636097e+03
1.183277557472068793e+02 5.595559138360928046e+03
1.183414602800404936e+02 5.600000000000000000e+03
1.183865940389237039e+02 5.614737222997924619e+03
1.184305348486162188e+02 5.629272204888298802e+03
1.184922241377955743e+02 5.650000000000000000e+03
1.185071907921345087e+02 5.655086888358275246e+03
1.185146215254309396e+02 5.657621033707950119e+03
1.185183238403192547e+02 5.658885791585033076e+03
1.185201717468216316e+02 5.659517593057181330e+03
1.185220174905639681e+02 5.660149010020322748e+03
1.185222155134310071e+02 5.660216773446381922e+03
1.185253981548484603e+02 5.661306434670083945e+03
1.185269870656045441e+02 5.661850836085401170e+03
1.185277809194495831e+02 5.662122929592526816e+03
1.185285743726344094e+02 5.662394951670154114e+03
1.185395315224675699e+02 5.666158182732464411e+03
1.185854501155137086e+02 5.682067792569701851e+03
1.186125883155078924e+02 5.691577756961269188e+03
1.186259778992686620e+02 5.696299767616116696e+03
1.186392496859411665e+02 5.701000000000000000e+03
1.186785242801936135e+02 5.716005170388375518e+03
1.187173376618435441e+02 5.730947898682818050e+03
1.187216437181256055e+02 5.732612718651146679e+03
1.187259441261565627e+02 5.734276765325053020e+03
1.187303936540003093e+02 5.736000000000000000e+03
1.187750338230780187e+02 5.753372645957148961e+03
1.187936104459327140e+02 5.760647581597568205e+03
1.188104033843279410e+02 5.767247208179240261e+03
1.188199274122191866e+02 5.771000000000000000e+03
1.188394949412075619e+02 5.778745214811430742e+03
1.188414325044319355e+02 5.779515157886744419e+03
1.188523846059005962e+02 5.783877590861345197e+03
1.188738453131765027e+02 5.792477131407868910e+03
1.188880564639091233e+02 5.798209559798375267e+03
1.189227280655114356e+02 5.812324404815953130e+03
1.189438145111126914e+02 5.821000000000000000e+03
1.189729191510285773e+02 5.833090747999037376e+03
1.189766809819258810e+02 5.834663479482633193e+03
1.189785574076488786e+02 5.835448831251936099e+03
1.189794945008712972e+02 5.835841254024722730e+03
1.189804308487242679e+02 5.836233508201259610e+03
1.189843406487242419e+02 5.837872951980803009e+03
1.189862906787347185e+02 5.838691570176271853e+03
1.189872644794034215e+02 5.839100603783760562e+03
1.189877510765477098e+02 5.839305051769019883e+03
1.189882374717145979e+02 5.839509453895870138e+03
1.189983218230219961e+02 5.843756106197040936e+03
1.190013242018568462e+02 5.845023708057446129e+03
1.190290518745578083e+02 5.856801948922146948e+03
1.190620717567373106e+02 5.871000000000000000e+03
1.190856521683893448e+02 5.881256383119759448e+03
1.191087411446200122e+02 5.891395956763047252e+03
1.191423312230530058e+02 5.906322774931001732e+03
1.191748996757598889e+02 5.921000000000000000e+03
1.191882046540503239e+02 5.927055336232162517e+03
1.192013417253630649e+02 5.933068701681323546e+03
1.192271233374776216e+02 5.944971253664713913e+03
1.192522666160842562e+02 5.956711063565764562e+03
1.192674936845664888e+02 5.963885586377381514e+03
1.192824898810172556e+02 5.971000000000000000e+03
1.193089693994305662e+02 5.984097967492593853e+03
1.193351771640308954e+02 5.997145694263439509e+03
1.193540337716243300e+02 6.006585953588864868e+03
1.193727506253933086e+02 6.016000000000000000e+03
1.193867905432673524e+02 6.023090516904660944e+03
1.194166917538220218e+02 6.038274581129143371e+03
1.194373563035321979e+02 6.048834999067952594e+03
1.194610278837372874e+02 6.061000000000000000e+03
1.194826132002063446e+02 6.072156670230864620e+03
1.195040095640807181e+02 6.083276379584152892e+03
1.195149233784886178e+02 6.088971767949280547e+03
1.195257882736889599e+02 6.094657484409988683e+03
1.195473724964631685e+02 6.106000000000000000e+03
1.195579536825380558e+02 6.111583532987353465e+03
1.195684883712478666e+02 6.117157741448922025e+03
1.195894193652207491e+02 6.128278278070941269e+03
1.196000944558007006e+02 6.133973282880642728e+03
1.196107216950729537e+02 6.139658554866933628e+03
1.196213013765469952e+02 6.145334118958759063e+03
1.196265734747203311e+02 6.148168268311272186e+03
1.196318337924658977e+02 6.151000000000000000e+03
1.196625780991714834e+02 6.168475816192898492e+03
1.196932738627840251e+02 6.186000000000000000e+03
1.197237522797724409e+02 6.203475292094711222e+03
1.197541863409133356e+02 6.221000000000000000e+03
1.197801005814361872e+02 6.235981114146495202e+03
1.197973485432977867e+02 6.245982315499501055e+03
1.198145833600901113e+02 6.256000000000000000e+03
1.198295704158407773e+02 6.264730751490902549e+03
1.198445482912922415e+02 6.273474316488087425e+03
1.198595170139149388e+02 6.282230723220483014e+03
1.198744766111283298e+02 6.291000000000000000e+03
1.198914834982959690e+02 6.300991482874092981e+03
1.199084794251768926e+02 6.311000000000000000e+03
1.199223095212201002e+02 6.319161558655203407e+03
1.199292219894761899e+02 6.323246641096669919e+03
1.199361327414080023e+02 6.327334596315524323e+03
1.199423235779352979e+02 6.331000000000000000e+03
1.199488981871033388e+02 6.334896038686511019e+03
1.199554713214793509e+02 6.338794716459812662e+03
1.199620429832070556e+02 6.342696036002298570e+03
1.199653282624773993e+02 6.344647687276229590e+03
1.199686131743889206e+02 6.346600000000000364e+03
1.199754448974997274e+02 6.351300000000000182e+03
1.199788569197045973e+02 6.353650000000000546e+03
1.199805619722333034e+02 6.354825000000000728e+03
1.199822663861936007e+02 6.356000000000000000e+03
1.199911431988868884e+02 6.363500000000000000e+03
1.199955736956516148e+02 6.367250000000000000e+03
1.199977869707603588e+02 6.369125000000000000e+03
1.199988931155103984e+02 6.370062500000000000e+03
1.199999989319198335e+02 6.371000000000000000e+03
