6.000000000000000000e+01 5.771000000000000000e+03
6.003941735419208214e+01 5.778745214811430742e+03
6.004331812135819035e+01 5.779515157886744419e+03
6.006535944263728055e+01 5.783877590861345197e+03
6.010851115217108287e+01 5.792477131407868910e+03
6.013705811874161355e+01 5.798209559798375267e+03
6.020661294394685825e+01 5.812324404815953130e+03
6.024885085632446646e+01 5.821000000000000000e+03
6.030707133967443667e+01 5.833090747999037376e+03
6.031458984461929163e+01 5.834663479482633193e+03
6.031833955997693408e+01 5.835448831251936099e+03
6.032021203982540669e+01 5.835841254024722730e+03
6.032208293689279799e+01 5.836233508201259610e+03
6.032989401813151176e+01 5.837872951980803009e+03
6.033378922174806291e+01 5.838691570176271853e+03
6.033573424659566342e+01 5.839100603783760562e+03
6.033670611568788900e+01 5.839305051769019883e+03
6.033767755623656370e+01 5.839509453895870138e+03
6.035781261543711196e+01 5.843756106197040936e+03
6.036380527491609627e+01 5.845023708057446129e+03
6.041910386638819119e+01 5.856801948922146948e+03
6.048485168245679233e+01 5.871000000000000000e+03
6.053173456749883741e+01 5.881256383119759448e+03
6.057758470405786255e+01 5.891395956763047252e+03
6.064419028753480490e+01 5.906322774931001732e+03
6.070866054187299454e+01 5.921000000000000000e+03
6.073496738048591936e+01 5.927055336232162517e+03
6.076092479961531012e+01 5.933068701681323546e+03
6.081181631955079325e+01 5.944971253664713913e+03
6.086138425070140556e+01 5.956711063565764562e+03
6.089137286951036998e+01 5.963885586377381514e+03
6.092088456095417115e+01 5.971000000000000000e+03
6.097273175178345639e+01 5.984097967492593853e+03
6.102402042176136376e+01 5.997145694263439509e+03
6.106090665939899509e+01 6.006585953588864868e+03
6.109750615883342562e+01 6.016000000000000000e+03
6.112495152465581327e+01 6.023090516904660944e+03
6.118337788283086098e+01 6.038274581129143371e+03
6.122373633398349568e+01 6.048834999067952594e+03
6.126994793160739761e+01 6.061000000000000000e+03
6.131206848887757133e+01 6.072156670230864620e+03
6.135380322174180634e+01 6.083276379584152892e+03
6.137508464961682364e+01 6.088971767949280547e+03
6.139626630779909533e+01 6.094657484409988683e+03
6.143833289838443079e+01 6.106000000000000000e+03
6.145894884203342201e+01 6.111583532987353465e+03
6.147947010439798277e+01 6.117157741448922025e+03
6.152023098560713521e+01 6.128278278070941269e+03
6.154101341654690316e+01 6.133973282880642728e+03
6.156169855829746496e+01 6.139658554866933628e+03
6.158228704477711091e+01 6.145334118958759063e+03
6.159254524003476661e+01 6.148168268311272186e+03
6.160277950675379799e+01 6.151000000000000000e+03
6.166227797662782706e+01 6.168475816192898492e+03
6.172167402934503855e+01 6.186000000000000000e+03
6.178064126683065638e+01 6.203475292094711222e+03
6.183951460897753805e+01 6.221000000000000000e+03
6.188963828263962341e+01 6.235981114146495202e+03
6.192299637272387258e+01 6.245982315499501055e+03
6.195632653059264072e+01 6.256000000000000000e+03
6.198530776318067836e+01 6.264730751490902549e+03
6.201426939880302314e+01 6.273474316488087425e+03
6.204321149700967908e+01 6.282230723220483014e+03
6.207213411722158014e+01 6.291000000000000000e+03
6.210501273210464035e+01 6.300991482874092981e+03
6.213786784615353298e+01 6.311000000000000000e+03
6.216460134696518480e+01 6.319161558655203407e+03
6.217796254672410328e+01 6.323246641096669919e+03
6.219132005363162108e+01 6.327334596315524323e+03
6.220328574733603233e+01 6.331000000000000000e+03
6.221599287252734456e+01 6.334896038686511019e+03
6.222869681292775113e+01 6.338794716459812662e+03
6.224139757314682697e+01 6.342696036002298570e+03
6.224774676208587465e+01 6.344647687276229590e+03
6.225409515770650870e+01 6.346600000000000364e+03
6.226714746756331920e+01 6.351300000000000182e+03
6.227366603857166183e+01 6.353650000000000546e+03
6.227692343070795999e+01 6.354825000000000728e+03
6.228017956159251867e+01 6.356000000000000000e+03
6.229695203255963065e+01 6.363500000000000000e+03
6.230532299503753535e+01 6.367250000000000000e+03
6.230950466622073947e+01 6.369125000000000000e+03
6.231159455032047845e+01 6.370062500000000000e+03
6.231368380048119349e+01 6.371000000000000000e+03
6.231577305064190853e+01 6.370062500000000000e+03
6.231786293474165461e+01 6.369125000000000000e+03
6.232204460592485873e+01 6.367250000000000000e+03
6.233041556840276343e+01 6.363500000000000000e+03
6.234718803936987541e+01 6.356000000000000000e+03
6.235044417025443408e+01 6.354825000000000728e+03
6.235370156239072514e+01 6.353650000000000546e+03
6.236022013339907488e+01 6.351300000000000182e+03
6.237327244325588538e+01 6.346600000000000364e+03
6.237962083887651943e+01 6.344647687276229590e+03
6.238597002781556000e+01 6.342696036002298570e+03
6.239867078803464295e+01 6.338794716459812662e+03
6.241137472843504952e+01 6.334896038686511019e+03
6.242408185362636175e+01 6.331000000000000000e+03
6.243604754733077300e+01 6.327334596315524323e+03
6.244940505423828370e+01 6.323246641096669919e+03
6.246276625399720928e+01 6.319161558655203407e+03
6.248949975480886110e+01 6.311000000000000000e+03
6.252235486885775373e+01 6.300991482874092981e+03
6.255523348374081394e+01 6.291000000000000000e+03
6.258415610395270789e+01 6.282230723220483014e+03
6.261309820215937094e+01 6.273474316488087425e+03
6.264205983778171571e+01 6.264730751490902549e+03
6.267104107036975336e+01 6.256000000000000000e+03
6.270437122823852150e+01 6.245982315499501055e+03
6.273772931832277067e+01 6.235981114146495202e+03
6.278785299198485603e+01 6.221000000000000000e+03
6.284672633413173770e+01 6.203475292094711222e+03
6.290569357161735553e+01 6.186000000000000000e+03
6.296508962433456702e+01 6.168475816192898492e+03
6.302458809420859609e+01 6.151000000000000000e+03
6.303482236092762747e+01 6.148168268311272186e+03
6.304508055618528317e+01 6.145334118958759063e+03
6.306566904266492912e+01 6.139658554866933628e+03
6.308635418441549092e+01 6.133973282880642728e+03
6.310713661535525887e+01 6.128278278070941269e+03
6.314789749656441131e+01 6.117157741448922025e+03
6.316841875892897207e+01 6.111583532987353465e+03
6.318903470257796329e+01 6.106000000000000000e+03
6.323110129316329875e+01 6.094657484409988683e+03
6.325228295134557044e+01 6.088971767949280547e+03
6.327356437922058774e+01 6.083276379584152892e+03
6.331529911208482275e+01 6.072156670230864620e+03
6.335741966935499647e+01 6.061000000000000000e+03
6.340363126697889840e+01 6.048834999067952594e+03
6.344398971813153310e+01 6.038274581129143371e+03
6.350241607630658081e+01 6.023090516904660944e+03
6.352986144212896846e+01 6.016000000000000000e+03
6.356646094156339188e+01 6.006585953588864868e+03
6.360334717920103031e+01 5.997145694263439509e+03
6.365463584917893058e+01 5.984097967492593853e+03
6.370648304000822293e+01 5.971000000000000000e+03
6.373599473145202410e+01 5.963885586377381514e+03
6.376598335026098852e+01 5.956711063565764562e+03
6.381555128141160083e+01 5.944971253664713913e+03
6.386644280134708396e+01 5.933068701681323546e+03
6.389240022047647471e+01 5.927055336232162517e+03
6.391870705908939954e+01 5.921000000000000000e+03
6.398317731342758918e+01 5.906322774931001732e+03
6.404978289690453153e+01 5.891395956763047252e+03
6.409563303346355667e+01 5.881256383119759448e+03
6.414251591850560885e+01 5.871000000000000000e+03
6.420826373457420289e+01 5.856801948922146948e+03
6.426356232604629781e+01 5.845023708057446129e+03
6.426955498552527501e+01 5.843756106197040936e+03
6.428969004472583038e+01 5.839509453895870138e+03
6.429066148527451219e+01 5.839305051769019883e+03
6.429163335436672355e+01 5.839100603783760562e+03
6.429357837921432406e+01 5.838691570176271853e+03
6.429747358283088943e+01 5.837872951980803009e+03
6.430528466406958898e+01 5.836233508201259610e+03
6.430715556113699449e+01 5.835841254024722730e+03
6.430902804098545289e+01 5.835448831251936099e+03
6.431277775634309535e+01 5.834663479482633193e+03
6.432029626128795030e+01 5.833090747999037376e+03
6.437851674463792051e+01 5.821000000000000000e+03
6.442075465701553583e+01 5.812324404815953130e+03
6.449030948222078052e+01 5.798209559798375267e+03
6.451885644879131121e+01 5.792477131407868910e+03
6.456200815832511353e+01 5.783877590861345197e+03
6.458404947960420373e+01 5.779515157886744419e+03
6.458795024677030483e+01 5.778745214811430742e+03
6.462736760096238697e+01 5.771000000000000000e+03
6.464656569249774520e+01 5.767247208179240261e+03
6.468042713772464936e+01 5.760647581597568205e+03
6.471790165133317885e+01 5.753372645957148961e+03
6.480802486969064091e+01 5.736000000000000000e+03
6.481701344874818460e+01 5.734276765325053020e+03
6.482570173942777103e+01 5.732612718651146679e+03
6.483440237930858530e+01 5.730947898682818050e+03
6.491286954882799876e+01 5.716005170388375518e+03
6.499234730097325041e+01 5.701000000000000000e+03
6.501963779052896086e+01 5.696299767616116696e+03
6.504719261208521175e+01 5.691577756961269188e+03
6.510310957315192582e+01 5.682067792569701851e+03
6.519793321263651364e+01 5.666158182732464411e+03
6.522059965234208789e+01 5.662394951670154114e+03
6.522224161842717649e+01 5.662122929592526816e+03
6.522388449400757793e+01 5.661850836085401170e+03
6.522717297645969836e+01 5.661306434670083945e+03
6.523376088628522496e+01 5.660216773446381922e+03
6.523417082655679167e+01 5.660149010020322748e+03
6.523799206415667129e+01 5.659517593057181330e+03
6.524181821566439510e+01 5.658885791585033076e+03
6.524948529562347233e+01 5.657621033707950119e+03
6.526487881201937569e+01 5.655086888358275246e+03
6.529590527818236012e+01 5.650000000000000000e+03
6.542409568944063381e+01 5.629272204888298802e+03
6.551570942107223061e+01 5.614737222997924619e+03
6.561007822968986147e+01 5.600000000000000000e+03
6.563877997523313468e+01 5.595559138360928046e+03
6.566758550770893521e+01 5.591113821732636097e+03
6.572551013864249114e+01 5.582209796666496004e+03
6.584262936828366719e+01 5.564347990646462677e+03
6.594859781629382667e+01 5.548347817202922670e+03
6.600210525794351213e+01 5.540326122140537336e+03
6.605596602183817367e+01 5.532289969591510271e+03
6.616476132125330878e+01 5.516174135411034513e+03
6.621970300131152953e+01 5.508094375114532340e+03
6.627501212951045773e+01 5.500000000000000000e+03
6.639706882576072644e+01 5.482274596889916211e+03
6.645875837560492982e+01 5.473386772410306548e+03
6.652089502598609272e+01 5.464482135951820965e+03
6.663365255868653492e+01 5.448443906490607333e+03
6.669058719007372815e+01 5.440404303246951713e+03
6.674789722860393226e+01 5.432350994423984048e+03
6.686365831617892752e+01 5.416203119612529008e+03
6.692211701534593260e+01 5.408108483110237103e+03
6.698096625492547673e+01 5.400000000000000000e+03
6.711013714505899941e+01 5.382341283162184482e+03
6.724117133922482026e+01 5.364619688891984879e+03
6.748297381322683464e+01 5.332414195103907332e+03
6.749578508281241795e+01 5.330725577178969615e+03
6.773125375815591553e+01 5.300000000000000000e+03
6.797647798250605433e+01 5.268613070347176290e+03
6.822807156000502005e+01 5.237037856906376874e+03
6.852965768626559395e+01 5.200000000000000000e+03
6.868611962630954793e+01 5.181123188790137647e+03
6.884502003562903383e+01 5.162181835061464881e+03
6.900641776943453465e+01 5.143175607226947250e+03
6.917037373396819078e+01 5.124104171424285596e+03
6.917530063253774131e+01 5.123534711241189143e+03
6.918022986149392750e+01 5.122965192817484422e+03
6.919009531734154450e+01 5.121825981212500665e+03
6.919997011517766339e+01 5.120686536537831671e+03
6.920985426866485568e+01 5.119546858721945682e+03
6.922253320348364980e+01 5.118086171107819609e+03
6.923522755073977919e+01 5.116625100430052953e+03
6.924793733938479079e+01 5.115163646537939712e+03
6.926066259844833439e+01 5.113701809280693851e+03
6.928610385835040120e+01 5.110783377244053554e+03
6.931160707804495758e+01 5.107863416640710057e+03
6.934601196524462807e+01 5.103933093874856240e+03
6.938052996619822466e+01 5.100000000000000000e+03
6.938250462599572188e+01 5.099775307355141194e+03
6.940143725641897277e+01 5.097622666933323671e+03
6.942414701659230047e+01 5.095044541692768689e+03
6.944690506751888393e+01 5.092465273752032772e+03
6.949256667716360880e+01 5.087303306729801989e+03
6.953828019996967669e+01 5.082152863521321706e+03
6.958418888004945302e+01 5.076997862837097273e+03
6.963015189782284153e+01 5.071854175867099912e+03
6.967631146085273031e+01 5.066705947393367751e+03
6.968132361814065234e+01 5.066147985041328866e+03
6.968633809884835273e+01 5.065589969318183648e+03
6.969637403719727331e+01 5.064473777727936067e+03
6.970641928935793885e+01 5.063357372561343254e+03
6.971647386878589714e+01 5.062240753757101629e+03
6.973661106315739744e+01 5.060006874990323922e+03
6.975678572876718420e+01 5.057772140936690448e+03
6.979724790678814372e+01 5.053300105003316276e+03
6.983786127960772205e+01 5.048824642022135777e+03
6.991984930334830040e+01 5.039830148983069193e+03
7.000245739110924603e+01 5.030821798014501837e+03
7.014474889739855712e+01 5.015431166328467953e+03
7.021659023298678903e+01 5.007720659996419272e+03
7.028890159133518978e+01 5.000000000000000000e+03
7.043663353165871399e+01 4.984350466656896970e+03
7.058632149955349178e+01 4.968660727985812628e+03
7.089173038531851034e+01 4.937160013312628507e+03
7.107471847904754725e+01 4.918608118927849318e+03
7.126064618380043214e+01 4.900000000000000000e+03
7.164555075315558952e+01 4.862230287249800313e+03
7.204326003721590155e+01 4.824236259859541860e+03
7.207538754655803359e+01 4.821211725570394265e+03
7.210760040844398588e+01 4.818185765245956645e+03
7.217228364878441482e+01 4.812129562455151245e+03
7.230269055662317612e+01 4.800000000000000000e+03
7.233914619163219584e+01 4.796628177874657922e+03
7.237570963009575564e+01 4.793254645241781873e+03
7.253991210325902728e+01 4.778205745655412102e+03
7.262283400776256315e+01 4.770668521131959096e+03
7.270631091454295358e+01 4.763122760832113272e+03
7.289874926507327757e+01 4.745886131456858493e+03
7.309417832901584688e+01 4.728604880064525787e+03
7.339485409350800182e+01 4.702447642573829398e+03
7.340906698454526236e+01 4.701223933096043766e+03
7.342329572351030720e+01 4.700000000000000000e+03
7.376377190950046270e+01 4.671047855811226327e+03
7.411339848561529209e+01 4.641974078156351425e+03
7.435139327192304393e+01 4.622554150333280631e+03
7.463242849927659961e+01 4.600000000000000000e+03
7.485992839505786378e+01 4.582035357707135518e+03
7.489245820981648194e+01 4.579487693472211504e+03
7.492506663648079268e+01 4.576939121644680199e+03
7.499052060395747787e+01 4.571839253271146845e+03
7.512238606986147715e+01 4.561628604046322835e+03
7.539002145314177028e+01 4.541163546563089767e+03
7.541251640966693515e+01 4.539459058171074503e+03
7.543504848457119749e+01 4.537754164709254837e+03
7.568634383837486723e+01 4.518901882588699664e+03
7.594232179991061571e+01 4.500000000000000000e+03
7.597948117000220236e+01 4.497281034716017530e+03
7.601674003170576555e+01 4.494561065026764481e+03
7.631846114681432880e+01 4.472764117764656476e+03
7.662682250463834066e+01 4.450902561122331463e+03
7.726450363339334615e+01 4.406984467210255389e+03
7.736824758757411757e+01 4.400000000000000000e+03
7.758167737296079736e+01 4.385768783619147143e+03
7.779831474326901741e+01 4.371510725873732554e+03
7.835305727498545991e+01 4.335839642122849909e+03
7.892972540263332348e+01 4.300000000000000000e+03
7.972524553551031090e+01 4.252544907707078892e+03
8.010067820897660340e+01 4.230918457524750920e+03
8.037400140417886973e+01 4.215474635658658372e+03
8.065238993732992867e+01 4.200000000000000000e+03
8.122623774066109092e+01 4.168895314184890594e+03
8.182264229025082614e+01 4.137666949604132242e+03
8.184926286683011654e+01 4.136298565928655080e+03
8.220594131440327601e+01 4.118170185945573394e+03
8.257114731348019632e+01 4.100000000000000000e+03
8.332957306438422052e+01 4.063495247384585582e+03
8.412738486403495131e+01 4.026822041401353090e+03
8.427724212128308068e+01 4.020124987488006354e+03
8.442857292603216024e+01 4.013422300691796409e+03
8.473577286643654816e+01 4.000000000000000000e+03
8.484832129297051040e+01 3.995143612901741562e+03
8.496169905775525422e+01 3.990284269093446710e+03
8.539172847509371422e+01 3.972149362520172872e+03
8.583413703447570242e+01 3.953973216789043363e+03
8.589072359030024018e+01 3.951683009119788494e+03
8.594751959571398459e+01 3.949392145892666576e+03
8.606174638903092955e+01 3.944808451638598854e+03
8.634366298797758077e+01 3.933629798901071808e+03
8.663086782019593102e+01 3.922435527900394845e+03
8.692357238308127876e+01 3.911225605882083528e+03
8.722200274971410749e+01 3.900000000000000000e+03
8.783648715213153935e+01 3.877521237213616132e+03
8.847700256090507764e+01 3.854979169015443404e+03
8.984659013194927013e+01 3.809704043666336020e+03
9.000063436491808488e+01 3.804853485772945078e+03
9.015631073497223724e+01 3.800000000000000000e+03
9.066663551621314809e+01 3.784427856473555948e+03
9.119559993346891247e+01 3.768825250797792251e+03
9.231626624827191563e+01 3.737528294758099491e+03
9.378455553154243773e+01 3.700000000000000000e+03
9.515906289802964579e+01 3.668280721280808848e+03
9.606221176148042673e+01 3.649163394452884859e+03
9.703769644406094130e+01 3.630000000000000000e+03
9.785551676440954338e+01 3.614999772910571210e+03
9.828293773308826076e+01 3.607499829684217730e+03
9.872411042774305656e+01 3.600000000000000000e+03
1.001923233807565055e+02 3.576775986262010065e+03
1.009965684267194064e+02 3.565164474887929828e+03
1.018601462213996740e+02 3.553553293824999400e+03
1.041681749844144633e+02 3.526775768576072096e+03
1.073051435504030451e+02 3.500000000000000000e+03
1.086123630958037580e+02 3.492023793463924903e+03
1.119280675782770231e+02 3.480000000000000000e+03
1.152437720607502740e+02 3.492023793463924903e+03
1.165509916061510012e+02 3.500000000000000000e+03
1.196879601721395829e+02 3.526775768576072096e+03
1.219959889351543723e+02 3.553553293824999400e+03
1.228595667298346399e+02 3.565164474887929828e+03
1.236638117757975408e+02 3.576775986262010065e+03
1.251320247288109897e+02 3.600000000000000000e+03
1.255731974234657855e+02 3.607499829684217730e+03
1.260006183921445029e+02 3.614999772910571210e+03
1.268184387124930907e+02 3.630000000000000000e+03
1.277939233950736195e+02 3.649163394452884859e+03
1.286970722585243720e+02 3.668280721280808848e+03
1.300715796250115943e+02 3.700000000000000000e+03
1.315398689082821306e+02 3.737528294758099491e+03
1.326605352230851054e+02 3.768825250797792251e+03
1.331894996403408982e+02 3.784427856473555948e+03
1.336998244215817806e+02 3.800000000000000000e+03
1.338555007916359614e+02 3.804853485772945078e+03
1.340095450246047619e+02 3.809704043666336020e+03
1.353791325956489402e+02 3.854979169015443404e+03
1.360196480044224927e+02 3.877521237213616132e+03
1.366341324068399103e+02 3.900000000000000000e+03
1.369325627734727391e+02 3.911225605882083528e+03
1.372252673363580584e+02 3.922435527900394845e+03
1.375124721685764371e+02 3.933629798901071808e+03
1.377943887675230599e+02 3.944808451638598854e+03
1.379086155608400190e+02 3.949392145892666576e+03
1.379654115662537492e+02 3.951683009119788494e+03
1.380219981220782870e+02 3.953973216789043363e+03
1.384644066814603036e+02 3.972149362520172872e+03
1.388944360987987352e+02 3.990284269093446710e+03
1.390078138635834932e+02 3.995143612901741562e+03
1.391203622901174413e+02 4.000000000000000000e+03
1.394275622305218576e+02 4.013422300691796409e+03
1.395788930352709372e+02 4.020124987488006354e+03
1.397287502925190665e+02 4.026822041401353090e+03
1.405265620921697973e+02 4.063495247384585582e+03
1.412849878430738215e+02 4.100000000000000000e+03
1.416501938421507134e+02 4.118170185945573394e+03
1.420068722897239013e+02 4.136298565928655080e+03
1.420334928663031633e+02 4.137666949604132242e+03
1.426298974158929127e+02 4.168895314184890594e+03
1.432037452192240892e+02 4.200000000000000000e+03
1.434821337523751481e+02 4.215474635658658372e+03
1.437554569475774144e+02 4.230918457524750920e+03
1.441308896210437069e+02 4.252544907707078892e+03
1.449264097539206944e+02 4.300000000000000000e+03
1.455030778815685721e+02 4.335839642122849909e+03
1.460578204132850146e+02 4.371510725873732554e+03
1.462744577835932205e+02 4.385768783619147143e+03
1.464878875689798861e+02 4.400000000000000000e+03
1.465916315231606859e+02 4.406984467210255389e+03
1.472293126519156772e+02 4.450902561122331463e+03
1.475376740097397033e+02 4.472764117764656476e+03
1.478393951248482381e+02 4.494561065026764481e+03
1.478766539865518155e+02 4.497281034716017530e+03
1.479138133566434021e+02 4.500000000000000000e+03
1.481697913181791364e+02 4.518901882588699664e+03
1.484210866719828346e+02 4.537754164709254837e+03
1.484436187468870685e+02 4.539459058171074503e+03
1.484661137034122476e+02 4.541163546563089767e+03
1.487337490866925407e+02 4.561628604046322835e+03
1.488656145525965258e+02 4.571839253271146845e+03
1.489310685200732109e+02 4.576939121644680199e+03
1.489636769467375075e+02 4.579487693472211504e+03
1.489962067614961256e+02 4.582035357707135518e+03
1.492237066572773756e+02 4.600000000000000000e+03
1.495047418846309597e+02 4.622554150333280631e+03
1.497427366709387115e+02 4.641974078156351425e+03
1.500923632470535267e+02 4.671047855811226327e+03
1.504328394330436822e+02 4.700000000000000000e+03
1.504470681720087271e+02 4.701223933096043766e+03
1.504612810630459876e+02 4.702447642573829398e+03
1.507619568275381425e+02 4.728604880064525787e+03
1.509573858914807261e+02 4.745886131456858493e+03
1.511498242420110500e+02 4.763122760832113272e+03
1.512333011487914405e+02 4.770668521131959096e+03
1.513162230532949479e+02 4.778205745655412102e+03
1.514804255264582196e+02 4.793254645241781873e+03
1.515169889649217794e+02 4.796628177874657922e+03
1.515534445999307991e+02 4.800000000000000000e+03
1.516838515077695604e+02 4.812129562455151245e+03
1.517485347481099893e+02 4.818185765245956645e+03
1.517807476099959558e+02 4.821211725570394265e+03
1.518128751193380879e+02 4.824236259859541860e+03
1.522105844033983999e+02 4.862230287249800313e+03
1.525954889727535431e+02 4.900000000000000000e+03
1.527814166775064280e+02 4.918608118927849318e+03
1.529644047712354791e+02 4.937160013312628507e+03
1.532698136570004692e+02 4.968660727985812628e+03
1.534195016248952470e+02 4.984350466656896970e+03
1.535672335652187712e+02 5.000000000000000000e+03
1.536395449235672004e+02 5.007720659996419272e+03
1.537113862591554039e+02 5.015431166328467953e+03
1.538536777654447292e+02 5.030821798014501837e+03
1.539362858532056748e+02 5.039830148983069193e+03
1.540182738769462389e+02 5.048824642022135777e+03
1.540588872497658599e+02 5.053300105003316276e+03
1.540993494277868194e+02 5.057772140936690448e+03
1.541195240933965920e+02 5.060006874990323922e+03
1.541396612877680923e+02 5.062240753757101629e+03
1.541497158671960506e+02 5.063357372561343254e+03
1.541597611193567161e+02 5.064473777727936067e+03
1.541697970577056367e+02 5.065589969318183648e+03
1.541748115384133371e+02 5.066147985041328866e+03
1.541798236957012591e+02 5.066705947393367751e+03
1.542259832587311621e+02 5.071854175867099912e+03
1.542719462765045364e+02 5.076997862837097273e+03
1.543178549565843127e+02 5.082152863521321706e+03
1.543635684793903806e+02 5.087303306729801989e+03
1.544092300890351339e+02 5.092465273752032772e+03
1.544319881399616747e+02 5.095044541692768689e+03
1.544546979001350167e+02 5.097622666933323671e+03
1.544736305305582960e+02 5.099775307355141194e+03
1.544756051903557648e+02 5.100000000000000000e+03
1.545101231913093613e+02 5.103933093874856240e+03
1.545445280785090461e+02 5.107863416640710057e+03
1.545700312982036166e+02 5.110783377244053554e+03
1.545954725581056550e+02 5.113701809280693851e+03
1.546081978171691844e+02 5.115163646537939712e+03
1.546209076058142102e+02 5.116625100430052953e+03
1.546336019530703538e+02 5.118086171107819609e+03
1.546462808878891337e+02 5.119546858721945682e+03
1.546561650413763118e+02 5.120686536537831671e+03
1.546660398392124307e+02 5.121825981212500665e+03
1.546759052950600619e+02 5.122965192817484422e+03
1.546808345240162339e+02 5.123534711241189143e+03
1.546857614225858129e+02 5.124104171424285596e+03
1.548497173871194548e+02 5.143175607226947250e+03
1.550111151209249556e+02 5.162181835061464881e+03
1.551700155302444273e+02 5.181123188790137647e+03
1.553264774702884097e+02 5.200000000000000000e+03
1.556280635965489694e+02 5.237037856906376874e+03
1.558796571740479351e+02 5.268613070347176290e+03
1.561248813983980881e+02 5.300000000000000000e+03
1.563603500737415573e+02 5.330725577178969615e+03
1.563731613433271548e+02 5.332414195103907332e+03
1.566149638173291692e+02 5.364619688891984879e+03
1.567459980114949758e+02 5.382341283162184482e+03
1.568751689016285127e+02 5.400000000000000000e+03
1.569340181412080710e+02 5.408108483110237103e+03
1.569924768403750477e+02 5.416203119612529008e+03
1.571082379279500572e+02 5.432350994423984048e+03
1.571655479664802613e+02 5.440404303246951713e+03
1.572224825978674687e+02 5.448443906490607333e+03
1.573352401305679109e+02 5.464482135951820965e+03
1.573973767809490596e+02 5.473386772410306548e+03
1.574590663307932914e+02 5.482274596889916211e+03
1.575811230270435317e+02 5.500000000000000000e+03
1.576364321552424599e+02 5.508094375114532340e+03
1.576913738353006806e+02 5.516174135411034513e+03
1.578001691347158157e+02 5.532289969591510271e+03
1.578540298986104631e+02 5.540326122140537336e+03
1.579075373402601485e+02 5.548347817202922670e+03
1.580135057882703222e+02 5.564347990646462677e+03
1.581306250179114841e+02 5.582209796666496004e+03
1.581885496488450542e+02 5.591113821732636097e+03
1.582173551813208405e+02 5.595559138360928046e+03
1.582460569268641279e+02 5.600000000000000000e+03
1.583404257354817446e+02 5.614737222997924619e+03
1.584320394671133556e+02 5.629272204888298802e+03
1.585602298783716151e+02 5.650000000000000000e+03
1.585912563445345995e+02 5.655086888358275246e+03
1.586066498609305313e+02 5.657621033707950119e+03
1.586143169408895801e+02 5.658885791585033076e+03
1.586181430923973039e+02 5.659517593057181330e+03
1.586219643299971835e+02 5.660149010020322748e+03
1.586223742702687787e+02 5.660216773446381922e+03
1.586289621800942768e+02 5.661306434670083945e+03
1.586322506625464257e+02 5.661850836085401170e+03
1.586338935381268129e+02 5.662122929592526816e+03
1.586355355042119299e+02 5.662394951670154114e+03
1.586582019439174758e+02 5.666158182732464411e+03
1.587530255834020636e+02 5.682067792569701851e+03
1.588089425444687777e+02 5.691577756961269188e+03
1.588364973660250428e+02 5.696299767616116696e+03
1.588637878555807674e+02 5.701000000000000000e+03
1.589432656077260049e+02 5.716005170388375518e+03
1.590217327772454041e+02 5.730947898682818050e+03
1.590304334171262326e+02 5.732612718651146679e+03
1.590391217078058048e+02 5.734276765325053020e+03
1.590481102868633627e+02 5.736000000000000000e+03
1.591382335052208248e+02 5.753372645957148961e+03
1.591757080188293685e+02 5.760647581597568205e+03
1.592095694640562442e+02 5.767247208179240261e+03
1.592287675555916167e+02 5.771000000000000000e+03
1.592681849097837130e+02 5.778745214811430742e+03
1.592720856769498141e+02 5.779515157886744419e+03
1.592941269982288759e+02 5.783877590861345197e+03
1.593372787077626924e+02 5.792477131407868910e+03
1.593658256743332231e+02 5.798209559798375267e+03
1.594353804995384678e+02 5.812324404815953130e+03
1.594776184119160689e+02 5.821000000000000000e+03
1.595358388952660391e+02 5.833090747999037376e+03
1.595433574002108799e+02 5.834663479482633193e+03
1.595471071155685365e+02 5.835448831251936099e+03
1.595489795954169949e+02 5.835841254024722730e+03
1.595508504924844146e+02 5.836233508201259610e+03
1.595586615737231000e+02 5.837872951980803009e+03
1.595625567773396369e+02 5.838691570176271853e+03
1.595645018021872659e+02 5.839100603783760562e+03
1.595654736712795057e+02 5.839305051769019883e+03
1.595664451118281590e+02 5.839509453895870138e+03
1.595865801710287144e+02 5.843756106197040936e+03
1.595925728305077200e+02 5.845023708057446129e+03
1.596478714219798007e+02 5.856801948922146948e+03
1.597136192380484090e+02 5.871000000000000000e+03
1.597605021230904470e+02 5.881256383119759448e+03
1.598063522596494863e+02 5.891395956763047252e+03
1.598729578431264144e+02 5.906322774931001732e+03
1.599374280974645899e+02 5.921000000000000000e+03
1.599637349360775147e+02 5.927055336232162517e+03
1.599896923552068984e+02 5.933068701681323546e+03
1.600405838751423744e+02 5.944971253664713913e+03
1.600901518062930222e+02 5.956711063565764562e+03
1.601201404251019653e+02 5.963885586377381514e+03
1.601496521165457807e+02 5.971000000000000000e+03
1.602014993073750588e+02 5.984097967492593853e+03
1.602527879773529662e+02 5.997145694263439509e+03
1.602896742149906117e+02 6.006585953588864868e+03
1.603262737144250423e+02 6.016000000000000000e+03
1.603537190802474015e+02 6.023090516904660944e+03
1.604121454384224421e+02 6.038274581129143371e+03
1.604525038895750981e+02 6.048834999067952594e+03
1.604987154871989787e+02 6.061000000000000000e+03
1.605408360444691880e+02 6.072156670230864620e+03
1.605825707773333875e+02 6.083276379584152892e+03
1.606038522052084261e+02 6.088971767949280547e+03
1.606250338633906836e+02 6.094657484409988683e+03
1.606671004539760474e+02 6.106000000000000000e+03
1.606877163976250245e+02 6.111583532987353465e+03
1.607082376599895781e+02 6.117157741448922025e+03
1.607489985411987163e+02 6.128278278070941269e+03
1.607697809721385056e+02 6.133973282880642728e+03
1.607904661138890674e+02 6.139658554866933628e+03
1.608110546003686920e+02 6.145334118958759063e+03
1.608213127956263406e+02 6.148168268311272186e+03
1.608315470623454075e+02 6.151000000000000000e+03
1.608910455322194366e+02 6.168475816192898492e+03
1.609504415849366410e+02 6.186000000000000000e+03
1.610094088224222446e+02 6.203475292094711222e+03
1.610682821645691263e+02 6.221000000000000000e+03
1.611184058382312116e+02 6.235981114146495202e+03
1.611517639283154608e+02 6.245982315499501055e+03
1.611850940861842219e+02 6.256000000000000000e+03
1.612140753187722453e+02 6.264730751490902549e+03
1.612430369543945972e+02 6.273474316488087425e+03
1.612719790526012673e+02 6.282230723220483014e+03
1.613009016728131542e+02 6.291000000000000000e+03
1.613337802876962428e+02 6.300991482874092981e+03
1.613666354017451283e+02 6.311000000000000000e+03
1.613933689025567730e+02 6.319161558655203407e+03
1.614067301023156915e+02 6.323246641096669919e+03
1.614200876092232022e+02 6.327334596315524323e+03
1.614320533029276135e+02 6.331000000000000000e+03
1.614447604281189115e+02 6.334896038686511019e+03
1.614574643685193109e+02 6.338794716459812662e+03
1.614701651287384152e+02 6.342696036002298570e+03
1.614765143176774700e+02 6.344647687276229590e+03
1.614828627132980898e+02 6.346600000000000364e+03
1.614959150231549074e+02 6.351300000000000182e+03
1.615024335941632216e+02 6.353650000000000546e+03
1.615056909862995553e+02 6.354825000000000728e+03
1.615089471171841069e+02 6.356000000000000000e+03
1.615257195881512189e+02 6.363500000000000000e+03
1.615340905506291165e+02 6.367250000000000000e+03
1.615382722218122922e+02 6.369125000000000000e+03
1.615403621059120383e+02 6.370062500000000000e+03
1.615424513560727746e+02 6.371000000000000000e+03
1.615445406062334825e+02 6.370062500000000000e+03
1.615466304903332286e+02 6.369125000000000000e+03
1.615508121615164328e+02 6.367250000000000000e+03
1.615591831239943303e+02 6.363500000000000000e+03
1.615759555949614423e+02 6.356000000000000000e+03
1.615792117258459939e+02 6.354825000000000728e+03
1.615824691179822992e+02 6.353650000000000546e+03
1.615889876889906418e+02 6.351300000000000182e+03
1.616020399988474310e+02 6.346600000000000364e+03
1.616083883944680792e+02 6.344647687276229590e+03
1.616147375834071340e+02 6.342696036002298570e+03
1.616274383436262099e+02 6.338794716459812662e+03
1.616401422840266093e+02 6.334896038686511019e+03
1.616528494092179358e+02 6.331000000000000000e+03
1.616648151029223186e+02 6.327334596315524323e+03
1.616781726098298577e+02 6.323246641096669919e+03
1.616915338095887478e+02 6.319161558655203407e+03
1.617182673104003925e+02 6.311000000000000000e+03
1.617511224244493064e+02 6.300991482874092981e+03
1.617840010393323666e+02 6.291000000000000000e+03
1.618129236595442535e+02 6.282230723220483014e+03
1.618418657577509236e+02 6.273474316488087425e+03
1.618708273933732755e+02 6.264730751490902549e+03
1.618998086259613274e+02 6.256000000000000000e+03
1.619331387838300884e+02 6.245982315499501055e+03
1.619664968739143092e+02 6.235981114146495202e+03
1.620166205475763945e+02 6.221000000000000000e+03
1.620754938897233046e+02 6.203475292094711222e+03
1.621344611272089082e+02 6.186000000000000000e+03
1.621938571799261126e+02 6.168475816192898492e+03
1.622533556498001417e+02 6.151000000000000000e+03
1.622635899165191802e+02 6.148168268311272186e+03
1.622738481117768288e+02 6.145334118958759063e+03
1.622944365982564818e+02 6.139658554866933628e+03
1.623151217400070436e+02 6.133973282880642728e+03
1.623359041709468045e+02 6.128278278070941269e+03
1.623766650521559427e+02 6.117157741448922025e+03
1.623971863145205248e+02 6.111583532987353465e+03
1.624178022581695018e+02 6.106000000000000000e+03
1.624598688487548657e+02 6.094657484409988683e+03
1.624810505069370947e+02 6.088971767949280547e+03
1.625023319348121333e+02 6.083276379584152892e+03
1.625440666676763612e+02 6.072156670230864620e+03
1.625861872249465421e+02 6.061000000000000000e+03
1.626323988225704511e+02 6.048834999067952594e+03
1.626727572737230787e+02 6.038274581129143371e+03
1.627311836318981193e+02 6.023090516904660944e+03
1.627586289977205070e+02 6.016000000000000000e+03
1.627952284971549375e+02 6.006585953588864868e+03
1.628321147347925830e+02 5.997145694263439509e+03
1.628834034047704904e+02 5.984097967492593853e+03
1.629352505955997685e+02 5.971000000000000000e+03
1.629647622870435839e+02 5.963885586377381514e+03
1.629947509058525270e+02 5.956711063565764562e+03
1.630443188370031464e+02 5.944971253664713913e+03
1.630952103569386509e+02 5.933068701681323546e+03
1.631211677760680345e+02 5.927055336232162517e+03
1.631474746146809593e+02 5.921000000000000000e+03
1.632119448690191348e+02 5.906322774931001732e+03
1.632785504524960629e+02 5.891395956763047252e+03
1.633244005890550739e+02 5.881256383119759448e+03
1.633712834740971402e+02 5.871000000000000000e+03
1.634370312901657485e+02 5.856801948922146948e+03
1.634923298816378292e+02 5.845023708057446129e+03
1.634983225411168064e+02 5.843756106197040936e+03
1.635184576003173902e+02 5.839509453895870138e+03
1.635194290408660436e+02 5.839305051769019883e+03
1.635204009099582549e+02 5.839100603783760562e+03
1.635223459348058839e+02 5.838691570176271853e+03
1.635262411384224492e+02 5.837872951980803009e+03
1.635340522196611346e+02 5.836233508201259610e+03
1.635359231167285543e+02 5.835841254024722730e+03
1.635377955965769843e+02 5.835448831251936099e+03
1.635415453119346409e+02 5.834663479482633193e+03
1.635490638168794817e+02 5.833090747999037376e+03
1.636072843002294803e+02 5.821000000000000000e+03
1.636495222126070530e+02 5.812324404815953130e+03
1.637190770378123261e+02 5.798209559798375267e+03
1.637476240043828284e+02 5.792477131407868910e+03
1.637907757139166449e+02 5.783877590861345197e+03
1.638128170351957351e+02 5.779515157886744419e+03
1.638167178023618362e+02 5.778745214811430742e+03
1.638561351565539326e+02 5.771000000000000000e+03
1.638753332480892766e+02 5.767247208179240261e+03
1.639091946933161807e+02 5.760647581597568205e+03
1.639466692069247244e+02 5.753372645957148961e+03
1.640367924252821581e+02 5.736000000000000000e+03
1.640457810043397160e+02 5.734276765325053020e+03
1.640544692950193166e+02 5.732612718651146679e+03
1.640631699349001167e+02 5.730947898682818050e+03
1.641416371044195444e+02 5.716005170388375518e+03
1.642211148565647818e+02 5.701000000000000000e+03
1.642484053461204780e+02 5.696299767616116696e+03
1.642759601676767716e+02 5.691577756961269188e+03
1.643318771287434572e+02 5.682067792569701851e+03
1.644267007682280450e+02 5.666158182732464411e+03
1.644493672079336193e+02 5.662394951670154114e+03
1.644510091740187363e+02 5.662122929592526816e+03
1.644526520495991235e+02 5.661850836085401170e+03
1.644559405320512440e+02 5.661306434670083945e+03
1.644625284418767706e+02 5.660216773446381922e+03
1.644629383821483657e+02 5.660149010020322748e+03
1.644667596197482453e+02 5.659517593057181330e+03
1.644705857712559691e+02 5.658885791585033076e+03
1.644782528512150179e+02 5.657621033707950119e+03
1.644936463676109497e+02 5.655086888358275246e+03
1.645246728337739057e+02 5.650000000000000000e+03
1.646528632450321652e+02 5.629272204888298802e+03
1.647444769766638046e+02 5.614737222997924619e+03
1.648388457852814213e+02 5.600000000000000000e+03
1.648675475308247087e+02 5.595559138360928046e+03
1.648963530633004950e+02 5.591113821732636097e+03
1.649542776942340652e+02 5.582209796666496004e+03
1.650713969238752270e+02 5.564347990646462677e+03
1.651773653718853723e+02 5.548347817202922670e+03
1.652308728135350577e+02 5.540326122140537336e+03
1.652847335774297051e+02 5.532289969591510271e+03
1.653935288768448402e+02 5.516174135411034513e+03
1.654484705569030893e+02 5.508094375114532340e+03
1.655037796851020175e+02 5.500000000000000000e+03
1.656258363813522578e+02 5.482274596889916211e+03
1.656875259311964612e+02 5.473386772410306548e+03
1.657496625815776383e+02 5.464482135951820965e+03
1.658624201142780805e+02 5.448443906490607333e+03
1.659193547456652595e+02 5.440404303246951713e+03
1.659766647841954637e+02 5.432350994423984048e+03
1.660924258717705015e+02 5.416203119612529008e+03
1.661508845709374782e+02 5.408108483110237103e+03
1.662097338105170365e+02 5.400000000000000000e+03
1.663389047006505734e+02 5.382341283162184482e+03
1.664699388948163801e+02 5.364619688891984879e+03
1.667117413688183660e+02 5.332414195103907332e+03
1.667245526384039636e+02 5.330725577178969615e+03
1.669600213137474611e+02 5.300000000000000000e+03
1.672052455380975857e+02 5.268613070347176290e+03
1.674568391155965799e+02 5.237037856906376874e+03
1.677584252418571396e+02 5.200000000000000000e+03
1.679148871819010935e+02 5.181123188790137647e+03
1.680737875912205936e+02 5.162181835061464881e+03
1.682351853250260660e+02 5.143175607226947250e+03
1.683991412895597364e+02 5.124104171424285596e+03
1.684040681881292869e+02 5.123534711241189143e+03
1.684089974170854589e+02 5.122965192817484422e+03
1.684188628729330901e+02 5.121825981212500665e+03
1.684287376707692090e+02 5.120686536537831671e+03
1.684386218242564155e+02 5.119546858721945682e+03
1.684513007590751954e+02 5.118086171107819609e+03
1.684639951063313106e+02 5.116625100430052953e+03
1.684767048949763364e+02 5.115163646537939712e+03
1.684894301540398942e+02 5.113701809280693851e+03
1.685148714139419326e+02 5.110783377244053554e+03
1.685403746336365032e+02 5.107863416640710057e+03
1.685747795208361595e+02 5.103933093874856240e+03
1.686092975217897560e+02 5.100000000000000000e+03
1.686112721815872533e+02 5.099775307355141194e+03
1.686302048120105042e+02 5.097622666933323671e+03
1.686529145721838745e+02 5.095044541692768689e+03
1.686756726231104153e+02 5.092465273752032772e+03
1.687213342327551686e+02 5.087303306729801989e+03
1.687670477555612365e+02 5.082152863521321706e+03
1.688129564356409844e+02 5.076997862837097273e+03
1.688589194534143871e+02 5.071854175867099912e+03
1.689050790164442901e+02 5.066705947393367751e+03
1.689100911737321837e+02 5.066147985041328866e+03
1.689151056544399125e+02 5.065589969318183648e+03
1.689251415927888047e+02 5.064473777727936067e+03
1.689351868449494987e+02 5.063357372561343254e+03
1.689452414243774570e+02 5.062240753757101629e+03
1.689653786187489573e+02 5.060006874990323922e+03
1.689855532843587298e+02 5.057772140936690448e+03
1.690260154623796893e+02 5.053300105003316276e+03
1.690666288351992819e+02 5.048824642022135777e+03
1.691486168589398744e+02 5.039830148983069193e+03
1.692312249467008201e+02 5.030821798014501837e+03
1.693735164529901169e+02 5.015431166328467953e+03
1.694453577885783488e+02 5.007720659996419272e+03
1.695176691469267496e+02 5.000000000000000000e+03
1.696654010872502738e+02 4.984350466656896970e+03
1.698150890551450516e+02 4.968660727985812628e+03
1.701204979409100702e+02 4.937160013312628507e+03
1.703034860346391213e+02 4.918608118927849318e+03
1.704894137393919777e+02 4.900000000000000000e+03
1.708743183087471493e+02 4.862230287249800313e+03
1.712720275928074614e+02 4.824236259859541860e+03
1.713041551021495934e+02 4.821211725570394265e+03
1.713363679640355599e+02 4.818185765245956645e+03
1.714010512043759604e+02 4.812129562455151245e+03
1.715314581122147501e+02 4.800000000000000000e+03
1.715679137472237699e+02 4.796628177874657922e+03
1.716044771856873012e+02 4.793254645241781873e+03
1.717686796588506013e+02 4.778205745655412102e+03
1.718516015633541087e+02 4.770668521131959096e+03
1.719350784701344992e+02 4.763122760832113272e+03
1.721275168206648232e+02 4.745886131456858493e+03
1.723229458846074067e+02 4.728604880064525787e+03
1.726236216490995616e+02 4.702447642573829398e+03
1.726378345401367937e+02 4.701223933096043766e+03
1.726520632791018670e+02 4.700000000000000000e+03
1.729925394650920225e+02 4.671047855811226327e+03
1.733421660412068377e+02 4.641974078156351425e+03
1.735801608275145895e+02 4.622554150333280631e+03
1.738611960548681452e+02 4.600000000000000000e+03
1.740886959506493952e+02 4.582035357707135518e+03
1.741212257654080133e+02 4.579487693472211504e+03
1.741538341920723383e+02 4.576939121644680199e+03
1.742192881595490235e+02 4.571839253271146845e+03
1.743511536254530085e+02 4.561628604046322835e+03
1.746187890087333017e+02 4.541163546563089767e+03
1.746412839652584807e+02 4.539459058171074503e+03
1.746638160401627431e+02 4.537754164709254837e+03
1.749151113939664128e+02 4.518901882588699664e+03
1.751710893555021471e+02 4.500000000000000000e+03
1.752082487255937338e+02 4.497281034716017530e+03
1.752455075872973111e+02 4.494561065026764481e+03
1.755472287024058744e+02 4.472764117764656476e+03
1.758555900602298721e+02 4.450902561122331463e+03
1.764932711889848633e+02 4.406984467210255389e+03
1.765970151431656632e+02 4.400000000000000000e+03
1.768104449285523287e+02 4.385768783619147143e+03
1.770270822988605346e+02 4.371510725873732554e+03
1.775818248305769771e+02 4.335839642122849909e+03
1.781584929582248833e+02 4.300000000000000000e+03
1.789540130911018423e+02 4.252544907707078892e+03
1.793294457645681064e+02 4.230918457524750920e+03
1.796027689597704011e+02 4.215474635658658372e+03
1.798811574929214316e+02 4.200000000000000000e+03
1.804550052962525797e+02 4.168895314184890594e+03
1.810514098458423291e+02 4.137666949604132242e+03
1.810780304224216195e+02 4.136298565928655080e+03
1.814347088699947790e+02 4.118170185945573394e+03
1.817999148690716993e+02 4.100000000000000000e+03
1.825583406199757519e+02 4.063495247384585582e+03
1.833561524196264827e+02 4.026822041401353090e+03
1.835060096768746121e+02 4.020124987488006354e+03
1.836573404816236632e+02 4.013422300691796409e+03
1.839645404220280511e+02 4.000000000000000000e+03
1.840770888485620276e+02 3.995143612901741562e+03
1.841904666133467572e+02 3.990284269093446710e+03
1.846204960306852172e+02 3.972149362520172872e+03
1.850629045900672054e+02 3.953973216789043363e+03
1.851194911458917431e+02 3.951683009119788494e+03
1.851762871513054733e+02 3.949392145892666576e+03
1.852905139446224041e+02 3.944808451638598854e+03
1.855724305435690553e+02 3.933629798901071808e+03
1.858596353757874340e+02 3.922435527900394845e+03
1.861523399386727817e+02 3.911225605882083528e+03
1.864507703053056105e+02 3.900000000000000000e+03
1.870652547077230281e+02 3.877521237213616132e+03
1.877057701164965806e+02 3.854979169015443404e+03
1.890753576875407589e+02 3.809704043666336020e+03
1.892294019205095594e+02 3.804853485772945078e+03
1.893850782905637402e+02 3.800000000000000000e+03
1.898954030718046511e+02 3.784427856473555948e+03
1.904243674890604154e+02 3.768825250797792251e+03
1.915450338038634186e+02 3.737528294758099491e+03
1.930133230871339549e+02 3.700000000000000000e+03
1.943878304536211772e+02 3.668280721280808848e+03
1.952909793170719581e+02 3.649163394452884859e+03
1.962664639996525011e+02 3.630000000000000000e+03
1.970842843200011032e+02 3.614999772910571210e+03
1.975117052886798206e+02 3.607499829684217730e+03
1.979528779833346164e+02 3.600000000000000000e+03
1.994210909363480368e+02 3.576775986262010065e+03
2.002253359823109236e+02 3.565164474887929828e+03
2.010889137769912054e+02 3.553553293824999400e+03
2.033969425400059947e+02 3.526775768576072096e+03
2.065339111059945765e+02 3.500000000000000000e+03
2.078411306513952752e+02 3.492023793463924903e+03
2.111568351338685545e+02 3.480000000000000000e+03
2.144725396163418054e+02 3.492023793463924903e+03
2.157797591617425326e+02 3.500000000000000000e+03
2.189167277277310859e+02 3.526775768576072096e+03
2.212247564907459036e+02 3.553553293824999400e+03
2.220883342854261571e+02 3.565164474887929828e+03
2.228925793313890438e+02 3.576775986262010065e+03
2.243607922844024927e+02 3.600000000000000000e+03
2.248019649790572885e+02 3.607499829684217730e+03
2.252293859477360058e+02 3.614999772910571210e+03
2.260472062680846079e+02 3.630000000000000000e+03
2.270226909506651509e+02 3.649163394452884859e+03
2.279258398141159034e+02 3.668280721280808848e+03
2.293003471806031541e+02 3.700000000000000000e+03
2.307686364638736620e+02 3.737528294758099491e+03
2.318893027786766936e+02 3.768825250797792251e+03
2.324182671959324580e+02 3.784427856473555948e+03
2.329285919771733404e+02 3.800000000000000000e+03
2.330842683472275212e+02 3.804853485772945078e+03
2.332383125801963217e+02 3.809704043666336020e+03
2.346079001512405000e+02 3.854979169015443404e+03
2.352484155600140525e+02 3.877521237213616132e+03
2.358628999624314986e+02 3.900000000000000000e+03
2.361613303290642989e+02 3.911225605882083528e+03
2.364540348919496466e+02 3.922435527900394845e+03
2.367412397241680253e+02 3.933629798901071808e+03
2.370231563231146765e+02 3.944808451638598854e+03
2.371373831164316073e+02 3.949392145892666576e+03
2.371941791218453375e+02 3.951683009119788494e+03
2.372507656776698752e+02 3.953973216789043363e+03
2.376931742370518634e+02 3.972149362520172872e+03
2.381232036543903234e+02 3.990284269093446710e+03
2.382365814191750815e+02 3.995143612901741562e+03
2.383491298457090295e+02 4.000000000000000000e+03
2.386563297861134174e+02 4.013422300691796409e+03
2.388076605908624970e+02 4.020124987488006354e+03
2.389575178481106263e+02 4.026822041401353090e+03
2.397553296477613571e+02 4.063495247384585582e+03
2.405137553986653813e+02 4.100000000000000000e+03
2.408789613977423016e+02 4.118170185945573394e+03
2.412356398453154611e+02 4.136298565928655080e+03
2.412622604218947515e+02 4.137666949604132242e+03
2.418586649714845009e+02 4.168895314184890594e+03
2.424325127748156490e+02 4.200000000000000000e+03
2.427109013079667079e+02 4.215474635658658372e+03
2.429842245031689743e+02 4.230918457524750920e+03
2.433596571766352383e+02 4.252544907707078892e+03
2.441551773095122257e+02 4.300000000000000000e+03
2.447318454371601035e+02 4.335839642122849909e+03
2.452865879688765460e+02 4.371510725873732554e+03
2.455032253391847519e+02 4.385768783619147143e+03
2.457166551245714459e+02 4.400000000000000000e+03
2.458203990787522173e+02 4.406984467210255389e+03
2.464580802075072086e+02 4.450902561122331463e+03
2.467664415653312062e+02 4.472764117764656476e+03
2.470681626804397695e+02 4.494561065026764481e+03
2.471054215421433469e+02 4.497281034716017530e+03
2.471425809122349619e+02 4.500000000000000000e+03
2.473985588737706678e+02 4.518901882588699664e+03
2.476498542275743375e+02 4.537754164709254837e+03
2.476723863024785999e+02 4.539459058171074503e+03
2.476948812590037790e+02 4.541163546563089767e+03
2.479625166422840721e+02 4.561628604046322835e+03
2.480943821081880856e+02 4.571839253271146845e+03
2.481598360756647423e+02 4.576939121644680199e+03
2.481924445023290673e+02 4.579487693472211504e+03
2.482249743170876854e+02 4.582035357707135518e+03
2.484524742128689354e+02 4.600000000000000000e+03
2.487335094402224911e+02 4.622554150333280631e+03
2.489715042265302429e+02 4.641974078156351425e+03
2.493211308026450865e+02 4.671047855811226327e+03
2.496616069886352420e+02 4.700000000000000000e+03
2.496758357276002869e+02 4.701223933096043766e+03
2.496900486186375474e+02 4.702447642573829398e+03
2.499907243831297023e+02 4.728604880064525787e+03
2.501861534470722574e+02 4.745886131456858493e+03
2.503785917976025814e+02 4.763122760832113272e+03
2.504620687043829719e+02 4.770668521131959096e+03
2.505449906088865077e+02 4.778205745655412102e+03
2.507091930820497794e+02 4.793254645241781873e+03
2.507457565205133108e+02 4.796628177874657922e+03
2.507822121555223589e+02 4.800000000000000000e+03
2.509126190633611202e+02 4.812129562455151245e+03
2.509773023037015491e+02 4.818185765245956645e+03
2.510095151655875156e+02 4.821211725570394265e+03
2.510416426749296477e+02 4.824236259859541860e+03
2.514393519589899313e+02 4.862230287249800313e+03
2.518242565283451029e+02 4.900000000000000000e+03
2.520101842330979878e+02 4.918608118927849318e+03
2.521931723268270389e+02 4.937160013312628507e+03
2.524985812125920290e+02 4.968660727985812628e+03
2.526482691804868068e+02 4.984350466656896970e+03
2.527960011208103595e+02 5.000000000000000000e+03
2.528683124791587602e+02 5.007720659996419272e+03
2.529401538147469637e+02 5.015431166328467953e+03
2.530824453210362890e+02 5.030821798014501837e+03
2.531650534087972346e+02 5.039830148983069193e+03
2.532470414325377988e+02 5.048824642022135777e+03
2.532876548053573913e+02 5.053300105003316276e+03
2.533281169833783508e+02 5.057772140936690448e+03
2.533482916489881234e+02 5.060006874990323922e+03
2.533684288433596237e+02 5.062240753757101629e+03
2.533784834227875820e+02 5.063357372561343254e+03
2.533885286749482475e+02 5.064473777727936067e+03
2.533985646132971397e+02 5.065589969318183648e+03
2.534035790940048685e+02 5.066147985041328866e+03
2.534085912512927905e+02 5.066705947393367751e+03
2.534547508143226651e+02 5.071854175867099912e+03
2.535007138320960394e+02 5.076997862837097273e+03
2.535466225121758157e+02 5.082152863521321706e+03
2.535923360349818836e+02 5.087303306729801989e+03
2.536379976446266085e+02 5.092465273752032772e+03
2.536607556955531777e+02 5.095044541692768689e+03
2.536834654557265196e+02 5.097622666933323671e+03
2.537023980861497705e+02 5.099775307355141194e+03
2.537043727459472677e+02 5.100000000000000000e+03
2.537388907469008359e+02 5.103933093874856240e+03
2.537732956341005206e+02 5.107863416640710057e+03
2.537987988537950912e+02 5.110783377244053554e+03
2.538242401136971580e+02 5.113701809280693851e+03
2.538369653727606874e+02 5.115163646537939712e+03
2.538496751614057132e+02 5.116625100430052953e+03
2.538623695086618284e+02 5.118086171107819609e+03
2.538750484434806367e+02 5.119546858721945682e+03
2.538849325969678148e+02 5.120686536537831671e+03
2.538948073948039337e+02 5.121825981212500665e+03
2.539046728506515365e+02 5.122965192817484422e+03
2.539096020796077369e+02 5.123534711241189143e+03
2.539145289781772874e+02 5.124104171424285596e+03
2.540784849427109577e+02 5.143175607226947250e+03
2.542398826765164586e+02 5.162181835061464881e+03
2.543987830858359587e+02 5.181123188790137647e+03
2.545552450258799126e+02 5.200000000000000000e+03
2.548568311521405008e+02 5.237037856906376874e+03
2.551084247296394381e+02 5.268613070347176290e+03
2.553536489539895911e+02 5.300000000000000000e+03
2.555891176293330886e+02 5.330725577178969615e+03
2.556019288989186862e+02 5.332414195103907332e+03
2.558437313729207006e+02 5.364619688891984879e+03
2.559747655670865356e+02 5.382341283162184482e+03
2.561039364572200157e+02 5.400000000000000000e+03
2.561627856967995740e+02 5.408108483110237103e+03
2.562212443959666075e+02 5.416203119612529008e+03
2.563370054835415885e+02 5.432350994423984048e+03
2.563943155220717927e+02 5.440404303246951713e+03
2.564512501534590001e+02 5.448443906490607333e+03
2.565640076861594707e+02 5.464482135951820965e+03
2.566261443365406194e+02 5.473386772410306548e+03
2.566878338863847944e+02 5.482274596889916211e+03
2.568098905826350347e+02 5.500000000000000000e+03
2.568651997108339629e+02 5.508094375114532340e+03
2.569201413908922405e+02 5.516174135411034513e+03
2.570289366903073187e+02 5.532289969591510271e+03
2.570827974542020229e+02 5.540326122140537336e+03
2.571363048958517084e+02 5.548347817202922670e+03
2.572422733438618252e+02 5.564347990646462677e+03
2.573593925735030439e+02 5.582209796666496004e+03
2.574173172044365856e+02 5.591113821732636097e+03
2.574461227369124003e+02 5.595559138360928046e+03
2.574748244824556878e+02 5.600000000000000000e+03
2.575691932910732476e+02 5.614737222997924619e+03
2.576608070227048870e+02 5.629272204888298802e+03
2.577889974339631749e+02 5.650000000000000000e+03
2.578200239001261025e+02 5.655086888358275246e+03
2.578354174165220343e+02 5.657621033707950119e+03
2.578430844964810831e+02 5.658885791585033076e+03
2.578469106479888069e+02 5.659517593057181330e+03
2.578507318855887434e+02 5.660149010020322748e+03
2.578511418258602816e+02 5.660216773446381922e+03
2.578577297356857798e+02 5.661306434670083945e+03
2.578610182181379287e+02 5.661850836085401170e+03
2.578626610937183159e+02 5.662122929592526816e+03
2.578643030598034329e+02 5.662394951670154114e+03
2.578869694995090072e+02 5.666158182732464411e+03
2.579817931389935666e+02 5.682067792569701851e+03
2.580377101000602806e+02 5.691577756961269188e+03
2.580652649216165173e+02 5.696299767616116696e+03
2.580925554111722704e+02 5.701000000000000000e+03
2.581720331633175647e+02 5.716005170388375518e+03
2.582505003328369639e+02 5.730947898682818050e+03
2.582592009727177356e+02 5.732612718651146679e+03
2.582678892633973078e+02 5.734276765325053020e+03
2.582768778424548373e+02 5.736000000000000000e+03
2.583670010608122993e+02 5.753372645957148961e+03
2.584044755744208715e+02 5.760647581597568205e+03
2.584383370196477472e+02 5.767247208179240261e+03
2.584575351111831196e+02 5.771000000000000000e+03
2.584969524653752160e+02 5.778745214811430742e+03
2.585008532325413171e+02 5.779515157886744419e+03
2.585228945538203789e+02 5.783877590861345197e+03
2.585660462633541670e+02 5.792477131407868910e+03
2.585945932299247261e+02 5.798209559798375267e+03
2.586641480551299423e+02 5.812324404815953130e+03
2.587063859675075719e+02 5.821000000000000000e+03
2.587646064508575137e+02 5.833090747999037376e+03
2.587721249558023828e+02 5.834663479482633193e+03
2.587758746711600679e+02 5.835448831251936099e+03
2.587777471510084979e+02 5.835841254024722730e+03
2.587796180480759176e+02 5.836233508201259610e+03
2.587874291293146598e+02 5.837872951980803009e+03
2.587913243329311967e+02 5.838691570176271853e+03
2.587932693577787973e+02 5.839100603783760562e+03
2.587942412268710086e+02 5.839305051769019883e+03
2.587952126674197189e+02 5.839509453895870138e+03
2.588153477266202458e+02 5.843756106197040936e+03
2.588213403860992230e+02 5.845023708057446129e+03
2.588766389775713037e+02 5.856801948922146948e+03
2.589423867936399120e+02 5.871000000000000000e+03
2.589892696786819215e+02 5.881256383119759448e+03
2.590351198152409324e+02 5.891395956763047252e+03
2.591017253987179174e+02 5.906322774931001732e+03
2.591661956530560929e+02 5.921000000000000000e+03
2.591925024916690177e+02 5.927055336232162517e+03
2.592184599107984013e+02 5.933068701681323546e+03
2.592693514307338774e+02 5.944971253664713913e+03
2.593189193618844683e+02 5.956711063565764562e+03
2.593489079806934683e+02 5.963885586377381514e+03
2.593784196721372837e+02 5.971000000000000000e+03
2.594302668629665618e+02 5.984097967492593853e+03
2.594815555329444123e+02 5.997145694263439509e+03
2.595184417705820579e+02 6.006585953588864868e+03
2.595550412700165452e+02 6.016000000000000000e+03
2.595824866358389045e+02 6.023090516904660944e+03
2.596409129940139451e+02 6.038274581129143371e+03
2.596812714451665443e+02 6.048834999067952594e+03
2.597274830427904817e+02 6.061000000000000000e+03
2.597696036000606910e+02 6.072156670230864620e+03
2.598113383329248904e+02 6.083276379584152892e+03
2.598326197607999006e+02 6.088971767949280547e+03
2.598538014189821865e+02 6.094657484409988683e+03
2.598958680095674936e+02 6.106000000000000000e+03
2.599164839532164706e+02 6.111583532987353465e+03
2.599370052155810527e+02 6.117157741448922025e+03
2.599777660967902193e+02 6.128278278070941269e+03
2.599985485277300086e+02 6.133973282880642728e+03
2.600192336694805704e+02 6.139658554866933628e+03
2.600398221559602234e+02 6.145334118958759063e+03
2.600500803512178436e+02 6.148168268311272186e+03
2.600603146179369105e+02 6.151000000000000000e+03
2.601198130878109396e+02 6.168475816192898492e+03
2.601792091405281440e+02 6.186000000000000000e+03
2.602381763780137476e+02 6.203475292094711222e+03
2.602970497201606577e+02 6.221000000000000000e+03
2.603471733938227430e+02 6.235981114146495202e+03
2.603805314839070206e+02 6.245982315499501055e+03
2.604138616417757248e+02 6.256000000000000000e+03
2.604428428743638051e+02 6.264730751490902549e+03
2.604718045099861570e+02 6.273474316488087425e+03
2.605007466081927987e+02 6.282230723220483014e+03
2.605296692284047140e+02 6.291000000000000000e+03
2.605625478432877458e+02 6.300991482874092981e+03
2.605954029573366597e+02 6.311000000000000000e+03
2.606221364581483044e+02 6.319161558655203407e+03
2.606354976579071945e+02 6.323246641096669919e+03
2.606488551648147336e+02 6.327334596315524323e+03
2.606608208585191733e+02 6.331000000000000000e+03
2.606735279837104144e+02 6.334896038686511019e+03
2.606862319241108708e+02 6.338794716459812662e+03
2.606989326843299182e+02 6.342696036002298570e+03
2.607052818732689730e+02 6.344647687276229590e+03
2.607116302688896212e+02 6.346600000000000364e+03
2.607246825787464104e+02 6.351300000000000182e+03
2.607312011497547246e+02 6.353650000000000546e+03
2.607344585418910583e+02 6.354825000000000728e+03
2.607377146727756099e+02 6.356000000000000000e+03
2.607544871437427219e+02 6.363500000000000000e+03
2.607628581062206194e+02 6.367250000000000000e+03
2.607670397774037951e+02 6.369125000000000000e+03
2.607691296615035412e+02 6.370062500000000000e+03
2.607712189116642776e+02 6.371000000000000000e+03
2.607733081618249571e+02 6.370062500000000000e+03
2.607753980459247032e+02 6.369125000000000000e+03
2.607795797171079357e+02 6.367250000000000000e+03
2.607879506795858333e+02 6.363500000000000000e+03
2.608047231505529453e+02 6.356000000000000000e+03
2.608079792814374969e+02 6.354825000000000728e+03
2.608112366735737737e+02 6.353650000000000546e+03
2.608177552445821448e+02 6.351300000000000182e+03
2.608308075544389339e+02 6.346600000000000364e+03
2.608371559500595822e+02 6.344647687276229590e+03
2.608435051389985802e+02 6.342696036002298570e+03
2.608562058992176844e+02 6.338794716459812662e+03
2.608689098396180839e+02 6.334896038686511019e+03
2.608816169648093819e+02 6.331000000000000000e+03
2.608935826585137647e+02 6.327334596315524323e+03
2.609069401654213038e+02 6.323246641096669919e+03
2.609203013651801939e+02 6.319161558655203407e+03
2.609470348659918955e+02 6.311000000000000000e+03
2.609798899800407526e+02 6.300991482874092981e+03
2.610127685949238412e+02 6.291000000000000000e+03
2.610416912151356996e+02 6.282230723220483014e+03
2.610706333133423414e+02 6.273474316488087425e+03
2.610995949489646932e+02 6.264730751490902549e+03
2.611285761815527167e+02 6.256000000000000000e+03
2.611619063394215345e+02 6.245982315499501055e+03
2.611952644295057553e+02 6.235981114146495202e+03
2.612453881031678975e+02 6.221000000000000000e+03
2.613042614453147507e+02 6.203475292094711222e+03
2.613632286828003544e+02 6.186000000000000000e+03
2.614226247355176156e+02 6.168475816192898492e+03
2.614821232053916447e+02 6.151000000000000000e+03
2.614923574721105979e+02 6.148168268311272186e+03
2.615026156673683317e+02 6.145334118958759063e+03
2.615232041538479280e+02 6.139658554866933628e+03
2.615438892955985466e+02 6.133973282880642728e+03
2.615646717265382790e+02 6.128278278070941269e+03
2.616054326077474457e+02 6.117157741448922025e+03
2.616259538701119709e+02 6.111583532987353465e+03
2.616465698137610048e+02 6.106000000000000000e+03
2.616886364043463118e+02 6.094657484409988683e+03
2.617098180625285977e+02 6.088971767949280547e+03
2.617310994904036079e+02 6.083276379584152892e+03
2.617728342232678642e+02 6.072156670230864620e+03
2.618149547805380166e+02 6.061000000000000000e+03
2.618611663781618972e+02 6.048834999067952594e+03
2.619015248293145532e+02 6.038274581129143371e+03
2.619599511874896507e+02 6.023090516904660944e+03
2.619873965533120099e+02 6.016000000000000000e+03
2.620239960527463836e+02 6.006585953588864868e+03
2.620608822903840291e+02 5.997145694263439509e+03
2.621121709603619365e+02 5.984097967492593853e+03
2.621640181511912715e+02 5.971000000000000000e+03
2.621935298426350300e+02 5.963885586377381514e+03
2.622235184614440300e+02 5.956711063565764562e+03
2.622730863925946210e+02 5.944971253664713913e+03
2.623239779125300970e+02 5.933068701681323546e+03
2.623499353316594807e+02 5.927055336232162517e+03
2.623762421702724623e+02 5.921000000000000000e+03
2.624407124246106378e+02 5.906322774931001732e+03
2.625073180080875090e+02 5.891395956763047252e+03
2.625531681446465768e+02 5.881256383119759448e+03
2.626000510296886432e+02 5.871000000000000000e+03
2.626657988457571946e+02 5.856801948922146948e+03
2.627210974372293322e+02 5.845023708057446129e+03
2.627270900967082525e+02 5.843756106197040936e+03
2.627472251559088363e+02 5.839509453895870138e+03
2.627481965964575465e+02 5.839305051769019883e+03
2.627491684655497011e+02 5.839100603783760562e+03
2.627511134903973016e+02 5.838691570176271853e+03
2.627550086940138954e+02 5.837872951980803009e+03
2.627628197752525807e+02 5.836233508201259610e+03
2.627646906723199436e+02 5.835841254024722730e+03
2.627665631521684872e+02 5.835448831251936099e+03
2.627703128675261155e+02 5.834663479482633193e+03
2.627778313724709847e+02 5.833090747999037376e+03
2.628360518558209833e+02 5.821000000000000000e+03
2.628782897681985560e+02 5.812324404815953130e+03
2.629478445934038291e+02 5.798209559798375267e+03
2.629763915599743314e+02 5.792477131407868910e+03
2.630195432695081763e+02 5.783877590861345197e+03
2.630415845907872381e+02 5.779515157886744419e+03
2.630454853579533392e+02 5.778745214811430742e+03
2.630849027121454355e+02 5.771000000000000000e+03
2.631041008036808080e+02 5.767247208179240261e+03
2.631379622489076837e+02 5.760647581597568205e+03
2.631754367625161422e+02 5.753372645957148961e+03
2.632655599808736611e+02 5.736000000000000000e+03
2.632745485599311905e+02 5.734276765325053020e+03
2.632832368506107628e+02 5.732612718651146679e+03
2.632919374904915912e+02 5.730947898682818050e+03
2.633704046600109905e+02 5.716005170388375518e+03
2.634498824121562279e+02 5.701000000000000000e+03
2.634771729017119242e+02 5.696299767616116696e+03
2.635047277232682177e+02 5.691577756961269188e+03
2.635606446843349318e+02 5.682067792569701851e+03
2.636554683238194912e+02 5.666158182732464411e+03
2.636781347635250654e+02 5.662394951670154114e+03
2.636797767296101256e+02 5.662122929592526816e+03
2.636814196051905697e+02 5.661850836085401170e+03
2.636847080876426617e+02 5.661306434670083945e+03
2.636912959974682167e+02 5.660216773446381922e+03
2.636917059377398118e+02 5.660149010020322748e+03
2.636955271753396914e+02 5.659517593057181330e+03
2.636993533268473584e+02 5.658885791585033076e+03
2.637070204068064641e+02 5.657621033707950119e+03
2.637224139232023390e+02 5.655086888358275246e+03
2.637534403893653234e+02 5.650000000000000000e+03
2.638816308006236113e+02 5.629272204888298802e+03
2.639732445322551939e+02 5.614737222997924619e+03
2.640676133408728674e+02 5.600000000000000000e+03
2.640963150864160980e+02 5.595559138360928046e+03
2.641251206188919127e+02 5.591113821732636097e+03
2.641830452498254544e+02 5.582209796666496004e+03
2.643001644794666731e+02 5.564347990646462677e+03
2.644061329274768468e+02 5.548347817202922670e+03
2.644596403691265323e+02 5.540326122140537336e+03
2.645135011330211228e+02 5.532289969591510271e+03
2.646222964324363147e+02 5.516174135411034513e+03
2.646772381124945355e+02 5.508094375114532340e+03
2.647325472406934068e+02 5.500000000000000000e+03
2.648546039369437040e+02 5.482274596889916211e+03
2.649162934867879358e+02 5.473386772410306548e+03
2.649784301371690844e+02 5.464482135951820965e+03
2.650911876698695551e+02 5.448443906490607333e+03
2.651481223012567057e+02 5.440404303246951713e+03
2.652054323397869098e+02 5.432350994423984048e+03
2.653211934273618908e+02 5.416203119612529008e+03
2.653796521265289243e+02 5.408108483110237103e+03
2.654385013661084827e+02 5.400000000000000000e+03
2.655676722562419627e+02 5.382341283162184482e+03
2.656987064504078262e+02 5.364619688891984879e+03
2.659405089244098690e+02 5.332414195103907332e+03
2.659533201939954097e+02 5.330725577178969615e+03
2.661887888693389073e+02 5.300000000000000000e+03
2.664340130936890318e+02 5.268613070347176290e+03
2.666856066711879976e+02 5.237037856906376874e+03
2.669871927974486425e+02 5.200000000000000000e+03
2.671436547374925112e+02 5.181123188790137647e+03
2.673025551468120398e+02 5.162181835061464881e+03
2.674639528806175122e+02 5.143175607226947250e+03
2.676279088451511825e+02 5.124104171424285596e+03
2.676328357437207615e+02 5.123534711241189143e+03
2.676377649726770187e+02 5.122965192817484422e+03
2.676476304285246215e+02 5.121825981212500665e+03
2.676575052263607404e+02 5.120686536537831671e+03
2.676673893798479185e+02 5.119546858721945682e+03
2.676800683146666415e+02 5.118086171107819609e+03
2.676927626619228135e+02 5.116625100430052953e+03
2.677054724505678109e+02 5.115163646537939712e+03
2.677181977096313403e+02 5.113701809280693851e+03
2.677436389695334356e+02 5.110783377244053554e+03
2.677691421892279777e+02 5.107863416640710057e+03
2.678035470764276624e+02 5.103933093874856240e+03
2.678380650773812590e+02 5.100000000000000000e+03
2.678400397371786994e+02 5.099775307355141194e+03
2.678589723676020071e+02 5.097622666933323671e+03
2.678816821277753206e+02 5.095044541692768689e+03
2.679044401787018614e+02 5.092465273752032772e+03
2.679501017883466147e+02 5.087303306729801989e+03
2.679958153111526826e+02 5.082152863521321706e+03
2.680417239912324590e+02 5.076997862837097273e+03
2.680876870090058901e+02 5.071854175867099912e+03
2.681338465720357362e+02 5.066705947393367751e+03
2.681388587293236583e+02 5.066147985041328866e+03
2.681438732100313587e+02 5.065589969318183648e+03
2.681539091483803077e+02 5.064473777727936067e+03
2.681639544005408879e+02 5.063357372561343254e+03
2.681740089799689031e+02 5.062240753757101629e+03
2.681941461743404034e+02 5.060006874990323922e+03
2.682143208399501759e+02 5.057772140936690448e+03
2.682547830179711355e+02 5.053300105003316276e+03
2.682953963907907564e+02 5.048824642022135777e+03
2.683773844145313205e+02 5.039830148983069193e+03
2.684599925022922662e+02 5.030821798014501837e+03
2.686022840085815346e+02 5.015431166328467953e+03
2.686741253441697381e+02 5.007720659996419272e+03
2.687464367025181673e+02 5.000000000000000000e+03
2.688941686428416915e+02 4.984350466656896970e+03
2.690438566107364977e+02 4.968660727985812628e+03
2.693492654965015163e+02 4.937160013312628507e+03
2.695322535902305390e+02 4.918608118927849318e+03
2.697181812949834239e+02 4.900000000000000000e+03
2.701030858643385955e+02 4.862230287249800313e+03
2.705007951483988791e+02 4.824236259859541860e+03
2.705329226577409827e+02 4.821211725570394265e+03
2.705651355196270060e+02 4.818185765245956645e+03
2.706298187599674065e+02 4.812129562455151245e+03
2.707602256678061394e+02 4.800000000000000000e+03
2.707966813028151591e+02 4.796628177874657922e+03
2.708332447412787474e+02 4.793254645241781873e+03
2.709974472144419906e+02 4.778205745655412102e+03
2.710803691189455549e+02 4.770668521131959096e+03
2.711638460257259453e+02 4.763122760832113272e+03
2.713562843762562693e+02 4.745886131456858493e+03
2.715517134401987960e+02 4.728604880064525787e+03
2.718523892046910078e+02 4.702447642573829398e+03
2.718666020957282399e+02 4.701223933096043766e+03
2.718808308346932563e+02 4.700000000000000000e+03
2.722213070206834118e+02 4.671047855811226327e+03
2.725709335967982838e+02 4.641974078156351425e+03
2.728089283831060357e+02 4.622554150333280631e+03
2.730899636104595629e+02 4.600000000000000000e+03
2.733174635062408697e+02 4.582035357707135518e+03
2.733499933209994879e+02 4.579487693472211504e+03
2.733826017476637844e+02 4.576939121644680199e+03
2.734480557151404128e+02 4.571839253271146845e+03
2.735799211810444262e+02 4.561628604046322835e+03
2.738475565643247478e+02 4.541163546563089767e+03
2.738700515208498700e+02 4.539459058171074503e+03
2.738925835957541608e+02 4.537754164709254837e+03
2.741438789495578021e+02 4.518901882588699664e+03
2.743998569110935932e+02 4.500000000000000000e+03
2.744370162811851515e+02 4.497281034716017530e+03
2.744742751428887004e+02 4.494561065026764481e+03
2.747759962579972921e+02 4.472764117764656476e+03
2.750843576158213182e+02 4.450902561122331463e+03
2.757220387445763095e+02 4.406984467210255389e+03
2.758257826987570525e+02 4.400000000000000000e+03
2.760392124841437749e+02 4.385768783619147143e+03
2.762558498544519807e+02 4.371510725873732554e+03
2.768105923861684232e+02 4.335839642122849909e+03
2.773872605138162726e+02 4.300000000000000000e+03
2.781827806466932316e+02 4.252544907707078892e+03
2.785582133201595525e+02 4.230918457524750920e+03
2.788315365153617904e+02 4.215474635658658372e+03
2.791099250485128778e+02 4.200000000000000000e+03
2.796837728518440258e+02 4.168895314184890594e+03
2.802801774014337752e+02 4.137666949604132242e+03
2.803067979780130372e+02 4.136298565928655080e+03
2.806634764255862251e+02 4.118170185945573394e+03
2.810286824246630886e+02 4.100000000000000000e+03
2.817871081755671412e+02 4.063495247384585582e+03
2.825849199752178720e+02 4.026822041401353090e+03
2.827347772324660582e+02 4.020124987488006354e+03
2.828861080372150809e+02 4.013422300691796409e+03
2.831933079776194973e+02 4.000000000000000000e+03
2.833058564041534737e+02 3.995143612901741562e+03
2.834192341689381465e+02 3.990284269093446710e+03
2.838492635862766065e+02 3.972149362520172872e+03
2.842916721456585947e+02 3.953973216789043363e+03
2.843482587014831324e+02 3.951683009119788494e+03
2.844050547068968626e+02 3.949392145892666576e+03
2.845192815002138218e+02 3.944808451638598854e+03
2.848011980991605014e+02 3.933629798901071808e+03
2.850884029313788233e+02 3.922435527900394845e+03
2.853811074942641994e+02 3.911225605882083528e+03
2.856795378608970282e+02 3.900000000000000000e+03
2.862940222633144458e+02 3.877521237213616132e+03
2.869345376720880267e+02 3.854979169015443404e+03
2.883041252431321482e+02 3.809704043666336020e+03
2.884581694761010340e+02 3.804853485772945078e+03
2.886138458461551863e+02 3.800000000000000000e+03
2.891241706273960972e+02 3.784427856473555948e+03
2.896531350446518900e+02 3.768825250797792251e+03
2.907738013594548647e+02 3.737528294758099491e+03
2.922420906427254295e+02 3.700000000000000000e+03
2.936165980092126233e+02 3.668280721280808848e+03
2.945197468726634042e+02 3.649163394452884859e+03
2.954952315552438904e+02 3.630000000000000000e+03
2.963130518755924641e+02 3.614999772910571210e+03
2.967404728442711530e+02 3.607499829684217730e+03
2.971816455389259772e+02 3.600000000000000000e+03
2.986498584919394261e+02 3.576775986262010065e+03
2.994541035379023128e+02 3.565164474887929828e+03
3.003176813325825947e+02 3.553553293824999400e+03
3.026257100955974124e+02 3.526775768576072096e+03
3.057626786615859942e+02 3.500000000000000000e+03
3.070698982069866929e+02 3.492023793463924903e+03
3.103856026894599154e+02 3.480000000000000000e+03
3.137013071719331947e+02 3.492023793463924903e+03
3.150085267173338934e+02 3.500000000000000000e+03
3.181454952833224752e+02 3.526775768576072096e+03
3.204535240463372929e+02 3.553553293824999400e+03
3.213171018410175748e+02 3.565164474887929828e+03
3.221213468869804615e+02 3.576775986262010065e+03
3.235895598399939104e+02 3.600000000000000000e+03
3.240307325346486778e+02 3.607499829684217730e+03
3.244581535033274236e+02 3.614999772910571210e+03
3.252759738236759972e+02 3.630000000000000000e+03
3.262514585062565402e+02 3.649163394452884859e+03
3.271546073697072643e+02 3.668280721280808848e+03
3.285291147361945150e+02 3.700000000000000000e+03
3.299974040194650229e+02 3.737528294758099491e+03
3.311180703342680545e+02 3.768825250797792251e+03
3.316470347515238473e+02 3.784427856473555948e+03
3.321573595327647013e+02 3.800000000000000000e+03
3.323130359028189105e+02 3.804853485772945078e+03
3.324670801357876826e+02 3.809704043666336020e+03
3.338366677068319177e+02 3.854979169015443404e+03
3.344771831156054418e+02 3.877521237213616132e+03
3.350916675180228594e+02 3.900000000000000000e+03
3.353900978846557450e+02 3.911225605882083528e+03
3.356828024475410643e+02 3.922435527900394845e+03
3.359700072797594430e+02 3.933629798901071808e+03
3.362519238787061227e+02 3.944808451638598854e+03
3.363661506720230818e+02 3.949392145892666576e+03
3.364229466774368120e+02 3.951683009119788494e+03
3.364795332332614066e+02 3.953973216789043363e+03
3.369219417926433948e+02 3.972149362520172872e+03
3.373519712099818548e+02 3.990284269093446710e+03
3.374653489747665276e+02 3.995143612901741562e+03
3.375778974013005040e+02 4.000000000000000000e+03
3.378850973417049204e+02 4.013422300691796409e+03
3.380364281464539999e+02 4.020124987488006354e+03
3.381862854037020725e+02 4.026822041401353090e+03
3.389840972033528601e+02 4.063495247384585582e+03
3.397425229542569127e+02 4.100000000000000000e+03
3.401077289533338330e+02 4.118170185945573394e+03
3.404644074009069641e+02 4.136298565928655080e+03
3.404910279774862261e+02 4.137666949604132242e+03
3.410874325270760323e+02 4.168895314184890594e+03
3.416612803304071804e+02 4.200000000000000000e+03
3.419396688635582109e+02 4.215474635658658372e+03
3.422129920587605056e+02 4.230918457524750920e+03
3.425884247322267697e+02 4.252544907707078892e+03
3.433839448651037856e+02 4.300000000000000000e+03
3.439606129927516349e+02 4.335839642122849909e+03
3.445153555244681343e+02 4.371510725873732554e+03
3.447319928947763401e+02 4.385768783619147143e+03
3.449454226801630057e+02 4.400000000000000000e+03
3.450491666343437487e+02 4.406984467210255389e+03
3.456868477630987968e+02 4.450902561122331463e+03
3.459952091209227660e+02 4.472764117764656476e+03
3.462969302360313577e+02 4.494561065026764481e+03
3.463341890977349067e+02 4.497281034716017530e+03
3.463713484678264649e+02 4.500000000000000000e+03
3.466273264293621992e+02 4.518901882588699664e+03
3.468786217831658973e+02 4.537754164709254837e+03
3.469011538580701881e+02 4.539459058171074503e+03
3.469236488145953103e+02 4.541163546563089767e+03
3.471912841978756319e+02 4.561628604046322835e+03
3.473231496637796454e+02 4.571839253271146845e+03
3.473886036312563306e+02 4.576939121644680199e+03
3.474212120579206271e+02 4.579487693472211504e+03
3.474537418726792453e+02 4.582035357707135518e+03
3.476812417684604952e+02 4.600000000000000000e+03
3.479622769958140793e+02 4.622554150333280631e+03
3.482002717821218312e+02 4.641974078156351425e+03
3.485498983582366463e+02 4.671047855811226327e+03
3.488903745442268018e+02 4.700000000000000000e+03
3.489046032831918751e+02 4.701223933096043766e+03
3.489188161742291072e+02 4.702447642573829398e+03
3.492194919387212622e+02 4.728604880064525787e+03
3.494149210026638457e+02 4.745886131456858493e+03
3.496073593531941697e+02 4.763122760832113272e+03
3.496908362599745601e+02 4.770668521131959096e+03
3.497737581644780676e+02 4.778205745655412102e+03
3.499379606376413676e+02 4.793254645241781873e+03
3.499745240761048990e+02 4.796628177874657922e+03
3.500109797111139756e+02 4.800000000000000000e+03
3.501413866189527653e+02 4.812129562455151245e+03
3.502060698592931658e+02 4.818185765245956645e+03
3.502382827211791323e+02 4.821211725570394265e+03
3.502704102305212359e+02 4.824236259859541860e+03
3.506681195145815195e+02 4.862230287249800313e+03
3.510530240839366911e+02 4.900000000000000000e+03
3.512389517886895760e+02 4.918608118927849318e+03
3.514219398824186555e+02 4.937160013312628507e+03
3.517273487681836173e+02 4.968660727985812628e+03
3.518770367360784235e+02 4.984350466656896970e+03
3.520247686764019477e+02 5.000000000000000000e+03
3.520970800347503200e+02 5.007720659996419272e+03
3.521689213703385803e+02 5.015431166328467953e+03
3.523112128766279056e+02 5.030821798014501837e+03
3.523938209643888513e+02 5.039830148983069193e+03
3.524758089881294154e+02 5.048824642022135777e+03
3.525164223609490364e+02 5.053300105003316276e+03
3.525568845389699959e+02 5.057772140936690448e+03
3.525770592045798253e+02 5.060006874990323922e+03
3.525971963989513256e+02 5.062240753757101629e+03
3.526072509783792839e+02 5.063357372561343254e+03
3.526172962305399210e+02 5.064473777727936067e+03
3.526273321688888700e+02 5.065589969318183648e+03
3.526323466495965704e+02 5.066147985041328866e+03
3.526373588068844924e+02 5.066705947393367751e+03
3.526835183699143386e+02 5.071854175867099912e+03
3.527294813876877697e+02 5.076997862837097273e+03
3.527753900677675460e+02 5.082152863521321706e+03
3.528211035905736139e+02 5.087303306729801989e+03
3.528667652002183104e+02 5.092465273752032772e+03
3.528895232511449080e+02 5.095044541692768689e+03
3.529122330113182215e+02 5.097622666933323671e+03
3.529311656417414724e+02 5.099775307355141194e+03
3.529331403015389697e+02 5.100000000000000000e+03
3.529676583024925662e+02 5.103933093874856240e+03
3.530020631896922509e+02 5.107863416640710057e+03
3.530275664093867931e+02 5.110783377244053554e+03
3.530530076692888315e+02 5.113701809280693851e+03
3.530657329283523609e+02 5.115163646537939712e+03
3.530784427169973583e+02 5.116625100430052953e+03
3.530911370642534735e+02 5.118086171107819609e+03
3.531038159990723102e+02 5.119546858721945682e+03
3.531137001525594883e+02 5.120686536537831671e+03
3.531235749503956640e+02 5.121825981212500665e+03
3.531334404062432668e+02 5.122965192817484422e+03
3.531383696351994672e+02 5.123534711241189143e+03
3.531432965337690462e+02 5.124104171424285596e+03
3.533072524983027165e+02 5.143175607226947250e+03
3.534686502321081889e+02 5.162181835061464881e+03
3.536275506414277174e+02 5.181123188790137647e+03
3.537840125814716430e+02 5.200000000000000000e+03
3.540855987077322311e+02 5.237037856906376874e+03
3.543371922852311968e+02 5.268613070347176290e+03
3.545824165095813214e+02 5.300000000000000000e+03
3.548178851849248190e+02 5.330725577178969615e+03
3.548306964545104165e+02 5.332414195103907332e+03
3.550724989285124025e+02 5.364619688891984879e+03
3.552035331226782091e+02 5.382341283162184482e+03
3.553327040128117460e+02 5.400000000000000000e+03
3.553915532523912475e+02 5.408108483110237103e+03
3.554500119515582810e+02 5.416203119612529008e+03
3.555657730391332620e+02 5.432350994423984048e+03
3.556230830776634662e+02 5.440404303246951713e+03
3.556800177090506736e+02 5.448443906490607333e+03
3.557927752417511442e+02 5.464482135951820965e+03
3.558549118921323497e+02 5.473386772410306548e+03
3.559166014419765247e+02 5.482274596889916211e+03
3.560386581382268218e+02 5.500000000000000000e+03
3.560939672664257500e+02 5.508094375114532340e+03
3.561489089464839708e+02 5.516174135411034513e+03
3.562577042458991627e+02 5.532289969591510271e+03
3.563115650097938101e+02 5.540326122140537336e+03
3.563650724514434955e+02 5.548347817202922670e+03
3.564710408994536692e+02 5.564347990646462677e+03
3.565881601290948311e+02 5.582209796666496004e+03
3.566460847600284296e+02 5.591113821732636097e+03
3.566748902925041875e+02 5.595559138360928046e+03
3.567035920380474181e+02 5.600000000000000000e+03
3.567979608466650916e+02 5.614737222997924619e+03
3.568895745782966742e+02 5.629272204888298802e+03
3.570177649895549052e+02 5.650000000000000000e+03
3.570487914557178897e+02 5.655086888358275246e+03
3.570641849721137646e+02 5.657621033707950119e+03
3.570718520520728703e+02 5.658885791585033076e+03
3.570756782035805941e+02 5.659517593057181330e+03
3.570794994411804737e+02 5.660149010020322748e+03
3.570799093814520120e+02 5.660216773446381922e+03
3.570864972912775670e+02 5.661306434670083945e+03
3.570897857737296590e+02 5.661850836085401170e+03
3.570914286493101031e+02 5.662122929592526816e+03
3.570930706153951633e+02 5.662394951670154114e+03
3.571157370551007375e+02 5.666158182732464411e+03
3.572105606945852969e+02 5.682067792569701851e+03
3.572664776556520110e+02 5.691577756961269188e+03
3.572940324772083045e+02 5.696299767616116696e+03
3.573213229667640007e+02 5.701000000000000000e+03
3.574008007189092382e+02 5.716005170388375518e+03
3.574792678884286374e+02 5.730947898682818050e+03
3.574879685283095228e+02 5.732612718651146679e+03
3.574966568189890950e+02 5.734276765325053020e+03
3.575056453980466245e+02 5.736000000000000000e+03
3.575957686164040865e+02 5.753372645957148961e+03
3.576332431300126018e+02 5.760647581597568205e+03
3.576671045752394775e+02 5.767247208179240261e+03
3.576863026667748500e+02 5.771000000000000000e+03
3.577257200209668895e+02 5.778745214811430742e+03
3.577296207881330474e+02 5.779515157886744419e+03
3.577516621094121092e+02 5.783877590861345197e+03
3.577948138189458973e+02 5.792477131407868910e+03
3.578233607855163996e+02 5.798209559798375267e+03
3.578929156107216727e+02 5.812324404815953130e+03
3.579351535230992454e+02 5.821000000000000000e+03
3.579933740064492440e+02 5.833090747999037376e+03
3.580008925113941132e+02 5.834663479482633193e+03
3.580046422267517414e+02 5.835448831251936099e+03
3.580065147066002282e+02 5.835841254024722730e+03
3.580083856036675911e+02 5.836233508201259610e+03
3.580161966849062765e+02 5.837872951980803009e+03
3.580200918885228702e+02 5.838691570176271853e+03
3.580220369133704708e+02 5.839100603783760562e+03
3.580230087824626821e+02 5.839305051769019883e+03
3.580239802230113355e+02 5.839509453895870138e+03
3.580441152822118624e+02 5.843756106197040936e+03
3.580501079416908965e+02 5.845023708057446129e+03
3.581054065331629772e+02 5.856801948922146948e+03
3.581711543492315855e+02 5.871000000000000000e+03
3.582180372342736518e+02 5.881256383119759448e+03
3.582638873708326628e+02 5.891395956763047252e+03
3.583304929543096478e+02 5.906322774931001732e+03
3.583949632086478232e+02 5.921000000000000000e+03
3.584212700472607480e+02 5.927055336232162517e+03
3.584472274663901317e+02 5.933068701681323546e+03
3.584981189863256077e+02 5.944971253664713913e+03
3.585476869174762555e+02 5.956711063565764562e+03
3.585776755362852555e+02 5.963885586377381514e+03
3.586071872277290140e+02 5.971000000000000000e+03
3.586590344185583490e+02 5.984097967492593853e+03
3.587103230885362564e+02 5.997145694263439509e+03
3.587472093261739019e+02 6.006585953588864868e+03
3.587838088256083324e+02 6.016000000000000000e+03
3.588112541914306917e+02 6.023090516904660944e+03
3.588696805496057323e+02 6.038274581129143371e+03
3.589100390007583314e+02 6.048834999067952594e+03
3.589562505983822120e+02 6.061000000000000000e+03
3.589983711556524213e+02 6.072156670230864620e+03
3.590401058885166208e+02 6.083276379584152892e+03
3.590613873163916310e+02 6.088971767949280547e+03
3.590825689745739169e+02 6.094657484409988683e+03
3.591246355651592239e+02 6.106000000000000000e+03
3.591452515088082578e+02 6.111583532987353465e+03
3.591657727711727830e+02 6.117157741448922025e+03
3.592065336523819497e+02 6.128278278070941269e+03
3.592273160833217389e+02 6.133973282880642728e+03
3.592480012250722439e+02 6.139658554866933628e+03
3.592685897115518969e+02 6.145334118958759063e+03
3.592788479068095739e+02 6.148168268311272186e+03
3.592890821735286409e+02 6.151000000000000000e+03
3.593485806434026131e+02 6.168475816192898492e+03
3.594079766961198743e+02 6.186000000000000000e+03
3.594669439336054779e+02 6.203475292094711222e+03
3.595258172757523312e+02 6.221000000000000000e+03
3.595759409494144165e+02 6.235981114146495202e+03
3.596092990394986373e+02 6.245982315499501055e+03
3.596426291973674552e+02 6.256000000000000000e+03
3.596716104299554786e+02 6.264730751490902549e+03
3.597005720655777736e+02 6.273474316488087425e+03
3.597295141637844722e+02 6.282230723220483014e+03
3.597584367839963306e+02 6.291000000000000000e+03
3.597913153988794193e+02 6.300991482874092981e+03
3.598241705129283332e+02 6.311000000000000000e+03
3.598509040137399779e+02 6.319161558655203407e+03
3.598642652134989248e+02 6.323246641096669919e+03
3.598776227204064071e+02 6.327334596315524323e+03
3.598895884141108468e+02 6.331000000000000000e+03
3.599022955393021448e+02 6.334896038686511019e+03
3.599149994797025442e+02 6.338794716459812662e+03
3.599277002399216485e+02 6.342696036002298570e+03
3.599340494288607033e+02 6.344647687276229590e+03
3.599403978244813516e+02 6.346600000000000364e+03
3.599534501343381407e+02 6.351300000000000182e+03
3.599599687053465118e+02 6.353650000000000546e+03
3.599632260974828455e+02 6.354825000000000728e+03
3.599664822283673971e+02 6.356000000000000000e+03
3.599832546993345090e+02 6.363500000000000000e+03
3.599916256618124066e+02 6.367250000000000000e+03
3.599958073329956392e+02 6.369125000000000000e+03
3.599978972170953853e+02 6.370062500000000000e+03
3.599999864672560648e+02 6.371000000000000000e+03
