6.000000000000000000e+01 5.771000000000000000e+03
6.001956752898835390e+01 5.778745214811430742e+03
6.002150509221273467e+01 5.779515157886744419e+03
6.003245719368139532e+01 5.783877590861345197e+03
6.005391790095731608e+01 5.792477131407868910e+03
6.006812905168992245e+01 5.798209559798375267e+03
6.010280065329223476e+01 5.812324404815953130e+03
6.012388709889349769e+01 5.821000000000000000e+03
6.015299173880937644e+01 5.833090747999037376e+03
6.015675356970668020e+01 5.834663479482633193e+03
6.015862999542967771e+01 5.835448831251936099e+03
6.015956708865209634e+01 5.835841254024722730e+03
6.016050343650507415e+01 5.836233508201259610e+03
6.016441323650502682e+01 5.837872951980803009e+03
6.016636326651551059e+01 5.838691570176271853e+03
6.016733706718422070e+01 5.839100603783760562e+03
6.016782366432851603e+01 5.839305051769019883e+03
6.016831005949539701e+01 5.839509453895870138e+03
6.017839441080279528e+01 5.843756106197040936e+03
6.018139678963765959e+01 5.845023708057446129e+03
6.020912446233861459e+01 5.856801948922146948e+03
6.024214434451812394e+01 5.871000000000000000e+03
6.026572475617014391e+01 5.881256383119759448e+03
6.028881373240082553e+01 5.891395956763047252e+03
6.032240381083380498e+01 5.906322774931001732e+03
6.035497226354068800e+01 5.921000000000000000e+03
6.036827724183112309e+01 5.927055336232162517e+03
6.038141431314386409e+01 5.933068701681323546e+03
6.040719592525840653e+01 5.944971253664713913e+03
6.043233920386504110e+01 5.956711063565764562e+03
6.044756627234729507e+01 5.963885586377381514e+03
6.046256246879805474e+01 5.971000000000000000e+03
6.048904198721135828e+01 5.984097967492593853e+03
6.051524975181168742e+01 5.997145694263439509e+03
6.053410635940510787e+01 6.006585953588864868e+03
6.055282321317410066e+01 6.016000000000000000e+03
6.056686313104814445e+01 6.023090516904660944e+03
6.059676434160281389e+01 6.038274581129143371e+03
6.061742889131299705e+01 6.048834999067952594e+03
6.064110047151808658e+01 6.061000000000000000e+03
6.066268578798714373e+01 6.072156670230864620e+03
6.068408215186150301e+01 6.083276379584152892e+03
6.069499596626940985e+01 6.088971767949280547e+03
6.070586086146975191e+01 6.094657484409988683e+03
6.072744508424395349e+01 6.106000000000000000e+03
6.073802627031884072e+01 6.111583532987353465e+03
6.074856095902867281e+01 6.117157741448922025e+03
6.076949195300153406e+01 6.128278278070941269e+03
6.078016704358149269e+01 6.133973282880642728e+03
6.079079428285374576e+01 6.139658554866933628e+03
6.080137396432777308e+01 6.145334118958759063e+03
6.080664606250112314e+01 6.148168268311272186e+03
6.081190638024668971e+01 6.151000000000000000e+03
6.084265068695228251e+01 6.168475816192898492e+03
6.087334645056481008e+01 6.186000000000000000e+03
6.090382486755323299e+01 6.203475292094711222e+03
6.093425892869412763e+01 6.221000000000000000e+03
6.096017316921698637e+01 6.235981114146495202e+03
6.097742113107857875e+01 6.245982315499501055e+03
6.099465594787090339e+01 6.256000000000000000e+03
6.100964300362155512e+01 6.264730751490902549e+03
6.102462087907303356e+01 6.273474316488087425e+03
6.103958960169572379e+01 6.282230723220483014e+03
6.105454919890912180e+01 6.291000000000000000e+03
6.107155608607675390e+01 6.300991482874092981e+03
6.108855201295767046e+01 6.311000000000000000e+03
6.110238210900088518e+01 6.319161558655203407e+03
6.110929457725697489e+01 6.323246641096669919e+03
6.111620532918880144e+01 6.327334596315524323e+03
6.112239616571609702e+01 6.331000000000000000e+03
6.112897077488412378e+01 6.334896038686511019e+03
6.113554390926014293e+01 6.338794716459812662e+03
6.114211557098784766e+01 6.342696036002298570e+03
6.114540085025819849e+01 6.344647687276229590e+03
6.114868576216971974e+01 6.346600000000000364e+03
6.115551748528052656e+01 6.351300000000000182e+03
6.115892950748539647e+01 6.353650000000000546e+03
6.116063456001410970e+01 6.354825000000000728e+03
6.116233897397441410e+01 6.356000000000000000e+03
6.117121578666769466e+01 6.363500000000000000e+03
6.117564628343242816e+01 6.367250000000000000e+03
6.117785955854116509e+01 6.369125000000000000e+03
6.117896570329119754e+01 6.370062500000000000e+03
6.118007151970062552e+01 6.371000000000000000e+03
6.118117733611004638e+01 6.370062500000000000e+03
6.118228348086008594e+01 6.369125000000000000e+03
6.118449675596881576e+01 6.367250000000000000e+03
6.118892725273354927e+01 6.363500000000000000e+03
6.119780406542682982e+01 6.356000000000000000e+03
6.119950847938714134e+01 6.354825000000000728e+03
6.120121353191584745e+01 6.353650000000000546e+03
6.120462555412071737e+01 6.351300000000000182e+03
6.121145727723152419e+01 6.346600000000000364e+03
6.121474218914304544e+01 6.344647687276229590e+03
6.121802746841339626e+01 6.342696036002298570e+03
6.122459913014110100e+01 6.338794716459812662e+03
6.123117226451712014e+01 6.334896038686511019e+03
6.123774687368514691e+01 6.331000000000000000e+03
6.124393771021244248e+01 6.327334596315524323e+03
6.125084846214426904e+01 6.323246641096669919e+03
6.125776093040035875e+01 6.319161558655203407e+03
6.127159102644357347e+01 6.311000000000000000e+03
6.128858695332449003e+01 6.300991482874092981e+03
6.130559384049212213e+01 6.291000000000000000e+03
6.132055343770552014e+01 6.282230723220483014e+03
6.133552216032821036e+01 6.273474316488087425e+03
6.135050003577968880e+01 6.264730751490902549e+03
6.136548709153034054e+01 6.256000000000000000e+03
6.138272190832266517e+01 6.245982315499501055e+03
6.139996987018425756e+01 6.235981114146495202e+03
6.142588411070711629e+01 6.221000000000000000e+03
6.145631817184801093e+01 6.203475292094711222e+03
6.148679658883643384e+01 6.186000000000000000e+03
6.151749235244896852e+01 6.168475816192898492e+03
6.154823665915455422e+01 6.151000000000000000e+03
6.155349697690012079e+01 6.148168268311272186e+03
6.155876907507347795e+01 6.145334118958759063e+03
6.156934875654749817e+01 6.139658554866933628e+03
6.157997599581975123e+01 6.133973282880642728e+03
6.159065108639970987e+01 6.128278278070941269e+03
6.161158208037257111e+01 6.117157741448922025e+03
6.162211676908240321e+01 6.111583532987353465e+03
6.163269795515729044e+01 6.106000000000000000e+03
6.165428217793149201e+01 6.094657484409988683e+03
6.166514707313183408e+01 6.088971767949280547e+03
6.167606088753974092e+01 6.083276379584152892e+03
6.169745725141410730e+01 6.072156670230864620e+03
6.171904256788315735e+01 6.061000000000000000e+03
6.174271414808824687e+01 6.048834999067952594e+03
6.176337869779843004e+01 6.038274581129143371e+03
6.179327990835309947e+01 6.023090516904660944e+03
6.180731982622714327e+01 6.016000000000000000e+03
6.182603667999613606e+01 6.006585953588864868e+03
6.184489328758955651e+01 5.997145694263439509e+03
6.187110105218988565e+01 5.984097967492593853e+03
6.189758057060319629e+01 5.971000000000000000e+03
6.191257676705394886e+01 5.963885586377381514e+03
6.192780383553620283e+01 5.956711063565764562e+03
6.195294711414283739e+01 5.944971253664713913e+03
6.197872872625738694e+01 5.933068701681323546e+03
6.199186579757012083e+01 5.927055336232162517e+03
6.200517077586055592e+01 5.921000000000000000e+03
6.203773922856743894e+01 5.906322774931001732e+03
6.207132930700041840e+01 5.891395956763047252e+03
6.209441828323110002e+01 5.881256383119759448e+03
6.211799869488311998e+01 5.871000000000000000e+03
6.215101857706262933e+01 5.856801948922146948e+03
6.217874624976359144e+01 5.845023708057446129e+03
6.218174862859844865e+01 5.843756106197040936e+03
6.219183297990584691e+01 5.839509453895870138e+03
6.219231937507272789e+01 5.839305051769019883e+03
6.219280597221702322e+01 5.839100603783760562e+03
6.219377977288573334e+01 5.838691570176271853e+03
6.219572980289621711e+01 5.837872951980803009e+03
6.219963960289616978e+01 5.836233508201259610e+03
6.220057595074914758e+01 5.835841254024722730e+03
6.220151304397156622e+01 5.835448831251936099e+03
6.220338946969456373e+01 5.834663479482633193e+03
6.220715130059186748e+01 5.833090747999037376e+03
6.223625594050774623e+01 5.821000000000000000e+03
6.225734238610900917e+01 5.812324404815953130e+03
6.229201398771132858e+01 5.798209559798375267e+03
6.230622513844392785e+01 5.792477131407868910e+03
6.232768584571984860e+01 5.783877590861345197e+03
6.233863794718851636e+01 5.779515157886744419e+03
6.234057551041289003e+01 5.778745214811430742e+03
6.236014303940124393e+01 5.771000000000000000e+03
6.236966706729251086e+01 5.767247208179240261e+03
6.238646000568772365e+01 5.760647581597568205e+03
6.240503662854242606e+01 5.753372645957148961e+03
6.244967679762014257e+01 5.736000000000000000e+03
6.245412632546388920e+01 5.734276765325053020e+03
6.245842673349485352e+01 5.732612718651146679e+03
6.246273278977690779e+01 5.730947898682818050e+03
6.250154617142683833e+01 5.716005170388375518e+03
6.254082076567928539e+01 5.701000000000000000e+03
6.255409255235178989e+01 5.696299767616116696e+03
6.256748213611255949e+01 5.691577756961269188e+03
6.259462033610673615e+01 5.682067792569701851e+03
6.264053892915288202e+01 5.666158182732464411e+03
6.265149607898604955e+01 5.662394951670154114e+03
6.265228953217087593e+01 5.662122929592526816e+03
6.265308338601590776e+01 5.661850836085401170e+03
6.265467229677199867e+01 5.661306434670083945e+03
6.265785493818944474e+01 5.660216773446381922e+03
6.265805296105648381e+01 5.660149010020322748e+03
6.265989870479882740e+01 5.659517593057181330e+03
6.266174661130121848e+01 5.658885791585033076e+03
6.266544892618952645e+01 5.657621033707950119e+03
6.267287965948595030e+01 5.655086888358275246e+03
6.268784631382488470e+01 5.650000000000000000e+03
6.274953560300422595e+01 5.629272204888298802e+03
6.279347641269675506e+01 5.614737222997924619e+03
6.283861017157995832e+01 5.600000000000000000e+03
6.285231470441357970e+01 5.595559138360928046e+03
6.286606329970798868e+01 5.591113821732636097e+03
6.289369346676399886e+01 5.582209796666496004e+03
6.294949130993946085e+01 5.564347990646462677e+03
6.299989767624079207e+01 5.548347817202922670e+03
6.302532110566870927e+01 5.540326122140537336e+03
6.305089295480915723e+01 5.532289969591510271e+03
6.310248675469738799e+01 5.516174135411034513e+03
6.312851120448796394e+01 5.508094375114532340e+03
6.315468901226823562e+01 5.500000000000000000e+03
6.321238565311281832e+01 5.482274596889916211e+03
6.324150849452221479e+01 5.473386772410306548e+03
6.327081651360486347e+01 5.464482135951820965e+03
6.332393434670076715e+01 5.448443906490607333e+03
6.335072240715097536e+01 5.440404303246951713e+03
6.337766486846369673e+01 5.432350994423984048e+03
6.343201798623841370e+01 5.416203119612529008e+03
6.345943121731262693e+01 5.408108483110237103e+03
6.348700393903062889e+01 5.400000000000000000e+03
6.354744207036201686e+01 5.382341283162184482e+03
6.360863633058164623e+01 5.364619688891984879e+03
6.372125270922565932e+01 5.332414195103907332e+03
6.372720819536190362e+01 5.330725577178969615e+03
6.383646718937892217e+01 5.300000000000000000e+03
6.394984664383498085e+01 5.268613070347176290e+03
6.406573966134082809e+01 5.237037856906376874e+03
6.420407987513627290e+01 5.200000000000000000e+03
6.427559967005385033e+01 5.181123188790137647e+03
6.434805921180613097e+01 5.162181835061464881e+03
6.442147611551297359e+01 5.143175607226947250e+03
6.449586843442978079e+01 5.124104171424285596e+03
6.449810098461264829e+01 5.123534711241189143e+03
6.450033441829458525e+01 5.122965192817484422e+03
6.450480393813229796e+01 5.121825981212500665e+03
6.450927699793115266e+01 5.120686536537831671e+03
6.451375360167484985e+01 5.119546858721945682e+03
6.451949496497636005e+01 5.118086171107819609e+03
6.452524216205436858e+01 5.116625100430052953e+03
6.453099520133287115e+01 5.115163646537939712e+03
6.453675409125193596e+01 5.113701809280693851e+03
6.454826422330353353e+01 5.110783377244053554e+03
6.455979775683941568e+01 5.107863416640710057e+03
6.457534961290744491e+01 5.103933093874856240e+03
6.459094410285848653e+01 5.100000000000000000e+03
6.459183595426355851e+01 5.099775307355141194e+03
6.460038544381154679e+01 5.097622666933323671e+03
6.461063724738927760e+01 5.095044541692768689e+03
6.462090719262721450e+01 5.092465273752032772e+03
6.464150169023209003e+01 5.087303306729801989e+03
6.466210480039549680e+01 5.082152863521321706e+03
6.468278093979051846e+01 5.076997862837097273e+03
6.470346654142598197e+01 5.071854175867099912e+03
6.472422545882106704e+01 5.066705947393367751e+03
6.472647861620792753e+01 5.066147985041328866e+03
6.472873263874809879e+01 5.065589969318183648e+03
6.473324328117222137e+01 5.064473777727936067e+03
6.473775738989328943e+01 5.063357372561343254e+03
6.474227496870707910e+01 5.062240753757101629e+03
6.475132055174609036e+01 5.060006874990323922e+03
6.476038006084253595e+01 5.057772140936690448e+03
6.477854097893371943e+01 5.053300105003316276e+03
6.479675796918479591e+01 5.048824642022135777e+03
6.483349736389988038e+01 5.039830148983069193e+03
6.487046572713140336e+01 5.030821798014501837e+03
6.493402787444816227e+01 5.015431166328467953e+03
6.496606397510534237e+01 5.007720659996419272e+03
6.499827181848479540e+01 5.000000000000000000e+03
6.506395485436073045e+01 4.984350466656896970e+03
6.513034654923814060e+01 4.968660727985812628e+03
6.526529984945227625e+01 4.937160013312628507e+03
6.534583045474310836e+01 4.918608118927849318e+03
6.542740142190497465e+01 4.900000000000000000e+03
6.559545611336770321e+01 4.862230287249800313e+03
6.576794255326515781e+01 4.824236259859541860e+03
6.578182435722537491e+01 4.821211725570394265e+03
6.579573521838345584e+01 4.818185765245956645e+03
6.582364446107251865e+01 4.812129562455151245e+03
6.587981549392199554e+01 4.800000000000000000e+03
6.589549521375636232e+01 4.796628177874657922e+03
6.591121123141876126e+01 4.793254645241781873e+03
6.598166556176236952e+01 4.778205745655412102e+03
6.601716714193310054e+01 4.770668521131959096e+03
6.605285348672869361e+01 4.763122760832113272e+03
6.613491806150535979e+01 4.745886131456858493e+03
6.621796713896418396e+01 4.728604880064525787e+03
6.634516522478295997e+01 4.702447642573829398e+03
6.635116046560875702e+01 4.701223933096043766e+03
6.635716081409607625e+01 4.700000000000000000e+03
6.650027301052482187e+01 4.671047855811226327e+03
6.664628826037080955e+01 4.641974078156351425e+03
6.674513071478362747e+01 4.622554150333280631e+03
6.686126807022074559e+01 4.600000000000000000e+03
6.695481965930076740e+01 4.582035357707135518e+03
6.696816257269772166e+01 4.579487693472211504e+03
6.698152920420001522e+01 4.576939121644680199e+03
6.700833386589992813e+01 4.571839253271146845e+03
6.706223050972305089e+01 4.561628604046322835e+03
6.717118706541938877e+01 4.541163546563089767e+03
6.718031842598760761e+01 4.539459058171074503e+03
6.718946071994244562e+01 4.537754164709254837e+03
6.729114162008188771e+01 4.518901882588699664e+03
6.739418395894375635e+01 4.500000000000000000e+03
6.740909729043681864e+01 4.497281034716017530e+03
6.742403913251909842e+01 4.494561065026764481e+03
6.754461511493747139e+01 4.472764117764656476e+03
6.766706255296887207e+01 4.450902561122331463e+03
6.791774321376479406e+01 4.406984467210255389e+03
6.795819954444280597e+01 4.400000000000000000e+03
6.804114023474855344e+01 4.385768783619147143e+03
6.812492816723175793e+01 4.371510725873732554e+03
6.833763415980486400e+01 4.335839642122849909e+03
6.855589288223332289e+01 4.300000000000000000e+03
6.885213687731142329e+01 4.252544907707078892e+03
6.898996516320063677e+01 4.230918457524750920e+03
6.908949927564245286e+01 4.215474635658658372e+03
6.919017285563106157e+01 4.200000000000000000e+03
6.939543063463143824e+01 4.168895314184890594e+03
6.960549098368915111e+01 4.137666949604132242e+03
6.961478867233964252e+01 4.136298565928655080e+03
6.973871390240937274e+01 4.118170185945573394e+03
6.986433939945288785e+01 4.100000000000000000e+03
7.012110207699340947e+01 4.063495247384585582e+03
7.038510163155591215e+01 4.026822041401353090e+03
7.043398347001772208e+01 4.020124987488006354e+03
7.048311740511496737e+01 4.013422300691796409e+03
7.058214932142119835e+01 4.000000000000000000e+03
7.061819254481356722e+01 3.995143612901741562e+03
7.065437130310516523e+01 3.990284269093446710e+03
7.079040143637060112e+01 3.972149362520172872e+03
7.092836459594964538e+01 3.953973216789043363e+03
7.094586483084863460e+01 3.951683009119788494e+03
7.096339641254209596e+01 3.949392145892666576e+03
7.099855395130478541e+01 3.944808451638598854e+03
7.108474182577579370e+01 3.933629798901071808e+03
7.117168990663815009e+01 3.922435527900394845e+03
7.125940826763891778e+01 3.911225605882083528e+03
7.134790716727792415e+01 3.900000000000000000e+03
7.152713143732594858e+01 3.877521237213616132e+03
7.170960385804396253e+01 3.854979169015443404e+03
7.208465189599291989e+01 3.809704043666336020e+03
7.212552766275706517e+01 3.804853485772945078e+03
7.216656525316730608e+01 3.800000000000000000e+03
7.229916725061080740e+01 3.784427856473555948e+03
7.243347730628967440e+01 3.768825250797792251e+03
7.270735564849184129e+01 3.737528294758099491e+03
7.304386822422259229e+01 3.700000000000000000e+03
7.333544322769743928e+01 3.668280721280808848e+03
7.351444710926514858e+01 3.649163394452884859e+03
7.369641568599945458e+01 3.630000000000000000e+03
7.384056317741800513e+01 3.614999772910571210e+03
7.391316722919137305e+01 3.607499829684217730e+03
7.398612854066551847e+01 3.600000000000000000e+03
7.421436399228569769e+01 3.576775986262010065e+03
7.432980201197511860e+01 3.565164474887929828e+03
7.444613485934628727e+01 3.553553293824999400e+03
7.471790590019118383e+01 3.526775768576072096e+03
7.499463835818380630e+01 3.500000000000000000e+03
7.507805823185316285e+01 3.492023793463924903e+03
7.520467874976607447e+01 3.480000000000000000e+03
7.533129926767898610e+01 3.492023793463924903e+03
7.541471914134834265e+01 3.500000000000000000e+03
7.569145159934096512e+01 3.526775768576072096e+03
7.596322264018586168e+01 3.553553293824999400e+03
7.607955548755703035e+01 3.565164474887929828e+03
7.619499350724645126e+01 3.576775986262010065e+03
7.642322895886663048e+01 3.600000000000000000e+03
7.649619027034077590e+01 3.607499829684217730e+03
7.656879432211414382e+01 3.614999772910571210e+03
7.671294181353269437e+01 3.630000000000000000e+03
7.689491039026700037e+01 3.649163394452884859e+03
7.707391427183470967e+01 3.668280721280808848e+03
7.736548927530955666e+01 3.700000000000000000e+03
7.770200185104030766e+01 3.737528294758099491e+03
7.797588019324247455e+01 3.768825250797792251e+03
7.811019024892134155e+01 3.784427856473555948e+03
7.824279224636484287e+01 3.800000000000000000e+03
7.828382983677508378e+01 3.804853485772945078e+03
7.832470560353922906e+01 3.809704043666336020e+03
7.869975364148818642e+01 3.854979169015443404e+03
7.888222606220620037e+01 3.877521237213616132e+03
7.906145033225422480e+01 3.900000000000000000e+03
7.914994923189323117e+01 3.911225605882083528e+03
7.923766759289399886e+01 3.922435527900394845e+03
7.932461567375634104e+01 3.933629798901071808e+03
7.941080354822734932e+01 3.944808451638598854e+03
7.944596108699005299e+01 3.949392145892666576e+03
7.946349266868351435e+01 3.951683009119788494e+03
7.948099290358248936e+01 3.953973216789043363e+03
7.961895606316154783e+01 3.972149362520172872e+03
7.975498619642698372e+01 3.990284269093446710e+03
7.979116495471856751e+01 3.995143612901741562e+03
7.982720817811093639e+01 4.000000000000000000e+03
7.992624009441718158e+01 4.013422300691796409e+03
7.997537402951441265e+01 4.020124987488006354e+03
8.002425586797623680e+01 4.026822041401353090e+03
8.028825542253872527e+01 4.063495247384585582e+03
8.054501810007926110e+01 4.100000000000000000e+03
8.067064359712276200e+01 4.118170185945573394e+03
8.079456882719249222e+01 4.136298565928655080e+03
8.080386651584298363e+01 4.137666949604132242e+03
8.101392686490069650e+01 4.168895314184890594e+03
8.121918464390108738e+01 4.200000000000000000e+03
8.131985822388968188e+01 4.215474635658658372e+03
8.141939233633149797e+01 4.230918457524750920e+03
8.155722062222071145e+01 4.252544907707078892e+03
8.185346461729881185e+01 4.300000000000000000e+03
8.207172333972727074e+01 4.335839642122849909e+03
8.228442933230039102e+01 4.371510725873732554e+03
8.236821726478359551e+01 4.385768783619147143e+03
8.245115795508932877e+01 4.400000000000000000e+03
8.249161428576735489e+01 4.406984467210255389e+03
8.274229494656326267e+01 4.450902561122331463e+03
8.286474238459466335e+01 4.472764117764656476e+03
8.298531836701303632e+01 4.494561065026764481e+03
8.300026020909533031e+01 4.497281034716017530e+03
8.301517354058839260e+01 4.500000000000000000e+03
8.311821587945024703e+01 4.518901882588699664e+03
8.321989677958968912e+01 4.537754164709254837e+03
8.322903907354452713e+01 4.539459058171074503e+03
8.323817043411276018e+01 4.541163546563089767e+03
8.334712698980908385e+01 4.561628604046322835e+03
8.340102363363220661e+01 4.571839253271146845e+03
8.342782829533211952e+01 4.576939121644680199e+03
8.344119492683441308e+01 4.579487693472211504e+03
8.345453784023138155e+01 4.582035357707135518e+03
8.354808942931138915e+01 4.600000000000000000e+03
8.366422678474850727e+01 4.622554150333280631e+03
8.376306923916132519e+01 4.641974078156351425e+03
8.390908448900731287e+01 4.671047855811226327e+03
8.405219668543605849e+01 4.700000000000000000e+03
8.405819703392337772e+01 4.701223933096043766e+03
8.406419227474917477e+01 4.702447642573829398e+03
8.419139036056796499e+01 4.728604880064525787e+03
8.427443943802677495e+01 4.745886131456858493e+03
8.435650401280345534e+01 4.763122760832113272e+03
8.439219035759904841e+01 4.770668521131959096e+03
8.442769193776976522e+01 4.778205745655412102e+03
8.449814626811337348e+01 4.793254645241781873e+03
8.451386228577577242e+01 4.796628177874657922e+03
8.452954200561013920e+01 4.800000000000000000e+03
8.458571303845961609e+01 4.812129562455151245e+03
8.461362228114867889e+01 4.818185765245956645e+03
8.462753314230675983e+01 4.821211725570394265e+03
8.464141494626699114e+01 4.824236259859541860e+03
8.481390138616444574e+01 4.862230287249800313e+03
8.498195607762716008e+01 4.900000000000000000e+03
8.506352704478902638e+01 4.918608118927849318e+03
8.514405765007987270e+01 4.937160013312628507e+03
8.527901095029400835e+01 4.968660727985812628e+03
8.534540264517141850e+01 4.984350466656896970e+03
8.541108568104733934e+01 5.000000000000000000e+03
8.544329352442680658e+01 5.007720659996419272e+03
8.547532962508398668e+01 5.015431166328467953e+03
8.553889177240074559e+01 5.030821798014501837e+03
8.557586013563226857e+01 5.039830148983069193e+03
8.561259953034735304e+01 5.048824642022135777e+03
8.563081652059841531e+01 5.053300105003316276e+03
8.564897743868961300e+01 5.057772140936690448e+03
8.565803694778605859e+01 5.060006874990323922e+03
8.566708253082506985e+01 5.062240753757101629e+03
8.567160010963884531e+01 5.063357372561343254e+03
8.567611421835992758e+01 5.064473777727936067e+03
8.568062486078403595e+01 5.065589969318183648e+03
8.568287888332422142e+01 5.066147985041328866e+03
8.568513204071106770e+01 5.066705947393367751e+03
8.570589095810615277e+01 5.071854175867099912e+03
8.572657655974163049e+01 5.076997862837097273e+03
8.574725269913665215e+01 5.082152863521321706e+03
8.576785580930005892e+01 5.087303306729801989e+03
8.578845030690492024e+01 5.092465273752032772e+03
8.579872025214287135e+01 5.095044541692768689e+03
8.580897205572058795e+01 5.097622666933323671e+03
8.581752154526859044e+01 5.099775307355141194e+03
8.581841339667366242e+01 5.100000000000000000e+03
8.583400788662470404e+01 5.103933093874856240e+03
8.584955974269273327e+01 5.107863416640710057e+03
8.586109327622861542e+01 5.110783377244053554e+03
8.587260340828021299e+01 5.113701809280693851e+03
8.587836229819927780e+01 5.115163646537939712e+03
8.588411533747778037e+01 5.116625100430052953e+03
8.588986253455578890e+01 5.118086171107819609e+03
8.589560389785729910e+01 5.119546858721945682e+03
8.590008050160099629e+01 5.120686536537831671e+03
8.590455356139985099e+01 5.121825981212500665e+03
8.590902308123756370e+01 5.122965192817484422e+03
8.591125651491950066e+01 5.123534711241189143e+03
8.591348906510236816e+01 5.124104171424285596e+03
8.598788138401918957e+01 5.143175607226947250e+03
8.606129828772603219e+01 5.162181835061464881e+03
8.613375782947829862e+01 5.181123188790137647e+03
8.620527762439587605e+01 5.200000000000000000e+03
8.634361783819133507e+01 5.237037856906376874e+03
8.645951085569717520e+01 5.268613070347176290e+03
8.657289031015322678e+01 5.300000000000000000e+03
8.668214930417025244e+01 5.330725577178969615e+03
8.668810479030648253e+01 5.332414195103907332e+03
8.680072116895050272e+01 5.364619688891984879e+03
8.686191542917013919e+01 5.382341283162184482e+03
8.692235356050152006e+01 5.400000000000000000e+03
8.694992628221953623e+01 5.408108483110237103e+03
8.697733951329374236e+01 5.416203119612529008e+03
8.703169263106845222e+01 5.432350994423984048e+03
8.705863509238118070e+01 5.440404303246951713e+03
8.708542315283139601e+01 5.448443906490607333e+03
8.713854098592729258e+01 5.464482135951820965e+03
8.716784900500994127e+01 5.473386772410306548e+03
8.719697184641934484e+01 5.482274596889916211e+03
8.725466848726392755e+01 5.500000000000000000e+03
8.728084629504418501e+01 5.508094375114532340e+03
8.730687074483476806e+01 5.516174135411034513e+03
8.735846454472299172e+01 5.532289969591510271e+03
8.738403639386345390e+01 5.540326122140537336e+03
8.740945982329137109e+01 5.548347817202922670e+03
8.745986618959270231e+01 5.564347990646462677e+03
8.751566403276815720e+01 5.582209796666496004e+03
8.754329419982417448e+01 5.591113821732636097e+03
8.755704279511857635e+01 5.595559138360928046e+03
8.757074732795220484e+01 5.600000000000000000e+03
8.761588108683540099e+01 5.614737222997924619e+03
8.765982189652793011e+01 5.629272204888298802e+03
8.772151118570727135e+01 5.650000000000000000e+03
8.773647784004620576e+01 5.655086888358275246e+03
8.774390857334263671e+01 5.657621033707950119e+03
8.774761088823093758e+01 5.658885791585033076e+03
8.774945879473332866e+01 5.659517593057181330e+03
8.775130453847566514e+01 5.660149010020322748e+03
8.775150256134271842e+01 5.660216773446381922e+03
8.775468520276015738e+01 5.661306434670083945e+03
8.775627411351625540e+01 5.661850836085401170e+03
8.775706796736128013e+01 5.662122929592526816e+03
8.775786142054610650e+01 5.662394951670154114e+03
8.776881857037928114e+01 5.666158182732464411e+03
8.781473716342541991e+01 5.682067792569701851e+03
8.784187536341960367e+01 5.691577756961269188e+03
8.785526494718037327e+01 5.696299767616116696e+03
8.786853673385287777e+01 5.701000000000000000e+03
8.790781132810532483e+01 5.716005170388375518e+03
8.794662470975524116e+01 5.730947898682818050e+03
8.795093076603731674e+01 5.732612718651146679e+03
8.795523117406827396e+01 5.734276765325053020e+03
8.795968070191202060e+01 5.736000000000000000e+03
8.800432087098973000e+01 5.753372645957148961e+03
8.802289749384443951e+01 5.760647581597568205e+03
8.803969043223965230e+01 5.767247208179240261e+03
8.804921446013091213e+01 5.771000000000000000e+03
8.806878198911927313e+01 5.778745214811430742e+03
8.807071955234364680e+01 5.779515157886744419e+03
8.808167165381230745e+01 5.783877590861345197e+03
8.810313236108822821e+01 5.792477131407868910e+03
8.811734351182083458e+01 5.798209559798375267e+03
8.815201511342314689e+01 5.812324404815953130e+03
8.817310155902441693e+01 5.821000000000000000e+03
8.820220619894028857e+01 5.833090747999037376e+03
8.820596802983759233e+01 5.834663479482633193e+03
8.820784445556058984e+01 5.835448831251936099e+03
8.820878154878300847e+01 5.835841254024722730e+03
8.820971789663597917e+01 5.836233508201259610e+03
8.821362769663593895e+01 5.837872951980803009e+03
8.821557772664641561e+01 5.838691570176271853e+03
8.821655152731513283e+01 5.839100603783760562e+03
8.821703812445942106e+01 5.839305051769019883e+03
8.821752451962630914e+01 5.839509453895870138e+03
8.822760887093370741e+01 5.843756106197040936e+03
8.823061124976857172e+01 5.845023708057446129e+03
8.825833892246953383e+01 5.856801948922146948e+03
8.829135880464903607e+01 5.871000000000000000e+03
8.831493921630105604e+01 5.881256383119759448e+03
8.833802819253173766e+01 5.891395956763047252e+03
8.837161827096471711e+01 5.906322774931001732e+03
8.840418672367160013e+01 5.921000000000000000e+03
8.841749170196203522e+01 5.927055336232162517e+03
8.843062877327477622e+01 5.933068701681323546e+03
8.845641038538931866e+01 5.944971253664713913e+03
8.848155366399595323e+01 5.956711063565764562e+03
8.849678073247820009e+01 5.963885586377381514e+03
8.851177692892895266e+01 5.971000000000000000e+03
8.853825644734226330e+01 5.984097967492593853e+03
8.856446421194259244e+01 5.997145694263439509e+03
8.858332081953601289e+01 6.006585953588864868e+03
8.860203767330500568e+01 6.016000000000000000e+03
8.861607759117904948e+01 6.023090516904660944e+03
8.864597880173371891e+01 6.038274581129143371e+03
8.866664335144389497e+01 6.048834999067952594e+03
8.869031493164899871e+01 6.061000000000000000e+03
8.871190024811804165e+01 6.072156670230864620e+03
8.873329661199241514e+01 6.083276379584152892e+03
8.874421042640031487e+01 6.088971767949280547e+03
8.875507532160065693e+01 6.094657484409988683e+03
8.877665954437486562e+01 6.106000000000000000e+03
8.878724073044973863e+01 6.111583532987353465e+03
8.879777541915957784e+01 6.117157741448922025e+03
8.881870641313244619e+01 6.128278278070941269e+03
8.882938150371239772e+01 6.133973282880642728e+03
8.884000874298465078e+01 6.139658554866933628e+03
8.885058842445867811e+01 6.145334118958759063e+03
8.885586052263202816e+01 6.148168268311272186e+03
8.886112084037759473e+01 6.151000000000000000e+03
8.889186514708319464e+01 6.168475816192898492e+03
8.892256091069572221e+01 6.186000000000000000e+03
8.895303932768413802e+01 6.203475292094711222e+03
8.898347338882504687e+01 6.221000000000000000e+03
8.900938762934789850e+01 6.235981114146495202e+03
8.902663559120949799e+01 6.245982315499501055e+03
8.904387040800182263e+01 6.256000000000000000e+03
8.905885746375247436e+01 6.264730751490902549e+03
8.907383533920395280e+01 6.273474316488087425e+03
8.908880406182663592e+01 6.282230723220483014e+03
8.910376365904004103e+01 6.291000000000000000e+03
8.912077054620766603e+01 6.300991482874092981e+03
8.913776647308858969e+01 6.311000000000000000e+03
8.915159656913181152e+01 6.319161558655203407e+03
8.915850903738790123e+01 6.323246641096669919e+03
8.916541978931972778e+01 6.327334596315524323e+03
8.917161062584702336e+01 6.331000000000000000e+03
8.917818523501505013e+01 6.334896038686511019e+03
8.918475836939107637e+01 6.338794716459812662e+03
8.919133003111878111e+01 6.342696036002298570e+03
8.919461531038913904e+01 6.344647687276229590e+03
8.919790022230066029e+01 6.346600000000000364e+03
8.920473194541145290e+01 6.351300000000000182e+03
8.920814396761633702e+01 6.353650000000000546e+03
8.920984902014502893e+01 6.354825000000000728e+03
8.921155343410534044e+01 6.356000000000000000e+03
8.922043024679862810e+01 6.363500000000000000e+03
8.922486074356335450e+01 6.367250000000000000e+03
8.922707401867208432e+01 6.369125000000000000e+03
8.922818016342212388e+01 6.370062500000000000e+03
8.922928597983154475e+01 6.371000000000000000e+03
8.923039179624096562e+01 6.370062500000000000e+03
8.923149794099100518e+01 6.369125000000000000e+03
8.923371121609973500e+01 6.367250000000000000e+03
8.923814171286446140e+01 6.363500000000000000e+03
8.924701852555774906e+01 6.356000000000000000e+03
8.924872293951806057e+01 6.354825000000000728e+03
8.925042799204676669e+01 6.353650000000000546e+03
8.925384001425163660e+01 6.351300000000000182e+03
8.926067173736242921e+01 6.346600000000000364e+03
8.926395664927396467e+01 6.344647687276229590e+03
8.926724192854430839e+01 6.342696036002298570e+03
8.927381359027201313e+01 6.338794716459812662e+03
8.928038672464803938e+01 6.334896038686511019e+03
8.928696133381606614e+01 6.331000000000000000e+03
8.929315217034336172e+01 6.327334596315524323e+03
8.930006292227518827e+01 6.323246641096669919e+03
8.930697539053127798e+01 6.319161558655203407e+03
8.932080548657449981e+01 6.311000000000000000e+03
8.933780141345542347e+01 6.300991482874092981e+03
8.935480830062304847e+01 6.291000000000000000e+03
8.936976789783645359e+01 6.282230723220483014e+03
8.938473662045913670e+01 6.273474316488087425e+03
8.939971449591061514e+01 6.264730751490902549e+03
8.941470155166126688e+01 6.256000000000000000e+03
8.943193636845359151e+01 6.245982315499501055e+03
8.944918433031519100e+01 6.235981114146495202e+03
8.947509857083805684e+01 6.221000000000000000e+03
8.950553263197895149e+01 6.203475292094711222e+03
8.953601104896736729e+01 6.186000000000000000e+03
8.956670681257989486e+01 6.168475816192898492e+03
8.959745111928549477e+01 6.151000000000000000e+03
8.960271143703106134e+01 6.148168268311272186e+03
8.960798353520441140e+01 6.145334118958759063e+03
8.961856321667843872e+01 6.139658554866933628e+03
8.962919045595069178e+01 6.133973282880642728e+03
8.963986554653064331e+01 6.128278278070941269e+03
8.966079654050351166e+01 6.117157741448922025e+03
8.967133122921335087e+01 6.111583532987353465e+03
8.968191241528822388e+01 6.106000000000000000e+03
8.970349663806243257e+01 6.094657484409988683e+03
8.971436153326277463e+01 6.088971767949280547e+03
8.972527534767067436e+01 6.083276379584152892e+03
8.974667171154504786e+01 6.072156670230864620e+03
8.976825702801409079e+01 6.061000000000000000e+03
8.979192860821919453e+01 6.048834999067952594e+03
8.981259315792937059e+01 6.038274581129143371e+03
8.984249436848404002e+01 6.023090516904660944e+03
8.985653428635808382e+01 6.016000000000000000e+03
8.987525114012706240e+01 6.006585953588864868e+03
8.989410774772049706e+01 5.997145694263439509e+03
8.992031551232082620e+01 5.984097967492593853e+03
8.994679503073413684e+01 5.971000000000000000e+03
8.996179122718488941e+01 5.963885586377381514e+03
8.997701829566713627e+01 5.956711063565764562e+03
9.000216157427377084e+01 5.944971253664713913e+03
9.002794318638831328e+01 5.933068701681323546e+03
9.004108025770105428e+01 5.927055336232162517e+03
9.005438523599148937e+01 5.921000000000000000e+03
9.008695368869837239e+01 5.906322774931001732e+03
9.012054376713135184e+01 5.891395956763047252e+03
9.014363274336203347e+01 5.881256383119759448e+03
9.016721315501405343e+01 5.871000000000000000e+03
9.020023303719355567e+01 5.856801948922146948e+03
9.022796070989451778e+01 5.845023708057446129e+03
9.023096308872938209e+01 5.843756106197040936e+03
9.024104744003678036e+01 5.839509453895870138e+03
9.024153383520366845e+01 5.839305051769019883e+03
9.024202043234797088e+01 5.839100603783760562e+03
9.024299423301667389e+01 5.838691570176271853e+03
9.024494426302716477e+01 5.837872951980803009e+03
9.024885406302712454e+01 5.836233508201259610e+03
9.024979041088009524e+01 5.835841254024722730e+03
9.025072750410251388e+01 5.835448831251936099e+03
9.025260392982551139e+01 5.834663479482633193e+03
9.025636576072281514e+01 5.833090747999037376e+03
9.028547040063870099e+01 5.821000000000000000e+03
9.030655684623995683e+01 5.812324404815953130e+03
9.034122844784226913e+01 5.798209559798375267e+03
9.035543959857487550e+01 5.792477131407868910e+03
9.037690030585079626e+01 5.783877590861345197e+03
9.038785240731945692e+01 5.779515157886744419e+03
9.038978997054384479e+01 5.778745214811430742e+03
9.040935749953219158e+01 5.771000000000000000e+03
9.041888152742345142e+01 5.767247208179240261e+03
9.043567446581867841e+01 5.760647581597568205e+03
9.045425108867337372e+01 5.753372645957148961e+03
9.049889125775109733e+01 5.736000000000000000e+03
9.050334078559484396e+01 5.734276765325053020e+03
9.050764119362580118e+01 5.732612718651146679e+03
9.051194724990786256e+01 5.730947898682818050e+03
9.055076063155777888e+01 5.716005170388375518e+03
9.059003522581022594e+01 5.701000000000000000e+03
9.060330701248273044e+01 5.696299767616116696e+03
9.061669659624351425e+01 5.691577756961269188e+03
9.064383479623768380e+01 5.682067792569701851e+03
9.068975338928383678e+01 5.666158182732464411e+03
9.070071053911699721e+01 5.662394951670154114e+03
9.070150399230182359e+01 5.662122929592526816e+03
9.070229784614684831e+01 5.661850836085401170e+03
9.070388675690293212e+01 5.661306434670083945e+03
9.070706939832038529e+01 5.660216773446381922e+03
9.070726742118743857e+01 5.660149010020322748e+03
9.070911316492977505e+01 5.659517593057181330e+03
9.071096107143216614e+01 5.658885791585033076e+03
9.071466338632046700e+01 5.657621033707950119e+03
9.072209411961689796e+01 5.655086888358275246e+03
9.073706077395583236e+01 5.650000000000000000e+03
9.079875006313517360e+01 5.629272204888298802e+03
9.084269087282770272e+01 5.614737222997924619e+03
9.088782463171091308e+01 5.600000000000000000e+03
9.090152916454452736e+01 5.595559138360928046e+03
9.091527775983892923e+01 5.591113821732636097e+03
9.094290792689494651e+01 5.582209796666496004e+03
9.099870577007040140e+01 5.564347990646462677e+03
9.104911213637173262e+01 5.548347817202922670e+03
9.107453556579964982e+01 5.540326122140537336e+03
9.110010741494009778e+01 5.532289969591510271e+03
9.115170121482833565e+01 5.516174135411034513e+03
9.117772566461890449e+01 5.508094375114532340e+03
9.120390347239917617e+01 5.500000000000000000e+03
9.126160011324375887e+01 5.482274596889916211e+03
9.129072295465314824e+01 5.473386772410306548e+03
9.132003097373581113e+01 5.464482135951820965e+03
9.137314880683170770e+01 5.448443906490607333e+03
9.139993686728192301e+01 5.440404303246951713e+03
9.142687932859463729e+01 5.432350994423984048e+03
9.148123244636934714e+01 5.416203119612529008e+03
9.150864567744356748e+01 5.408108483110237103e+03
9.153621839916156944e+01 5.400000000000000000e+03
9.159665653049295031e+01 5.382341283162184482e+03
9.165785079071258679e+01 5.364619688891984879e+03
9.177046716935660697e+01 5.332414195103907332e+03
9.177642265549283707e+01 5.330725577178969615e+03
9.188568164950986272e+01 5.300000000000000000e+03
9.199906110396591430e+01 5.268613070347176290e+03
9.211495412147175443e+01 5.237037856906376874e+03
9.225329433526721346e+01 5.200000000000000000e+03
9.232481413018479088e+01 5.181123188790137647e+03
9.239727367193705732e+01 5.162181835061464881e+03
9.247069057564391414e+01 5.143175607226947250e+03
9.254508289456072134e+01 5.124104171424285596e+03
9.254731544474358884e+01 5.123534711241189143e+03
9.254954887842551159e+01 5.122965192817484422e+03
9.255401839826323851e+01 5.121825981212500665e+03
9.255849145806209322e+01 5.120686536537831671e+03
9.256296806180579040e+01 5.119546858721945682e+03
9.256870942510730060e+01 5.118086171107819609e+03
9.257445662218529492e+01 5.116625100430052953e+03
9.258020966146381170e+01 5.115163646537939712e+03
9.258596855138287651e+01 5.113701809280693851e+03
9.259747868343447408e+01 5.110783377244053554e+03
9.260901221697034202e+01 5.107863416640710057e+03
9.262456407303838546e+01 5.103933093874856240e+03
9.264015856298942708e+01 5.100000000000000000e+03
9.264105041439449906e+01 5.099775307355141194e+03
9.264959990394248734e+01 5.097622666933323671e+03
9.265985170752021816e+01 5.095044541692768689e+03
9.267012165275815505e+01 5.092465273752032772e+03
9.269071615036303058e+01 5.087303306729801989e+03
9.271131926052643735e+01 5.082152863521321706e+03
9.273199539992145901e+01 5.076997862837097273e+03
9.275268100155693674e+01 5.071854175867099912e+03
9.277343991895202180e+01 5.066705947393367751e+03
9.277569307633886808e+01 5.066147985041328866e+03
9.277794709887905356e+01 5.065589969318183648e+03
9.278245774130316192e+01 5.064473777727936067e+03
9.278697185002422998e+01 5.063357372561343254e+03
9.279148942883801965e+01 5.062240753757101629e+03
9.280053501187703091e+01 5.060006874990323922e+03
9.280959452097346229e+01 5.057772140936690448e+03
9.282775543906465998e+01 5.053300105003316276e+03
9.284597242931573646e+01 5.048824642022135777e+03
9.288271182403080672e+01 5.039830148983069193e+03
9.291968018726234391e+01 5.030821798014501837e+03
9.298324233457908861e+01 5.015431166328467953e+03
9.301527843523626871e+01 5.007720659996419272e+03
9.304748627861573596e+01 5.000000000000000000e+03
9.311316931449165679e+01 4.984350466656896970e+03
9.317956100936906694e+01 4.968660727985812628e+03
9.331451430958320259e+01 4.937160013312628507e+03
9.339504491487403470e+01 4.918608118927849318e+03
9.347661588203590100e+01 4.900000000000000000e+03
9.364467057349862955e+01 4.862230287249800313e+03
9.381715701339608415e+01 4.824236259859541860e+03
9.383103881735630125e+01 4.821211725570394265e+03
9.384494967851438219e+01 4.818185765245956645e+03
9.387285892120345920e+01 4.812129562455151245e+03
9.392902995405292188e+01 4.800000000000000000e+03
9.394470967388728866e+01 4.796628177874657922e+03
9.396042569154968760e+01 4.793254645241781873e+03
9.403088002189329586e+01 4.778205745655412102e+03
9.406638160206401267e+01 4.770668521131959096e+03
9.410206794685961995e+01 4.763122760832113272e+03
9.418413252163628613e+01 4.745886131456858493e+03
9.426718159909509609e+01 4.728604880064525787e+03
9.439437968491390052e+01 4.702447642573829398e+03
9.440037492573969757e+01 4.701223933096043766e+03
9.440637527422700259e+01 4.700000000000000000e+03
9.454948747065574821e+01 4.671047855811226327e+03
9.469550272050173589e+01 4.641974078156351425e+03
9.479434517491455381e+01 4.622554150333280631e+03
9.491048253035168614e+01 4.600000000000000000e+03
9.500403411943169374e+01 4.582035357707135518e+03
9.501737703282864800e+01 4.579487693472211504e+03
9.503074366433094156e+01 4.576939121644680199e+03
9.505754832603085447e+01 4.571839253271146845e+03
9.511144496985397723e+01 4.561628604046322835e+03
9.522040152555032932e+01 4.541163546563089767e+03
9.522953288611853395e+01 4.539459058171074503e+03
9.523867518007337196e+01 4.537754164709254837e+03
9.534035608021281405e+01 4.518901882588699664e+03
9.544339841907468269e+01 4.500000000000000000e+03
9.545831175056774498e+01 4.497281034716017530e+03
9.547325359265002476e+01 4.494561065026764481e+03
9.559382957506841194e+01 4.472764117764656476e+03
9.571627701309981262e+01 4.450902561122331463e+03
9.596695767389572040e+01 4.406984467210255389e+03
9.600741400457374652e+01 4.400000000000000000e+03
9.609035469487949399e+01 4.385768783619147143e+03
9.617414262736268427e+01 4.371510725873732554e+03
9.638684861993579034e+01 4.335839642122849909e+03
9.660510734236424923e+01 4.300000000000000000e+03
9.690135133744234963e+01 4.252544907707078892e+03
9.703917962333156311e+01 4.230918457524750920e+03
9.713871373577339341e+01 4.215474635658658372e+03
9.723938731576198791e+01 4.200000000000000000e+03
9.744464509476237879e+01 4.168895314184890594e+03
9.765470544382009166e+01 4.137666949604132242e+03
9.766400313247058307e+01 4.136298565928655080e+03
9.778792836254031329e+01 4.118170185945573394e+03
9.791355385958382840e+01 4.100000000000000000e+03
9.817031653712435002e+01 4.063495247384585582e+03
9.843431609168683849e+01 4.026822041401353090e+03
9.848319793014866264e+01 4.020124987488006354e+03
9.853233186524589371e+01 4.013422300691796409e+03
9.863136378155213890e+01 4.000000000000000000e+03
9.866740700494449356e+01 3.995143612901741562e+03
9.870358576323610578e+01 3.990284269093446710e+03
9.883961589650152746e+01 3.972149362520172872e+03
9.897757905608058593e+01 3.953973216789043363e+03
9.899507929097956094e+01 3.951683009119788494e+03
9.901261087267303651e+01 3.949392145892666576e+03
9.904776841143572597e+01 3.944808451638598854e+03
9.913395628590672004e+01 3.933629798901071808e+03
9.922090436676907643e+01 3.922435527900394845e+03
9.930862272776984412e+01 3.911225605882083528e+03
9.939712162740886470e+01 3.900000000000000000e+03
9.957634589745688913e+01 3.877521237213616132e+03
9.975881831817488887e+01 3.854979169015443404e+03
1.001338663561238462e+02 3.809704043666336020e+03
1.001747421228879915e+02 3.804853485772945078e+03
1.002157797132982466e+02 3.800000000000000000e+03
1.003483817107417480e+02 3.784427856473555948e+03
1.004826917664206150e+02 3.768825250797792251e+03
1.007565701086227818e+02 3.737528294758099491e+03
1.010930826843535328e+02 3.700000000000000000e+03
1.013846576878283656e+02 3.668280721280808848e+03
1.015636615693960891e+02 3.649163394452884859e+03
1.017456301461303951e+02 3.630000000000000000e+03
1.018897776375489457e+02 3.614999772910571210e+03
1.019623816893223136e+02 3.607499829684217730e+03
1.020353430007964448e+02 3.600000000000000000e+03
1.022635784524166240e+02 3.576775986262010065e+03
1.023790164721060592e+02 3.565164474887929828e+03
1.024953493194772136e+02 3.553553293824999400e+03
1.027671203603221102e+02 3.526775768576072096e+03
1.030438528183147326e+02 3.500000000000000000e+03
1.031272726919840892e+02 3.492023793463924903e+03
1.032538932098970008e+02 3.480000000000000000e+03
1.033805137278099266e+02 3.492023793463924903e+03
1.034639336014792832e+02 3.500000000000000000e+03
1.037406660594718915e+02 3.526775768576072096e+03
1.040124371003167880e+02 3.553553293824999400e+03
1.041287699476879567e+02 3.565164474887929828e+03
1.042442079673773776e+02 3.576775986262010065e+03
1.044724434189975568e+02 3.600000000000000000e+03
1.045454047304717022e+02 3.607499829684217730e+03
1.046180087822450702e+02 3.614999772910571210e+03
1.047621562736636065e+02 3.630000000000000000e+03
1.049441248503979267e+02 3.649163394452884859e+03
1.051231287319656360e+02 3.668280721280808848e+03
1.054147037354404688e+02 3.700000000000000000e+03
1.057512163111712198e+02 3.737528294758099491e+03
1.060250946533734009e+02 3.768825250797792251e+03
1.061594047090522679e+02 3.784427856473555948e+03
1.062920067064957692e+02 3.800000000000000000e+03
1.063330442969060243e+02 3.804853485772945078e+03
1.063739200636701554e+02 3.809704043666336020e+03
1.067489681016191128e+02 3.854979169015443404e+03
1.069314405223371125e+02 3.877521237213616132e+03
1.071106647923851511e+02 3.900000000000000000e+03
1.071991636920241575e+02 3.911225605882083528e+03
1.072868820530249252e+02 3.922435527900394845e+03
1.073738301338872816e+02 3.933629798901071808e+03
1.074600180083582757e+02 3.944808451638598854e+03
1.074951755471209651e+02 3.949392145892666576e+03
1.075127071288144407e+02 3.951683009119788494e+03
1.075302073637134299e+02 3.953973216789043363e+03
1.076681705232924742e+02 3.972149362520172872e+03
1.078042006565578959e+02 3.990284269093446710e+03
1.078403794148495081e+02 3.995143612901741562e+03
1.078764226382418769e+02 4.000000000000000000e+03
1.079754545545481221e+02 4.013422300691796409e+03
1.080245884896453390e+02 4.020124987488006354e+03
1.080734703281071631e+02 4.026822041401353090e+03
1.083374698826696658e+02 4.063495247384585582e+03
1.085942325602101874e+02 4.100000000000000000e+03
1.087198580572537026e+02 4.118170185945573394e+03
1.088437832873234186e+02 4.136298565928655080e+03
1.088530809759739242e+02 4.137666949604132242e+03
1.090631413250316371e+02 4.168895314184890594e+03
1.092683991040320279e+02 4.200000000000000000e+03
1.093690726840206224e+02 4.215474635658658372e+03
1.094686067964624385e+02 4.230918457524750920e+03
1.096064350823516520e+02 4.252544907707078892e+03
1.099026790774297524e+02 4.300000000000000000e+03
1.101209377998582113e+02 4.335839642122849909e+03
1.103336437924313174e+02 4.371510725873732554e+03
1.104174317249145076e+02 4.385768783619147143e+03
1.105003724152202551e+02 4.400000000000000000e+03
1.105408287458982954e+02 4.406984467210255389e+03
1.107915094066942032e+02 4.450902561122331463e+03
1.109139568447255897e+02 4.472764117764656476e+03
1.110345328271439769e+02 4.494561065026764481e+03
1.110494746692262567e+02 4.497281034716017530e+03
1.110643880007193189e+02 4.500000000000000000e+03
1.111674303395811876e+02 4.518901882588699664e+03
1.112691112397206297e+02 4.537754164709254837e+03
1.112782535336754677e+02 4.539459058171074503e+03
1.112873848942436865e+02 4.541163546563089767e+03
1.113963414499400244e+02 4.561628604046322835e+03
1.114502380937631472e+02 4.571839253271146845e+03
1.114770427554630601e+02 4.576939121644680199e+03
1.114904093869653536e+02 4.579487693472211504e+03
1.115037523003623221e+02 4.582035357707135518e+03
1.115973038894423297e+02 4.600000000000000000e+03
1.117134412448794478e+02 4.622554150333280631e+03
1.118122836992922657e+02 4.641974078156351425e+03
1.119582989491382534e+02 4.671047855811226327e+03
1.121014111455669990e+02 4.700000000000000000e+03
1.121074114940543183e+02 4.701223933096043766e+03
1.121134067348801153e+02 4.702447642573829398e+03
1.122406048206989055e+02 4.728604880064525787e+03
1.123236538981577155e+02 4.745886131456858493e+03
1.124057184729343817e+02 4.763122760832113272e+03
1.124414048177299890e+02 4.770668521131959096e+03
1.124769063979007058e+02 4.778205745655412102e+03
1.125473607282443140e+02 4.793254645241781873e+03
1.125630767459067272e+02 4.796628177874657922e+03
1.125787564657410940e+02 4.800000000000000000e+03
1.126349274985905566e+02 4.812129562455151245e+03
1.126628367412796194e+02 4.818185765245956645e+03
1.126767476024377004e+02 4.821211725570394265e+03
1.126906294063979317e+02 4.824236259859541860e+03
1.128631158462953863e+02 4.862230287249800313e+03
1.130311705377581006e+02 4.900000000000000000e+03
1.131127415049199669e+02 4.918608118927849318e+03
1.131932721102108133e+02 4.937160013312628507e+03
1.133282254104249489e+02 4.968660727985812628e+03
1.133946171053023591e+02 4.984350466656896970e+03
1.134603001411782657e+02 5.000000000000000000e+03
1.134925079845577329e+02 5.007720659996419272e+03
1.135245440852149272e+02 5.015431166328467953e+03
1.135881062325316577e+02 5.030821798014501837e+03
1.136250745957632091e+02 5.039830148983069193e+03
1.136618139904782652e+02 5.048824642022135777e+03
1.136800309807293559e+02 5.053300105003316276e+03
1.136981918988205393e+02 5.057772140936690448e+03
1.137072514079169707e+02 5.060006874990323922e+03
1.137162969909559820e+02 5.062240753757101629e+03
1.137208145697697717e+02 5.063357372561343254e+03
1.137253286784908539e+02 5.064473777727936067e+03
1.137298393209149623e+02 5.065589969318183648e+03
1.137320933434551478e+02 5.066147985041328866e+03
1.137343465008419798e+02 5.066705947393367751e+03
1.137551054182370649e+02 5.071854175867099912e+03
1.137757910198725426e+02 5.076997862837097273e+03
1.137964671592675643e+02 5.082152863521321706e+03
1.138170702694309853e+02 5.087303306729801989e+03
1.138376647670358466e+02 5.092465273752032772e+03
1.138479347122737977e+02 5.095044541692768689e+03
1.138581865158515143e+02 5.097622666933323671e+03
1.138667360053995026e+02 5.099775307355141194e+03
1.138676278568045888e+02 5.100000000000000000e+03
1.138832223467556304e+02 5.103933093874856240e+03
1.138987742028236596e+02 5.107863416640710057e+03
1.139103077363595276e+02 5.110783377244053554e+03
1.139218178684111393e+02 5.113701809280693851e+03
1.139275767583302041e+02 5.115163646537939712e+03
1.139333297976087067e+02 5.116625100430052953e+03
1.139390769946867152e+02 5.118086171107819609e+03
1.139448183579882254e+02 5.119546858721945682e+03
1.139492949617319084e+02 5.120686536537831671e+03
1.139537680215307773e+02 5.121825981212500665e+03
1.139582375413685043e+02 5.122965192817484422e+03
1.139604709750504270e+02 5.123534711241189143e+03
1.139627035252332945e+02 5.124104171424285596e+03
1.140370958441501017e+02 5.143175607226947250e+03
1.141105127478569443e+02 5.162181835061464881e+03
1.141829722896092107e+02 5.181123188790137647e+03
1.142544920845268024e+02 5.200000000000000000e+03
1.143928322983222472e+02 5.237037856906376874e+03
1.145087253158280873e+02 5.268613070347176290e+03
1.146221047702841389e+02 5.300000000000000000e+03
1.147313637643011646e+02 5.330725577178969615e+03
1.147373192504373947e+02 5.332414195103907332e+03
1.148499356290814148e+02 5.364619688891984879e+03
1.149111298893010513e+02 5.382341283162184482e+03
1.149715680206324464e+02 5.400000000000000000e+03
1.149991407423504484e+02 5.408108483110237103e+03
1.150265539734246545e+02 5.416203119612529008e+03
1.150809070911993643e+02 5.432350994423984048e+03
1.151078495525120928e+02 5.440404303246951713e+03
1.151346376129623081e+02 5.448443906490607333e+03
1.151877554460581905e+02 5.464482135951820965e+03
1.152170634651408534e+02 5.473386772410306548e+03
1.152461863065502428e+02 5.482274596889916211e+03
1.153038829473948397e+02 5.500000000000000000e+03
1.153300607551750971e+02 5.508094375114532340e+03
1.153560852049656660e+02 5.516174135411034513e+03
1.154076790048539038e+02 5.532289969591510271e+03
1.154332508539943660e+02 5.540326122140537336e+03
1.154586742834222690e+02 5.548347817202922670e+03
1.155090806497236144e+02 5.564347990646462677e+03
1.155648784928990551e+02 5.582209796666496004e+03
1.155925086599550724e+02 5.591113821732636097e+03
1.156062572552494885e+02 5.595559138360928046e+03
1.156199617880830885e+02 5.600000000000000000e+03
1.156650955469663131e+02 5.614737222997924619e+03
1.157090363566588280e+02 5.629272204888298802e+03
1.157707256458381835e+02 5.650000000000000000e+03
1.157856923001771179e+02 5.655086888358275246e+03
1.157931230334735346e+02 5.657621033707950119e+03
1.157968253483618497e+02 5.658885791585033076e+03
1.157986732548642408e+02 5.659517593057181330e+03
1.158005189986065773e+02 5.660149010020322748e+03
1.158007170214736163e+02 5.660216773446381922e+03
1.158038996628910695e+02 5.661306434670083945e+03
1.158054885736471533e+02 5.661850836085401170e+03
1.158062824274921923e+02 5.662122929592526816e+03
1.158070758806770044e+02 5.662394951670154114e+03
1.158180330305101791e+02 5.666158182732464411e+03
1.158639516235563178e+02 5.682067792569701851e+03
1.158910898235504874e+02 5.691577756961269188e+03
1.159044794073112712e+02 5.696299767616116696e+03
1.159177511939837757e+02 5.701000000000000000e+03
1.159570257882362228e+02 5.716005170388375518e+03
1.159958391698861533e+02 5.730947898682818050e+03
1.160001452261682005e+02 5.732612718651146679e+03
1.160044456341991719e+02 5.734276765325053020e+03
1.160088951620429043e+02 5.736000000000000000e+03
1.160535353311206279e+02 5.753372645957148961e+03
1.160721119539753374e+02 5.760647581597568205e+03
1.160889048923705502e+02 5.767247208179240261e+03
1.160984289202618243e+02 5.771000000000000000e+03
1.161179964492501711e+02 5.778745214811430742e+03
1.161199340124745447e+02 5.779515157886744419e+03
1.161308861139432054e+02 5.783877590861345197e+03
1.161523468212191403e+02 5.792477131407868910e+03
1.161665579719517325e+02 5.798209559798375267e+03
1.162012295735540448e+02 5.812324404815953130e+03
1.162223160191553006e+02 5.821000000000000000e+03
1.162514206590711865e+02 5.833090747999037376e+03
1.162551824899684902e+02 5.834663479482633193e+03
1.162570589156914878e+02 5.835448831251936099e+03
1.162579960089139206e+02 5.835841254024722730e+03
1.162589323567668913e+02 5.836233508201259610e+03
1.162628421567668511e+02 5.837872951980803009e+03
1.162647921867773277e+02 5.838691570176271853e+03
1.162657659874460450e+02 5.839100603783760562e+03
1.162662525845903474e+02 5.839305051769019883e+03
1.162667389797572213e+02 5.839509453895870138e+03
1.162768233310646195e+02 5.843756106197040936e+03
1.162798257098994839e+02 5.845023708057446129e+03
1.163075533826004460e+02 5.856801948922146948e+03
1.163405732647799482e+02 5.871000000000000000e+03
1.163641536764319824e+02 5.881256383119759448e+03
1.163872426526626498e+02 5.891395956763047252e+03
1.164208327310956292e+02 5.906322774931001732e+03
1.164534011838025265e+02 5.921000000000000000e+03
1.164667061620929474e+02 5.927055336232162517e+03
1.164798432334056884e+02 5.933068701681323546e+03
1.165056248455202308e+02 5.944971253664713913e+03
1.165307681241268654e+02 5.956711063565764562e+03
1.165459951926091264e+02 5.963885586377381514e+03
1.165609913890598648e+02 5.971000000000000000e+03
1.165874709074731754e+02 5.984097967492593853e+03
1.166136786720735188e+02 5.997145694263439509e+03
1.166325352796669392e+02 6.006585953588864868e+03
1.166512521334359178e+02 6.016000000000000000e+03
1.166652920513099616e+02 6.023090516904660944e+03
1.166951932618646310e+02 6.038274581129143371e+03
1.167158578115748071e+02 6.048834999067952594e+03
1.167395293917799108e+02 6.061000000000000000e+03
1.167611147082489538e+02 6.072156670230864620e+03
1.167825110721233273e+02 6.083276379584152892e+03
1.167934248865312270e+02 6.088971767949280547e+03
1.168042897817315691e+02 6.094657484409988683e+03
1.168258740045057777e+02 6.106000000000000000e+03
1.168364551905806650e+02 6.111583532987353465e+03
1.168469898792905042e+02 6.117157741448922025e+03
1.168679208732633583e+02 6.128278278070941269e+03
1.168785959638433098e+02 6.133973282880642728e+03
1.168892232031155629e+02 6.139658554866933628e+03
1.168998028845895902e+02 6.145334118958759063e+03
1.169050749827629545e+02 6.148168268311272186e+03
1.169103353005085211e+02 6.151000000000000000e+03
1.169410796072141068e+02 6.168475816192898492e+03
1.169717753708266343e+02 6.186000000000000000e+03
1.170022537878150644e+02 6.203475292094711222e+03
1.170326878489559590e+02 6.221000000000000000e+03
1.170586020894788248e+02 6.235981114146495202e+03
1.170758500513404101e+02 6.245982315499501055e+03
1.170930848681327348e+02 6.256000000000000000e+03
1.171080719238833865e+02 6.264730751490902549e+03
1.171230497993348649e+02 6.273474316488087425e+03
1.171380185219575623e+02 6.282230723220483014e+03
1.171529781191709674e+02 6.291000000000000000e+03
1.171699850063385782e+02 6.300991482874092981e+03
1.171869809332195018e+02 6.311000000000000000e+03
1.172008110292627237e+02 6.319161558655203407e+03
1.172077234975188134e+02 6.323246641096669919e+03
1.172146342494506399e+02 6.327334596315524323e+03
1.172208250859779355e+02 6.331000000000000000e+03
1.172273996951459765e+02 6.334896038686511019e+03
1.172339728295219885e+02 6.338794716459812662e+03
1.172405444912496932e+02 6.342696036002298570e+03
1.172438297705200512e+02 6.344647687276229590e+03
1.172471146824315724e+02 6.346600000000000364e+03
1.172539464055423650e+02 6.351300000000000182e+03
1.172573584277472492e+02 6.353650000000000546e+03
1.172590634802759553e+02 6.354825000000000728e+03
1.172607678942362668e+02 6.356000000000000000e+03
1.172696447069295402e+02 6.363500000000000000e+03
1.172740752036942666e+02 6.367250000000000000e+03
1.172762884788029965e+02 6.369125000000000000e+03
1.172773946235530360e+02 6.370062500000000000e+03
1.172785004399624711e+02 6.371000000000000000e+03
1.172796062563718920e+02 6.370062500000000000e+03
1.172807124011219173e+02 6.369125000000000000e+03
1.172829256762306613e+02 6.367250000000000000e+03
1.172873561729953735e+02 6.363500000000000000e+03
1.172962329856886612e+02 6.356000000000000000e+03
1.172979373996489585e+02 6.354825000000000728e+03
1.172996424521776646e+02 6.353650000000000546e+03
1.173030544743825487e+02 6.351300000000000182e+03
1.173098861974933556e+02 6.346600000000000364e+03
1.173131711094048768e+02 6.344647687276229590e+03
1.173164563886752205e+02 6.342696036002298570e+03
1.173230280504029253e+02 6.338794716459812662e+03
1.173296011847789373e+02 6.334896038686511019e+03
1.173361757939469641e+02 6.331000000000000000e+03
1.173423666304742596e+02 6.327334596315524323e+03
1.173492773824060862e+02 6.323246641096669919e+03
1.173561898506621759e+02 6.319161558655203407e+03
1.173700199467053835e+02 6.311000000000000000e+03
1.173870158735863072e+02 6.300991482874092981e+03
1.174040227607539464e+02 6.291000000000000000e+03
1.174189823579673373e+02 6.282230723220483014e+03
1.174339510805900204e+02 6.273474316488087425e+03
1.174489289560414989e+02 6.264730751490902549e+03
1.174639160117921648e+02 6.256000000000000000e+03
1.174811508285844752e+02 6.245982315499501055e+03
1.174983987904460889e+02 6.235981114146495202e+03
1.175243130309689263e+02 6.221000000000000000e+03
1.175547470921098352e+02 6.203475292094711222e+03
1.175852255090982510e+02 6.186000000000000000e+03
1.176159212727107928e+02 6.168475816192898492e+03
1.176466655794163785e+02 6.151000000000000000e+03
1.176519258971619308e+02 6.148168268311272186e+03
1.176571979953352809e+02 6.145334118958759063e+03
1.176677776768093224e+02 6.139658554866933628e+03
1.176784049160815755e+02 6.133973282880642728e+03
1.176890800066615270e+02 6.128278278070941269e+03
1.177100110006343954e+02 6.117157741448922025e+03
1.177205456893442204e+02 6.111583532987353465e+03
1.177311268754191076e+02 6.106000000000000000e+03
1.177527110981933163e+02 6.094657484409988683e+03
1.177635759933936583e+02 6.088971767949280547e+03
1.177744898078015581e+02 6.083276379584152892e+03
1.177958861716759316e+02 6.072156670230864620e+03
1.178174714881449745e+02 6.061000000000000000e+03
1.178411430683500782e+02 6.048834999067952594e+03
1.178618076180602543e+02 6.038274581129143371e+03
1.178917088286149237e+02 6.023090516904660944e+03
1.179057487464889675e+02 6.016000000000000000e+03
1.179244656002579461e+02 6.006585953588864868e+03
1.179433222078513666e+02 5.997145694263439509e+03
1.179695299724517099e+02 5.984097967492593853e+03
1.179960094908650206e+02 5.971000000000000000e+03
1.180110056873157873e+02 5.963885586377381514e+03
1.180262327557980200e+02 5.956711063565764562e+03
1.180513760344046545e+02 5.944971253664713913e+03
1.180771576465191970e+02 5.933068701681323546e+03
1.180902947178319380e+02 5.927055336232162517e+03
1.181035996961223873e+02 5.921000000000000000e+03
1.181361681488292703e+02 5.906322774931001732e+03
1.181697582272622498e+02 5.891395956763047252e+03
1.181928472034929314e+02 5.881256383119759448e+03
1.182164276151449656e+02 5.871000000000000000e+03
1.182494474973244678e+02 5.856801948922146948e+03
1.182771751700254157e+02 5.845023708057446129e+03
1.182801775488602800e+02 5.843756106197040936e+03
1.182902619001676783e+02 5.839509453895870138e+03
1.182907482953345664e+02 5.839305051769019883e+03
1.182912348924788546e+02 5.839100603783760562e+03
1.182922086931475576e+02 5.838691570176271853e+03
1.182941587231580343e+02 5.837872951980803009e+03
1.182980685231579940e+02 5.836233508201259610e+03
1.182990048710109647e+02 5.835841254024722730e+03
1.182999419642333976e+02 5.835448831251936099e+03
1.183018183899563951e+02 5.834663479482633193e+03
1.183055802208536846e+02 5.833090747999037376e+03
1.183346848607695847e+02 5.821000000000000000e+03
1.183557713063708405e+02 5.812324404815953130e+03
1.183904429079731528e+02 5.798209559798375267e+03
1.184046540587057592e+02 5.792477131407868910e+03
1.184261147659816800e+02 5.783877590861345197e+03
1.184370668674503406e+02 5.779515157886744419e+03
1.184390044306747143e+02 5.778745214811430742e+03
1.184585719596630753e+02 5.771000000000000000e+03
1.184680959875543351e+02 5.767247208179240261e+03
1.184848889259495479e+02 5.760647581597568205e+03
1.185034655488042574e+02 5.753372645957148961e+03
1.185481057178819668e+02 5.736000000000000000e+03
1.185525552457256993e+02 5.734276765325053020e+03
1.185568556537566707e+02 5.732612718651146679e+03
1.185611617100387321e+02 5.730947898682818050e+03
1.185999750916886626e+02 5.716005170388375518e+03
1.186392496859411096e+02 5.701000000000000000e+03
1.186785242801935567e+02 5.716005170388375518e+03
1.187173376618434872e+02 5.730947898682818050e+03
1.187216437181255344e+02 5.732612718651146679e+03
1.187259441261564916e+02 5.734276765325053020e+03
1.187303936540002383e+02 5.736000000000000000e+03
1.187750338230779619e+02 5.753372645957148961e+03
1.187936104459326430e+02 5.760647581597568205e+03
1.188104033843278700e+02 5.767247208179240261e+03
1.188199274122191298e+02 5.771000000000000000e+03
1.188394949412074908e+02 5.778745214811430742e+03
1.188414325044318645e+02 5.779515157886744419e+03
1.188523846059005393e+02 5.783877590861345197e+03
1.188738453131764459e+02 5.792477131407868910e+03
1.188880564639090522e+02 5.798209559798375267e+03
1.189227280655113645e+02 5.812324404815953130e+03
1.189438145111126346e+02 5.821000000000000000e+03
1.189729191510285204e+02 5.833090747999037376e+03
1.189766809819258242e+02 5.834663479482633193e+03
1.189785574076488217e+02 5.835448831251936099e+03
1.189794945008712403e+02 5.835841254024722730e+03
1.189804308487242110e+02 5.836233508201259610e+03
1.189843406487241708e+02 5.837872951980803009e+03
1.189862906787346475e+02 5.838691570176271853e+03
1.189872644794033647e+02 5.839100603783760562e+03
1.189877510765476529e+02 5.839305051769019883e+03
1.189882374717145410e+02 5.839509453895870138e+03
1.189983218230219251e+02 5.843756106197040936e+03
1.190013242018567894e+02 5.845023708057446129e+03
1.190290518745577515e+02 5.856801948922146948e+03
1.190620717567372537e+02 5.871000000000000000e+03
1.190856521683892737e+02 5.881256383119759448e+03
1.191087411446199553e+02 5.891395956763047252e+03
1.191423312230529348e+02 5.906322774931001732e+03
1.191748996757598320e+02 5.921000000000000000e+03
1.191882046540502529e+02 5.927055336232162517e+03
1.192013417253629939e+02 5.933068701681323546e+03
1.192271233374775505e+02 5.944971253664713913e+03
1.192522666160841851e+02 5.956711063565764562e+03
1.192674936845664320e+02 5.963885586377381514e+03
1.192824898810171987e+02 5.971000000000000000e+03
1.193089693994305094e+02 5.984097967492593853e+03
1.193351771640308243e+02 5.997145694263439509e+03
1.193540337716242590e+02 6.006585953588864868e+03
1.193727506253932518e+02 6.016000000000000000e+03
1.193867905432672956e+02 6.023090516904660944e+03
1.194166917538219650e+02 6.038274581129143371e+03
1.194373563035321411e+02 6.048834999067952594e+03
1.194610278837372164e+02 6.061000000000000000e+03
1.194826132002062877e+02 6.072156670230864620e+03
1.195040095640806470e+02 6.083276379584152892e+03
1.195149233784885610e+02 6.088971767949280547e+03
1.195257882736888888e+02 6.094657484409988683e+03
1.195473724964630975e+02 6.106000000000000000e+03
1.195579536825379847e+02 6.111583532987353465e+03
1.195684883712478097e+02 6.117157741448922025e+03
1.195894193652206781e+02 6.128278278070941269e+03
1.196000944558006296e+02 6.133973282880642728e+03
1.196107216950728969e+02 6.139658554866933628e+03
1.196213013765469242e+02 6.145334118958759063e+03
1.196265734747202742e+02 6.148168268311272186e+03
1.196318337924658408e+02 6.151000000000000000e+03
1.196625780991714123e+02 6.168475816192898492e+03
1.196932738627839683e+02 6.186000000000000000e+03
1.197237522797723841e+02 6.203475292094711222e+03
1.197541863409132645e+02 6.221000000000000000e+03
1.197801005814361304e+02 6.235981114146495202e+03
1.197973485432977157e+02 6.245982315499501055e+03
1.198145833600900403e+02 6.256000000000000000e+03
1.198295704158407062e+02 6.264730751490902549e+03
1.198445482912921705e+02 6.273474316488087425e+03
1.198595170139148678e+02 6.282230723220483014e+03
1.198744766111282729e+02 6.291000000000000000e+03
1.198914834982958979e+02 6.300991482874092981e+03
1.199084794251768216e+02 6.311000000000000000e+03
1.199223095212200292e+02 6.319161558655203407e+03
1.199292219894761189e+02 6.323246641096669919e+03
1.199361327414079312e+02 6.327334596315524323e+03
1.199423235779352410e+02 6.331000000000000000e+03
1.199488981871032678e+02 6.334896038686511019e+03
1.199554713214792798e+02 6.338794716459812662e+03
1.199620429832069846e+02 6.342696036002298570e+03
1.199653282624773283e+02 6.344647687276229590e+03
1.199686131743888495e+02 6.346600000000000364e+03
1.199754448974996706e+02 6.351300000000000182e+03
1.199788569197045405e+02 6.353650000000000546e+03
1.199805619722332324e+02 6.354825000000000728e+03
1.199822663861935439e+02 6.356000000000000000e+03
1.199911431988868173e+02 6.363500000000000000e+03
1.199955736956515580e+02 6.367250000000000000e+03
1.199977869707603020e+02 6.369125000000000000e+03
1.199988931155103273e+02 6.370062500000000000e+03
1.199999989319197624e+02 6.371000000000000000e+03
