6.000000000000000000e+01 5.771000000000000000e+03
6.002037790321848121e+01 5.778745214811430742e+03
6.002239567607288961e+01 5.779515157886744419e+03
6.003380105154253954e+01 5.783877590861345197e+03
6.005614940087971121e+01 5.792477131407868910e+03
6.007094794230994239e+01 5.798209559798375267e+03
6.010705129179263650e+01 5.812324404815953130e+03
6.012900756935230362e+01 5.821000000000000000e+03
6.015931165423583593e+01 5.833090747999037376e+03
6.016322841926841392e+01 5.834663479482633193e+03
6.016518211889844281e+01 5.835448831251936099e+03
6.016615780091122900e+01 5.835841254024722730e+03
6.016713270549384163e+01 5.836233508201259610e+03
6.017120348763060633e+01 5.837872951980803009e+03
6.017323379929349869e+01 5.838691570176271853e+03
6.017424768857805617e+01 5.839100603783760562e+03
6.017475431699558897e+01 5.839305051769019883e+03
6.017526073475271176e+01 5.839509453895870138e+03
6.018576012817220544e+01 5.843756106197040936e+03
6.018888604550675581e+01 5.845023708057446129e+03
6.021775396318527385e+01 5.856801948922146948e+03
6.025213016880353223e+01 5.871000000000000000e+03
6.027667813960138687e+01 5.881256383119759448e+03
6.030071368210257532e+01 5.891395956763047252e+03
6.033567937610922627e+01 5.906322774931001732e+03
6.036957996210974642e+01 5.921000000000000000e+03
6.038342868460934909e+01 5.927055336232162517e+03
6.039710237483939892e+01 5.933068701681323546e+03
6.042393634680438197e+01 5.944971253664713913e+03
6.045010496407516598e+01 5.956711063565764562e+03
6.046595252786850949e+01 5.963885586377381514e+03
6.048155947179908054e+01 5.971000000000000000e+03
6.050911336263629892e+01 5.984097967492593853e+03
6.053638406301124775e+01 5.997145694263439509e+03
6.055600520577964829e+01 6.006585953588864868e+03
6.057548072032833630e+01 6.016000000000000000e+03
6.059008959024835406e+01 6.023090516904660944e+03
6.062120212668324370e+01 6.038274581129143371e+03
6.064270350925260544e+01 6.048834999067952594e+03
6.066733338733383363e+01 6.061000000000000000e+03
6.068979225747283124e+01 6.072156670230864620e+03
6.071205425964716795e+01 6.083276379584152892e+03
6.072340951436658685e+01 6.088971767949280547e+03
6.073471380235914552e+01 6.094657484409988683e+03
6.075717072026235854e+01 6.106000000000000000e+03
6.076817962705818843e+01 6.111583532987353465e+03
6.077914009252858563e+01 6.117157741448922025e+03
6.080091685659583334e+01 6.128278278070941269e+03
6.081202320400475259e+01 6.133973282880642728e+03
6.082307970173977907e+01 6.139658554866933628e+03
6.083408665611745647e+01 6.145334118958759063e+03
6.083957165015383595e+01 6.148168268311272186e+03
6.084504437212721939e+01 6.151000000000000000e+03
6.087702504640725465e+01 6.168475816192898492e+03
6.090895508931320990e+01 6.186000000000000000e+03
6.094065891343717567e+01 6.203475292094711222e+03
6.097231646843723496e+01 6.221000000000000000e+03
6.099927239844937787e+01 6.235981114146495202e+03
6.101721363576361057e+01 6.245982315499501055e+03
6.103514115925904804e+01 6.256000000000000000e+03
6.105073054664234178e+01 6.264730751490902549e+03
6.106631035506752170e+01 6.273474316488087425e+03
6.108188061320704776e+01 6.282230723220483014e+03
6.109744134968000395e+01 6.291000000000000000e+03
6.111513160935444233e+01 6.300991482874092981e+03
6.113281043108075608e+01 6.311000000000000000e+03
6.114719619189347810e+01 6.319161558655203407e+03
6.115438637979337244e+01 6.323246641096669919e+03
6.116157477636164685e+01 6.327334596315524323e+03
6.116801432925009863e+01 6.331000000000000000e+03
6.117485306754083041e+01 6.334896038686511019e+03
6.118169026639910868e+01 6.338794716459812662e+03
6.118852592806184276e+01 6.342696036002298570e+03
6.119194318312275982e+01 6.344647687276229590e+03
6.119536005472296836e+01 6.346600000000000364e+03
6.120246374772506215e+01 6.351300000000000182e+03
6.120601159788446921e+01 6.353650000000000546e+03
6.120778452519618185e+01 6.354825000000000728e+03
6.120955678783035125e+01 6.356000000000000000e+03
6.121878381467300301e+01 6.363500000000000000e+03
6.122338910080721774e+01 6.367250000000000000e+03
6.122568969134390926e+01 6.369125000000000000e+03
6.122683947401487359e+01 6.370062500000000000e+03
6.122798891515788711e+01 6.371000000000000000e+03
6.122913835630090773e+01 6.370062500000000000e+03
6.123028813897186495e+01 6.369125000000000000e+03
6.123258872950855647e+01 6.367250000000000000e+03
6.123719401564277831e+01 6.363500000000000000e+03
6.124642104248543006e+01 6.356000000000000000e+03
6.124819330511959947e+01 6.354825000000000728e+03
6.124996623243131211e+01 6.353650000000000546e+03
6.125351408259071206e+01 6.351300000000000182e+03
6.126061777559281296e+01 6.346600000000000364e+03
6.126403464719302150e+01 6.344647687276229590e+03
6.126745190225393856e+01 6.342696036002298570e+03
6.127428756391667264e+01 6.338794716459812662e+03
6.128112476277494380e+01 6.334896038686511019e+03
6.128796350106568269e+01 6.331000000000000000e+03
6.129440305395413446e+01 6.327334596315524323e+03
6.130159145052240177e+01 6.323246641096669919e+03
6.130878163842230322e+01 6.319161558655203407e+03
6.132316739923502524e+01 6.311000000000000000e+03
6.134084622096133899e+01 6.300991482874092981e+03
6.135853648063577737e+01 6.291000000000000000e+03
6.137409721710873356e+01 6.282230723220483014e+03
6.138966747524825962e+01 6.273474316488087425e+03
6.140524728367343954e+01 6.264730751490902549e+03
6.142083667105673328e+01 6.256000000000000000e+03
6.143876419455217075e+01 6.245982315499501055e+03
6.145670543186640344e+01 6.235981114146495202e+03
6.148366136187854636e+01 6.221000000000000000e+03
6.151531891687859854e+01 6.203475292094711222e+03
6.154702274100256432e+01 6.186000000000000000e+03
6.157895278390852667e+01 6.168475816192898492e+03
6.161093345818856193e+01 6.151000000000000000e+03
6.161640618016194537e+01 6.148168268311272186e+03
6.162189117419831774e+01 6.145334118958759063e+03
6.163289812857600225e+01 6.139658554866933628e+03
6.164395462631102163e+01 6.133973282880642728e+03
6.165506097371994798e+01 6.128278278070941269e+03
6.167683773778718859e+01 6.117157741448922025e+03
6.168779820325758578e+01 6.111583532987353465e+03
6.169880711005342278e+01 6.106000000000000000e+03
6.172126402795663580e+01 6.094657484409988683e+03
6.173256831594919447e+01 6.088971767949280547e+03
6.174392357066861337e+01 6.083276379584152892e+03
6.176618557284294297e+01 6.072156670230864620e+03
6.178864444298194769e+01 6.061000000000000000e+03
6.181327432106316877e+01 6.048834999067952594e+03
6.183477570363253761e+01 6.038274581129143371e+03
6.186588824006742726e+01 6.023090516904660944e+03
6.188049710998744501e+01 6.016000000000000000e+03
6.189997262453612592e+01 6.006585953588864868e+03
6.191959376730452647e+01 5.997145694263439509e+03
6.194686446767947530e+01 5.984097967492593853e+03
6.197441835851670078e+01 5.971000000000000000e+03
6.199002530244726472e+01 5.963885586377381514e+03
6.200587286624061534e+01 5.956711063565764562e+03
6.203204148351139935e+01 5.944971253664713913e+03
6.205887545547638240e+01 5.933068701681323546e+03
6.207254914570642512e+01 5.927055336232162517e+03
6.208639786820603490e+01 5.921000000000000000e+03
6.212029845420655505e+01 5.906322774931001732e+03
6.215526414821320600e+01 5.891395956763047252e+03
6.217929969071438734e+01 5.881256383119759448e+03
6.220384766151224909e+01 5.871000000000000000e+03
6.223822386713050747e+01 5.856801948922146948e+03
6.226709178480902551e+01 5.845023708057446129e+03
6.227021770214356877e+01 5.843756106197040936e+03
6.228071709556306956e+01 5.839509453895870138e+03
6.228122351332018525e+01 5.839305051769019883e+03
6.228173014173771804e+01 5.839100603783760562e+03
6.228274403102228263e+01 5.838691570176271853e+03
6.228477434268517499e+01 5.837872951980803009e+03
6.228884512482193969e+01 5.836233508201259610e+03
6.228982002940454521e+01 5.835841254024722730e+03
6.229079571141733140e+01 5.835448831251936099e+03
6.229274941104736740e+01 5.834663479482633193e+03
6.229666617607994539e+01 5.833090747999037376e+03
6.232697026096347770e+01 5.821000000000000000e+03
6.234892653852313771e+01 5.812324404815953130e+03
6.238502988800583893e+01 5.798209559798375267e+03
6.239982842943607011e+01 5.792477131407868910e+03
6.242217677877323467e+01 5.783877590861345197e+03
6.243358215424288460e+01 5.779515157886744419e+03
6.243559992709729300e+01 5.778745214811430742e+03
6.245597783031578132e+01 5.771000000000000000e+03
6.246589646898422643e+01 5.767247208179240261e+03
6.248338534941037636e+01 5.760647581597568205e+03
6.250273206871659681e+01 5.753372645957148961e+03
6.254922380949214045e+01 5.736000000000000000e+03
6.255385797171570061e+01 5.734276765325053020e+03
6.255833683984516114e+01 5.732612718651146679e+03
6.256282160390713898e+01 5.730947898682818050e+03
6.260324639976700922e+01 5.716005170388375518e+03
6.264415266048961684e+01 5.701000000000000000e+03
6.265798179285533820e+01 5.696299767616116696e+03
6.267193396641282277e+01 5.691577756961269188e+03
6.270021334890395082e+01 5.682067792569701851e+03
6.274806566247140438e+01 5.666158182732464411e+03
6.275948476320331082e+01 5.662394951670154114e+03
6.276031167604573113e+01 5.662122929592526816e+03
6.276113900750593189e+01 5.661850836085401170e+03
6.276279492741766575e+01 5.661306434670083945e+03
6.276611180321759775e+01 5.660216773446381922e+03
6.276631817866679341e+01 5.660149010020322748e+03
6.276824177885270473e+01 5.659517593057181330e+03
6.277016763878453531e+01 5.658885791585033076e+03
6.277402615214852943e+01 5.657621033707950119e+03
6.278177045351695540e+01 5.655086888358275246e+03
6.279736896601735907e+01 5.650000000000000000e+03
6.286166664341471488e+01 5.629272204888298802e+03
6.290746934704094429e+01 5.614737222997924619e+03
6.295451899659921935e+01 5.600000000000000000e+03
6.296880588148129476e+01 5.595559138360928046e+03
6.298313884789850903e+01 5.591113821732636097e+03
6.301194385430309097e+01 5.582209796666496004e+03
6.307011604816943162e+01 5.564347990646462677e+03
6.312266944107614819e+01 5.548347817202922670e+03
6.314917652350411714e+01 5.540326122140537336e+03
6.317583886634970014e+01 5.532289969591510271e+03
6.322963442284000735e+01 5.516174135411034513e+03
6.325677026322909313e+01 5.508094375114532340e+03
6.328406655469619579e+01 5.500000000000000000e+03
6.334423027407130746e+01 5.482274596889916211e+03
6.337459938817395511e+01 5.473386772410306548e+03
6.340516228040980451e+01 5.464482135951820965e+03
6.346055617829033935e+01 5.448443906490607333e+03
6.348849294014816280e+01 5.440404303246951713e+03
6.351659130046758150e+01 5.432350994423984048e+03
6.357327806839667517e+01 5.416203119612529008e+03
6.360186918456967931e+01 5.408108483110237103e+03
6.363062725384016716e+01 5.400000000000000000e+03
6.369366573300378320e+01 5.382341283162184482e+03
6.375749583835880685e+01 5.364619688891984879e+03
6.387497083320650404e+01 5.332414195103907332e+03
6.388118354193237280e+01 5.330725577178969615e+03
6.399516662695967284e+01 5.300000000000000000e+03
6.411345854841076175e+01 5.268613070347176290e+03
6.423438371252582613e+01 5.237037856906376874e+03
6.437874514379129209e+01 5.200000000000000000e+03
6.445338398881197861e+01 5.181123188790137647e+03
6.452900784549018454e+01 5.162181835061464881e+03
6.460563529282619299e+01 5.143175607226947250e+03
6.468328537576184090e+01 5.124104171424285596e+03
6.468561576437424776e+01 5.123534711241189143e+03
6.468794707937001931e+01 5.122965192817484422e+03
6.469261249059765362e+01 5.121825981212500665e+03
6.469728161365337371e+01 5.120686536537831671e+03
6.470195445274117674e+01 5.119546858721945682e+03
6.470794751762247188e+01 5.118086171107819609e+03
6.471394669965837920e+01 5.116625100430052953e+03
6.471995200773903889e+01 5.115163646537939712e+03
6.472596345077167257e+01 5.113701809280693851e+03
6.473797843694794096e+01 5.110783377244053554e+03
6.475001796248837138e+01 5.107863416640710057e+03
6.476625227672136020e+01 5.103933093874856240e+03
6.478253129984409497e+01 5.100000000000000000e+03
6.478346230599228761e+01 5.099775307355141194e+03
6.479238717531322322e+01 5.097622666933323671e+03
6.480308918176325506e+01 5.095044541692768689e+03
6.481381021423750610e+01 5.092465273752032772e+03
6.483530954954677838e+01 5.087303306729801989e+03
6.485681822979810818e+01 5.082152863521321706e+03
6.487840350565711844e+01 5.076997862837097273e+03
6.489999901778487867e+01 5.071854175867099912e+03
6.492167143119972650e+01 5.066705947393367751e+03
6.492402376051688861e+01 5.066147985041328866e+03
6.492637699733185741e+01 5.065589969318183648e+03
6.493108619544452154e+01 5.064473777727936067e+03
6.493579902955035266e+01 5.063357372561343254e+03
6.494051550365770709e+01 5.062240753757101629e+03
6.494995938785829992e+01 5.060006874990323922e+03
6.495941788031174724e+01 5.057772140936690448e+03
6.497837881853023134e+01 5.053300105003316276e+03
6.499739857833137080e+01 5.048824642022135777e+03
6.503575782351923351e+01 5.039830148983069193e+03
6.507435728605500458e+01 5.030821798014501837e+03
6.514072660460944064e+01 5.015431166328467953e+03
6.517417885971774183e+01 5.007720659996419272e+03
6.520781133446176625e+01 5.000000000000000000e+03
6.527640242903585488e+01 4.984350466656896970e+03
6.534573729395395958e+01 4.968660727985812628e+03
6.548668478169054197e+01 4.937160013312628507e+03
6.557079979483718546e+01 4.918608118927849318e+03
6.565600723348481438e+01 4.900000000000000000e+03
6.583157216891207497e+01 4.862230287249800313e+03
6.601179270566707658e+01 4.824236259859541860e+03
6.602629810116016529e+01 4.821211725570394265e+03
6.604083403136168329e+01 4.818185765245956645e+03
6.606999786538503372e+01 4.812129562455151245e+03
6.612869604057287631e+01 4.800000000000000000e+03
6.614508169722896014e+01 4.796628177874657922e+03
6.616150550561302168e+01 4.793254645241781873e+03
6.623513554537625225e+01 4.778205745655412102e+03
6.627223903380604497e+01 4.770668521131959096e+03
6.630953676532277541e+01 4.763122760832113272e+03
6.639531125460375449e+01 4.745886131456858493e+03
6.648212096929506743e+01 4.728604880064525787e+03
6.661509106266198899e+01 4.702447642573829398e+03
6.662135872283631954e+01 4.701223933096043766e+03
6.662763175591892661e+01 4.700000000000000000e+03
6.677725744787012729e+01 4.671047855811226327e+03
6.692993783312789446e+01 4.641974078156351425e+03
6.703330342882202331e+01 4.622554150333280631e+03
6.715476711382557085e+01 4.600000000000000000e+03
6.725261847591559672e+01 4.582035357707135518e+03
6.726657532585602439e+01 4.579487693472211504e+03
6.728055715490093291e+01 4.576939121644680199e+03
6.730859601021143135e+01 4.571839253271146845e+03
6.736497634515983179e+01 4.561628604046322835e+03
6.747896239121320150e+01 4.541163546563089767e+03
6.748851577906350485e+01 4.539459058171074503e+03
6.749808068625513613e+01 4.537754164709254837e+03
6.760446735927808959e+01 4.518901882588699664e+03
6.771228874410587650e+01 4.500000000000000000e+03
6.772789460778827220e+01 4.497281034716017530e+03
6.774353052377828988e+01 4.494561065026764481e+03
6.786971546933177990e+01 4.472764117764656476e+03
6.799787359833375433e+01 4.450902561122331463e+03
6.826029213659610662e+01 4.406984467210255389e+03
6.830264873383293889e+01 4.400000000000000000e+03
6.838949040465206508e+01 4.385768783619147143e+03
6.847722627538985307e+01 4.371510725873732554e+03
6.869998697584171055e+01 4.335839642122849909e+03
6.892861179254389015e+01 4.300000000000000000e+03
6.923900623865391424e+01 4.252544907707078892e+03
6.938345011587284716e+01 4.230918457524750920e+03
6.948777456420337728e+01 4.215474635658658372e+03
6.959330434352618511e+01 4.200000000000000000e+03
6.980849778251273108e+01 4.168895314184890594e+03
7.002877493783843477e+01 4.137666949604132242e+03
7.003852599243896293e+01 4.136298565928655080e+03
7.016850333765788150e+01 4.118170185945573394e+03
7.030028190805803945e+01 4.100000000000000000e+03
7.056967744991388258e+01 4.063495247384585582e+03
7.084674661850736754e+01 4.026822041401353090e+03
7.089805751230163366e+01 4.020124987488006354e+03
7.094963591964906868e+01 4.013422300691796409e+03
7.105360363743389485e+01 4.000000000000000000e+03
7.109144622155450577e+01 3.995143612901741562e+03
7.112943269523897527e+01 3.990284269093446710e+03
7.127227404807749167e+01 3.972149362520172872e+03
7.141716848089282621e+01 3.953973216789043363e+03
7.143554961439146211e+01 3.951683009119788494e+03
7.145396405473128709e+01 3.949392145892666576e+03
7.149089321791660723e+01 3.944808451638598854e+03
7.158143072741283675e+01 3.933629798901071808e+03
7.167277626891184639e+01 3.922435527900394845e+03
7.176494073624265013e+01 3.911225605882083528e+03
7.185793522763219698e+01 3.900000000000000000e+03
7.204629458571257317e+01 3.877521237213616132e+03
7.223811049591024869e+01 3.854979169015443404e+03
7.263250094270453872e+01 3.809704043666336020e+03
7.267549619789441806e+01 3.804853485772945078e+03
7.271866394451166116e+01 3.800000000000000000e+03
7.285816466737175290e+01 3.784427856473555948e+03
7.299948694165513530e+01 3.768825250797792251e+03
7.328774204092380273e+01 3.737528294758099491e+03
7.364206475451992162e+01 3.700000000000000000e+03
7.394920425375138961e+01 3.668280721280808848e+03
7.413782580489080942e+01 3.649163394452884859e+03
7.432962068544202339e+01 3.630000000000000000e+03
7.448158489277960825e+01 3.614999772910571210e+03
7.455813585251905806e+01 3.607499829684217730e+03
7.463507014340946455e+01 3.600000000000000000e+03
7.487577711674407510e+01 3.576775986262010065e+03
7.499754828661842510e+01 3.565164474887929828e+03
7.512028070200386765e+01 3.553553293824999400e+03
7.540707060919699245e+01 3.526775768576072096e+03
7.569919612636201123e+01 3.500000000000000000e+03
7.578727623760499910e+01 3.492023793463924903e+03
7.592098832892941118e+01 3.480000000000000000e+03
7.605470042025382327e+01 3.492023793463924903e+03
7.614278053149681114e+01 3.500000000000000000e+03
7.643490604866182991e+01 3.526775768576072096e+03
7.672169595585494051e+01 3.553553293824999400e+03
7.684442837124039727e+01 3.565164474887929828e+03
7.696619954111474726e+01 3.576775986262010065e+03
7.720690651444934360e+01 3.600000000000000000e+03
7.728384080533975009e+01 3.607499829684217730e+03
7.736039176507921411e+01 3.614999772910571210e+03
7.751235597241679898e+01 3.630000000000000000e+03
7.770415085296801294e+01 3.649163394452884859e+03
7.789277240410743275e+01 3.668280721280808848e+03
7.819991190333888653e+01 3.700000000000000000e+03
7.855423461693501963e+01 3.737528294758099491e+03
7.884248971620368707e+01 3.768825250797792251e+03
7.898381199048706947e+01 3.784427856473555948e+03
7.912331271334716121e+01 3.800000000000000000e+03
7.916648045996439009e+01 3.804853485772945078e+03
7.920947571515428365e+01 3.809704043666336020e+03
7.960386616194857368e+01 3.854979169015443404e+03
7.979568207214624920e+01 3.877521237213616132e+03
7.998404143022662538e+01 3.900000000000000000e+03
8.007703592161617223e+01 3.911225605882083528e+03
8.016920038894697598e+01 3.922435527900394845e+03
8.026054593044599983e+01 3.933629798901071808e+03
8.035108343994221514e+01 3.944808451638598854e+03
8.038801260312754948e+01 3.949392145892666576e+03
8.040642704346737446e+01 3.951683009119788494e+03
8.042480817696601036e+01 3.953973216789043363e+03
8.056970260978134490e+01 3.972149362520172872e+03
8.071254396261986130e+01 3.990284269093446710e+03
8.075053043630431659e+01 3.995143612901741562e+03
8.078837302042494173e+01 4.000000000000000000e+03
8.089234073820976789e+01 4.013422300691796409e+03
8.094391914555720291e+01 4.020124987488006354e+03
8.099523003935146903e+01 4.026822041401353090e+03
8.127229920794495399e+01 4.063495247384585582e+03
8.154169474980079713e+01 4.100000000000000000e+03
8.167347332020095507e+01 4.118170185945573394e+03
8.180345066541987364e+01 4.136298565928655080e+03
8.181320172002040181e+01 4.137666949604132242e+03
8.203347887534610550e+01 4.168895314184890594e+03
8.224867231433265147e+01 4.200000000000000000e+03
8.235420209365545929e+01 4.215474635658658372e+03
8.245852654198598941e+01 4.230918457524750920e+03
8.260297041920492234e+01 4.252544907707078892e+03
8.291336486531494643e+01 4.300000000000000000e+03
8.314198968201712603e+01 4.335839642122849909e+03
8.336475038246898350e+01 4.371510725873732554e+03
8.345248625320677149e+01 4.385768783619147143e+03
8.353932792402589769e+01 4.400000000000000000e+03
8.358168452126272996e+01 4.406984467210255389e+03
8.384410305952508224e+01 4.450902561122331463e+03
8.397226118852705667e+01 4.472764117764656476e+03
8.409844613408054670e+01 4.494561065026764481e+03
8.411408205007056438e+01 4.497281034716017530e+03
8.412968791375296007e+01 4.500000000000000000e+03
8.423750929858074699e+01 4.518901882588699664e+03
8.434389597160370045e+01 4.537754164709254837e+03
8.435346087879531751e+01 4.539459058171074503e+03
8.436301426664563508e+01 4.541163546563089767e+03
8.447700031269900478e+01 4.561628604046322835e+03
8.453338064764740523e+01 4.571839253271146845e+03
8.456141950295790366e+01 4.576939121644680199e+03
8.457540133200282639e+01 4.579487693472211504e+03
8.458935818194323986e+01 4.582035357707135518e+03
8.468720954403326573e+01 4.600000000000000000e+03
8.480867322903682748e+01 4.622554150333280631e+03
8.491203882473095632e+01 4.641974078156351425e+03
8.506471920998870928e+01 4.671047855811226327e+03
8.521434490193990996e+01 4.700000000000000000e+03
8.522061793502251703e+01 4.701223933096043766e+03
8.522688559519684759e+01 4.702447642573829398e+03
8.535985568856378336e+01 4.728604880064525787e+03
8.544666540325508208e+01 4.745886131456858493e+03
8.553243989253607538e+01 4.763122760832113272e+03
8.556973762405280581e+01 4.770668521131959096e+03
8.560684111248259853e+01 4.778205745655412102e+03
8.568047115224581489e+01 4.793254645241781873e+03
8.569689496062987644e+01 4.796628177874657922e+03
8.571328061728596026e+01 4.800000000000000000e+03
8.577197879247380286e+01 4.812129562455151245e+03
8.580114262649715329e+01 4.818185765245956645e+03
8.581567855669868550e+01 4.821211725570394265e+03
8.583018395219176000e+01 4.824236259859541860e+03
8.601040448894676160e+01 4.862230287249800313e+03
8.618596942437402220e+01 4.900000000000000000e+03
8.627117686302165112e+01 4.918608118927849318e+03
8.635529187616829461e+01 4.937160013312628507e+03
8.649623936390489121e+01 4.968660727985812628e+03
8.656557422882298169e+01 4.984350466656896970e+03
8.663416532339708453e+01 5.000000000000000000e+03
8.666779779814109475e+01 5.007720659996419272e+03
8.670125005324939593e+01 5.015431166328467953e+03
8.676761937180384621e+01 5.030821798014501837e+03
8.680621883433960306e+01 5.039830148983069193e+03
8.684457807952746577e+01 5.048824642022135777e+03
8.686359783932860523e+01 5.053300105003316276e+03
8.688255877754708933e+01 5.057772140936690448e+03
8.689201727000053666e+01 5.060006874990323922e+03
8.690146115420112949e+01 5.062240753757101629e+03
8.690617762830848392e+01 5.063357372561343254e+03
8.691089046241432925e+01 5.064473777727936067e+03
8.691559966052699338e+01 5.065589969318183648e+03
8.691795289734196217e+01 5.066147985041328866e+03
8.692030522665911008e+01 5.066705947393367751e+03
8.694197764007395790e+01 5.071854175867099912e+03
8.696357315220171813e+01 5.076997862837097273e+03
8.698515842806072840e+01 5.082152863521321706e+03
8.700666710831205819e+01 5.087303306729801989e+03
8.702816644362133047e+01 5.092465273752032772e+03
8.703888747609558152e+01 5.095044541692768689e+03
8.704958948254561335e+01 5.097622666933323671e+03
8.705851435186654896e+01 5.099775307355141194e+03
8.705944535801475581e+01 5.100000000000000000e+03
8.707572438113747637e+01 5.103933093874856240e+03
8.709195869537047940e+01 5.107863416640710057e+03
8.710399822091089561e+01 5.110783377244053554e+03
8.711601320708717822e+01 5.113701809280693851e+03
8.712202465011981189e+01 5.115163646537939712e+03
8.712802995820047158e+01 5.116625100430052953e+03
8.713402914023637891e+01 5.118086171107819609e+03
8.714002220511767405e+01 5.119546858721945682e+03
8.714469504420546286e+01 5.120686536537831671e+03
8.714936416726119717e+01 5.121825981212500665e+03
8.715402957848883148e+01 5.122965192817484422e+03
8.715636089348460303e+01 5.123534711241189143e+03
8.715869128209700989e+01 5.124104171424285596e+03
8.723634136503265779e+01 5.143175607226947250e+03
8.731296881236866625e+01 5.162181835061464881e+03
8.738859266904687217e+01 5.181123188790137647e+03
8.746323151406755869e+01 5.200000000000000000e+03
8.760759294533302466e+01 5.237037856906376874e+03
8.772851810944808904e+01 5.268613070347176290e+03
8.784681003089917795e+01 5.300000000000000000e+03
8.796079311592647798e+01 5.330725577178969615e+03
8.796700582465234675e+01 5.332414195103907332e+03
8.808448081950004394e+01 5.364619688891984879e+03
8.814831092485506758e+01 5.382341283162184482e+03
8.821134940401867652e+01 5.400000000000000000e+03
8.824010747328917148e+01 5.408108483110237103e+03
8.826869858946217562e+01 5.416203119612529008e+03
8.832538535739126928e+01 5.432350994423984048e+03
8.835348371771070219e+01 5.440404303246951713e+03
8.838142047956851854e+01 5.448443906490607333e+03
8.843681437744905338e+01 5.464482135951820965e+03
8.846737726968490279e+01 5.473386772410306548e+03
8.849774638378755753e+01 5.482274596889916211e+03
8.855791010316265499e+01 5.500000000000000000e+03
8.858520639462975055e+01 5.508094375114532340e+03
8.861234223501884344e+01 5.516174135411034513e+03
8.866613779150915775e+01 5.532289969591510271e+03
8.869280013435474075e+01 5.540326122140537336e+03
8.871930721678270970e+01 5.548347817202922670e+03
8.877186060968942627e+01 5.564347990646462677e+03
8.883003280355576692e+01 5.582209796666496004e+03
8.885883780996034886e+01 5.591113821732636097e+03
8.887317077637756313e+01 5.595559138360928046e+03
8.888745766125964565e+01 5.600000000000000000e+03
8.893450731081790650e+01 5.614737222997924619e+03
8.898031001444414301e+01 5.629272204888298802e+03
8.904460769184149171e+01 5.650000000000000000e+03
8.906020620434189539e+01 5.655086888358275246e+03
8.906795050571031425e+01 5.657621033707950119e+03
8.907180901907432258e+01 5.658885791585033076e+03
8.907373487900613895e+01 5.659517593057181330e+03
8.907565847919205737e+01 5.660149010020322748e+03
8.907586485464123882e+01 5.660216773446381922e+03
8.907918173044117793e+01 5.661306434670083945e+03
8.908083765035290469e+01 5.661850836085401170e+03
8.908166498181311965e+01 5.662122929592526816e+03
8.908249189465553286e+01 5.662394951670154114e+03
8.909391099538743219e+01 5.666158182732464411e+03
8.914176330895487865e+01 5.682067792569701851e+03
8.917004269144601381e+01 5.691577756961269188e+03
8.918399486500351259e+01 5.696299767616116696e+03
8.919782399736922684e+01 5.701000000000000000e+03
8.923873025809183446e+01 5.716005170388375518e+03
8.927915505395171181e+01 5.730947898682818050e+03
8.928363981801368254e+01 5.732612718651146679e+03
8.928811868614315017e+01 5.734276765325053020e+03
8.929275284836670323e+01 5.736000000000000000e+03
8.933924458914225397e+01 5.753372645957148961e+03
8.935859130844846732e+01 5.760647581597568205e+03
8.937608018887462435e+01 5.767247208179240261e+03
8.938599882754306236e+01 5.771000000000000000e+03
8.940637673076155068e+01 5.778745214811430742e+03
8.940839450361595198e+01 5.779515157886744419e+03
8.941979987908560190e+01 5.783877590861345197e+03
8.944214822842276646e+01 5.792477131407868910e+03
8.945694676985300475e+01 5.798209559798375267e+03
8.949305011933569176e+01 5.812324404815953130e+03
8.951500639689535888e+01 5.821000000000000000e+03
8.954531048177889829e+01 5.833090747999037376e+03
8.954922724681146917e+01 5.834663479482633193e+03
8.955118094644150517e+01 5.835448831251936099e+03
8.955215662845429847e+01 5.835841254024722730e+03
8.955313153303690399e+01 5.836233508201259610e+03
8.955720231517366869e+01 5.837872951980803009e+03
8.955923262683656105e+01 5.838691570176271853e+03
8.956024651612112564e+01 5.839100603783760562e+03
8.956075314453866554e+01 5.839305051769019883e+03
8.956125956229578833e+01 5.839509453895870138e+03
8.957175895571526780e+01 5.843756106197040936e+03
8.957488487304982527e+01 5.845023708057446129e+03
8.960375279072833621e+01 5.856801948922146948e+03
8.963812899634659459e+01 5.871000000000000000e+03
8.966267696714444924e+01 5.881256383119759448e+03
8.968671250964564479e+01 5.891395956763047252e+03
8.972167820365228863e+01 5.906322774931001732e+03
8.975557878965281589e+01 5.921000000000000000e+03
8.976942751215241856e+01 5.927055336232162517e+03
8.978310120238245418e+01 5.933068701681323546e+03
8.980993517434744433e+01 5.944971253664713913e+03
8.983610379161822834e+01 5.956711063565764562e+03
8.985195135541158606e+01 5.963885586377381514e+03
8.986755829934213580e+01 5.971000000000000000e+03
8.989511219017936128e+01 5.984097967492593853e+03
8.992238289055431721e+01 5.997145694263439509e+03
8.994200403332271776e+01 6.006585953588864868e+03
8.996147954787139156e+01 6.016000000000000000e+03
8.997608841779141642e+01 6.023090516904660944e+03
9.000720095422630607e+01 6.038274581129143371e+03
9.002870233679567491e+01 6.048834999067952594e+03
9.005333221487688888e+01 6.061000000000000000e+03
9.007579108501589360e+01 6.072156670230864620e+03
9.009805308719022321e+01 6.083276379584152892e+03
9.010940834190964210e+01 6.088971767949280547e+03
9.012071262990220077e+01 6.094657484409988683e+03
9.014316954780541380e+01 6.106000000000000000e+03
9.015417845460125079e+01 6.111583532987353465e+03
9.016513892007164088e+01 6.117157741448922025e+03
9.018691568413889570e+01 6.128278278070941269e+03
9.019802203154782205e+01 6.133973282880642728e+03
9.020907852928283432e+01 6.139658554866933628e+03
9.022008548366052594e+01 6.145334118958759063e+03
9.022557047769690541e+01 6.148168268311272186e+03
9.023104319967028175e+01 6.151000000000000000e+03
9.026302387395031701e+01 6.168475816192898492e+03
9.029495391685627226e+01 6.186000000000000000e+03
9.032665774098023803e+01 6.203475292094711222e+03
9.035831529598029022e+01 6.221000000000000000e+03
9.038527122599242603e+01 6.235981114146495202e+03
9.040321246330667293e+01 6.245982315499501055e+03
9.042113998680210329e+01 6.256000000000000000e+03
9.043672937418540414e+01 6.264730751490902549e+03
9.045230918261057695e+01 6.273474316488087425e+03
9.046787944075011012e+01 6.282230723220483014e+03
9.048344017722305921e+01 6.291000000000000000e+03
9.050113043689751180e+01 6.300991482874092981e+03
9.051880925862381844e+01 6.311000000000000000e+03
9.053319501943653336e+01 6.319161558655203407e+03
9.054038520733642770e+01 6.323246641096669919e+03
9.054757360390470922e+01 6.327334596315524323e+03
9.055401315679316099e+01 6.331000000000000000e+03
9.056085189508388567e+01 6.334896038686511019e+03
9.056768909394216394e+01 6.338794716459812662e+03
9.057452475560489802e+01 6.342696036002298570e+03
9.057794201066582218e+01 6.344647687276229590e+03
9.058135888226603072e+01 6.346600000000000364e+03
9.058846257526812451e+01 6.351300000000000182e+03
9.059201042542753157e+01 6.353650000000000546e+03
9.059378335273923710e+01 6.354825000000000728e+03
9.059555561537341362e+01 6.356000000000000000e+03
9.060478264221606537e+01 6.363500000000000000e+03
9.060938792835028721e+01 6.367250000000000000e+03
9.061168851888697873e+01 6.369125000000000000e+03
9.061283830155792884e+01 6.370062500000000000e+03
9.061398774270095657e+01 6.371000000000000000e+03
9.061513718384397009e+01 6.370062500000000000e+03
9.061628696651493442e+01 6.369125000000000000e+03
9.061858755705162594e+01 6.367250000000000000e+03
9.062319284318584778e+01 6.363500000000000000e+03
9.063241987002849953e+01 6.356000000000000000e+03
9.063419213266266183e+01 6.354825000000000728e+03
9.063596505997438157e+01 6.353650000000000546e+03
9.063951291013378864e+01 6.351300000000000182e+03
9.064661660313588243e+01 6.346600000000000364e+03
9.065003347473609097e+01 6.344647687276229590e+03
9.065345072979700092e+01 6.342696036002298570e+03
9.066028639145973500e+01 6.338794716459812662e+03
9.066712359031801327e+01 6.334896038686511019e+03
9.067396232860875216e+01 6.331000000000000000e+03
9.068040188149720393e+01 6.327334596315524323e+03
9.068759027806547124e+01 6.323246641096669919e+03
9.069478046596536558e+01 6.319161558655203407e+03
9.070916622677809471e+01 6.311000000000000000e+03
9.072684504850440135e+01 6.300991482874092981e+03
9.074453530817883973e+01 6.291000000000000000e+03
9.076009604465180303e+01 6.282230723220483014e+03
9.077566630279132198e+01 6.273474316488087425e+03
9.079124611121650901e+01 6.264730751490902549e+03
9.080683549859979564e+01 6.256000000000000000e+03
9.082476302209524022e+01 6.245982315499501055e+03
9.084270425940947291e+01 6.235981114146495202e+03
9.086966018942160872e+01 6.221000000000000000e+03
9.090131774442167512e+01 6.203475292094711222e+03
9.093302156854562668e+01 6.186000000000000000e+03
9.096495161145159614e+01 6.168475816192898492e+03
9.099693228573161718e+01 6.151000000000000000e+03
9.100240500770500773e+01 6.148168268311272186e+03
9.100789000174138721e+01 6.145334118958759063e+03
9.101889695611907882e+01 6.139658554866933628e+03
9.102995345385409109e+01 6.133973282880642728e+03
9.104105980126301745e+01 6.128278278070941269e+03
9.106283656533025805e+01 6.117157741448922025e+03
9.107379703080066236e+01 6.111583532987353465e+03
9.108480593759648514e+01 6.106000000000000000e+03
9.110726285549971237e+01 6.094657484409988683e+03
9.111856714349227104e+01 6.088971767949280547e+03
9.112992239821167573e+01 6.083276379584152892e+03
9.115218440038601955e+01 6.072156670230864620e+03
9.117464327052502426e+01 6.061000000000000000e+03
9.119927314860623824e+01 6.048834999067952594e+03
9.122077453117560708e+01 6.038274581129143371e+03
9.125188706761049673e+01 6.023090516904660944e+03
9.126649593753050738e+01 6.016000000000000000e+03
9.128597145207919539e+01 6.006585953588864868e+03
9.130559259484759593e+01 5.997145694263439509e+03
9.133286329522253766e+01 5.984097967492593853e+03
9.136041718605976314e+01 5.971000000000000000e+03
9.137602412999032708e+01 5.963885586377381514e+03
9.139187169378368480e+01 5.956711063565764562e+03
9.141804031105446882e+01 5.944971253664713913e+03
9.144487428301944476e+01 5.933068701681323546e+03
9.145854797324949459e+01 5.927055336232162517e+03
9.147239669574909726e+01 5.921000000000000000e+03
9.150629728174962452e+01 5.906322774931001732e+03
9.154126297575626836e+01 5.891395956763047252e+03
9.156529851825746391e+01 5.881256383119759448e+03
9.158984648905531856e+01 5.871000000000000000e+03
9.162422269467356273e+01 5.856801948922146948e+03
9.165309061235208787e+01 5.845023708057446129e+03
9.165621652968663113e+01 5.843756106197040936e+03
9.166671592310612482e+01 5.839509453895870138e+03
9.166722234086324761e+01 5.839305051769019883e+03
9.166772896928078751e+01 5.839100603783760562e+03
9.166874285856533788e+01 5.838691570176271853e+03
9.167077317022824445e+01 5.837872951980803009e+03
9.167484395236500916e+01 5.836233508201259610e+03
9.167581885694761468e+01 5.835841254024722730e+03
9.167679453896039377e+01 5.835448831251936099e+03
9.167874823859042976e+01 5.834663479482633193e+03
9.168266500362301485e+01 5.833090747999037376e+03
9.171296908850654006e+01 5.821000000000000000e+03
9.173492536606620718e+01 5.812324404815953130e+03
9.177102871554890839e+01 5.798209559798375267e+03
9.178582725697913247e+01 5.792477131407868910e+03
9.180817560631629703e+01 5.783877590861345197e+03
9.181958098178594696e+01 5.779515157886744419e+03
9.182159875464034826e+01 5.778745214811430742e+03
9.184197665785885079e+01 5.771000000000000000e+03
9.185189529652728879e+01 5.767247208179240261e+03
9.186938417695344583e+01 5.760647581597568205e+03
9.188873089625965918e+01 5.753372645957148961e+03
9.193522263703519570e+01 5.736000000000000000e+03
9.193985679925876298e+01 5.734276765325053020e+03
9.194433566738823060e+01 5.732612718651146679e+03
9.194882043145020134e+01 5.730947898682818050e+03
9.198924522731006448e+01 5.716005170388375518e+03
9.203015148803268630e+01 5.701000000000000000e+03
9.204398062039840056e+01 5.696299767616116696e+03
9.205793279395589934e+01 5.691577756961269188e+03
9.208621217644702028e+01 5.682067792569701851e+03
9.213406449001448095e+01 5.666158182732464411e+03
9.214548359074638029e+01 5.662394951670154114e+03
9.214631050358879349e+01 5.662122929592526816e+03
9.214713783504899425e+01 5.661850836085401170e+03
9.214879375496073521e+01 5.661306434670083945e+03
9.215211063076066011e+01 5.660216773446381922e+03
9.215231700620985578e+01 5.660149010020322748e+03
9.215424060639577419e+01 5.659517593057181330e+03
9.215616646632759057e+01 5.658885791585033076e+03
9.216002497969158469e+01 5.657621033707950119e+03
9.216776928106000355e+01 5.655086888358275246e+03
9.218336779356042143e+01 5.650000000000000000e+03
9.224766547095777014e+01 5.629272204888298802e+03
9.229346817458400665e+01 5.614737222997924619e+03
9.234051782414226750e+01 5.600000000000000000e+03
9.235480470902433581e+01 5.595559138360928046e+03
9.236913767544156428e+01 5.591113821732636097e+03
9.239794268184613202e+01 5.582209796666496004e+03
9.245611487571247267e+01 5.564347990646462677e+03
9.250866826861920345e+01 5.548347817202922670e+03
9.253517535104717240e+01 5.540326122140537336e+03
9.256183769389275540e+01 5.532289969591510271e+03
9.261563325038305550e+01 5.516174135411034513e+03
9.264276909077214839e+01 5.508094375114532340e+03
9.267006538223924395e+01 5.500000000000000000e+03
9.273022910161435561e+01 5.482274596889916211e+03
9.276059821571701036e+01 5.473386772410306548e+03
9.279116110795285977e+01 5.464482135951820965e+03
9.284655500583339460e+01 5.448443906490607333e+03
9.287449176769121095e+01 5.440404303246951713e+03
9.290259012801062966e+01 5.432350994423984048e+03
9.295927689593972332e+01 5.416203119612529008e+03
9.298786801211272746e+01 5.408108483110237103e+03
9.301662608138320820e+01 5.400000000000000000e+03
9.307966456054683135e+01 5.382341283162184482e+03
9.314349466590186921e+01 5.364619688891984879e+03
9.326096966074955219e+01 5.332414195103907332e+03
9.326718236947542096e+01 5.330725577178969615e+03
9.338116545450273520e+01 5.300000000000000000e+03
9.349945737595382411e+01 5.268613070347176290e+03
9.362038254006887428e+01 5.237037856906376874e+03
9.376474397133435446e+01 5.200000000000000000e+03
9.383938281635502676e+01 5.181123188790137647e+03
9.391500667303324690e+01 5.162181835061464881e+03
9.399163412036924115e+01 5.143175607226947250e+03
9.406928420330490326e+01 5.124104171424285596e+03
9.407161459191729591e+01 5.123534711241189143e+03
9.407394590691308167e+01 5.122965192817484422e+03
9.407861131814070177e+01 5.121825981212500665e+03
9.408328044119643607e+01 5.120686536537831671e+03
9.408795328028422489e+01 5.119546858721945682e+03
9.409394634516553424e+01 5.118086171107819609e+03
9.409994552720144156e+01 5.116625100430052953e+03
9.410595083528210125e+01 5.115163646537939712e+03
9.411196227831473493e+01 5.113701809280693851e+03
9.412397726449100333e+01 5.110783377244053554e+03
9.413601679003141953e+01 5.107863416640710057e+03
9.415225110426442257e+01 5.103933093874856240e+03
9.416853012738714312e+01 5.100000000000000000e+03
9.416946113353534997e+01 5.099775307355141194e+03
9.417838600285628559e+01 5.097622666933323671e+03
9.418908800930631742e+01 5.095044541692768689e+03
9.419980904178055425e+01 5.092465273752032772e+03
9.422130837708982654e+01 5.087303306729801989e+03
9.424281705734117054e+01 5.082152863521321706e+03
9.426440233320018081e+01 5.076997862837097273e+03
9.428599784532794104e+01 5.071854175867099912e+03
9.430767025874280307e+01 5.066705947393367751e+03
9.431002258805995098e+01 5.066147985041328866e+03
9.431237582487491977e+01 5.065589969318183648e+03
9.431708502298758390e+01 5.064473777727936067e+03
9.432179785709342923e+01 5.063357372561343254e+03
9.432651433120076945e+01 5.062240753757101629e+03
9.433595821540136228e+01 5.060006874990323922e+03
9.434541670785480960e+01 5.057772140936690448e+03
9.436437764607330791e+01 5.053300105003316276e+03
9.438339740587444737e+01 5.048824642022135777e+03
9.442175665106231008e+01 5.039830148983069193e+03
9.446035611359806694e+01 5.030821798014501837e+03
9.452672543215251721e+01 5.015431166328467953e+03
9.456017768726081840e+01 5.007720659996419272e+03
9.459381016200482861e+01 5.000000000000000000e+03
9.466240125657891724e+01 4.984350466656896970e+03
9.473173612149702194e+01 4.968660727985812628e+03
9.487268360923360433e+01 4.937160013312628507e+03
9.495679862238026203e+01 4.918608118927849318e+03
9.504200606102787674e+01 4.900000000000000000e+03
9.521757099645513733e+01 4.862230287249800313e+03
9.539779153321012473e+01 4.824236259859541860e+03
9.541229692870322765e+01 4.821211725570394265e+03
9.542683285890473144e+01 4.818185765245956645e+03
9.545599669292809608e+01 4.812129562455151245e+03
9.551469486811592446e+01 4.800000000000000000e+03
9.553108052477202250e+01 4.796628177874657922e+03
9.554750433315606983e+01 4.793254645241781873e+03
9.562113437291930040e+01 4.778205745655412102e+03
9.565823786134907891e+01 4.770668521131959096e+03
9.569553559286582356e+01 4.763122760832113272e+03
9.578131008214680264e+01 4.745886131456858493e+03
9.586811979683810137e+01 4.728604880064525787e+03
9.600108989020503714e+01 4.702447642573829398e+03
9.600735755037936769e+01 4.701223933096043766e+03
9.601363058346197477e+01 4.700000000000000000e+03
9.616325627541317544e+01 4.671047855811226327e+03
9.631593666067094262e+01 4.641974078156351425e+03
9.641930225636507146e+01 4.622554150333280631e+03
9.654076594136861900e+01 4.600000000000000000e+03
9.663861730345865908e+01 4.582035357707135518e+03
9.665257415339907254e+01 4.579487693472211504e+03
9.666655598244398107e+01 4.576939121644680199e+03
9.669459483775447950e+01 4.571839253271146845e+03
9.675097517270287995e+01 4.561628604046322835e+03
9.686496121875626386e+01 4.541163546563089767e+03
9.687451460660656721e+01 4.539459058171074503e+03
9.688407951379818428e+01 4.537754164709254837e+03
9.699046618682115195e+01 4.518901882588699664e+03
9.709828757164893887e+01 4.500000000000000000e+03
9.711389343533133456e+01 4.497281034716017530e+03
9.712952935132135224e+01 4.494561065026764481e+03
9.725571429687484226e+01 4.472764117764656476e+03
9.738387242587681669e+01 4.450902561122331463e+03
9.764629096413916898e+01 4.406984467210255389e+03
9.768864756137600125e+01 4.400000000000000000e+03
9.777548923219512744e+01 4.385768783619147143e+03
9.786322510293290122e+01 4.371510725873732554e+03
9.808598580338474449e+01 4.335839642122849909e+03
9.831461062008693830e+01 4.300000000000000000e+03
9.862500506619694818e+01 4.252544907707078892e+03
9.876944894341588110e+01 4.230918457524750920e+03
9.887377339174642543e+01 4.215474635658658372e+03
9.897930317106921905e+01 4.200000000000000000e+03
9.919449661005576502e+01 4.168895314184890594e+03
9.941477376538148292e+01 4.137666949604132242e+03
9.942452481998199687e+01 4.136298565928655080e+03
9.955450216520091544e+01 4.118170185945573394e+03
9.968628073560107339e+01 4.100000000000000000e+03
9.995567627745691652e+01 4.063495247384585582e+03
1.002327454460504157e+02 4.026822041401353090e+03
1.002840563398446818e+02 4.020124987488006354e+03
1.003356347471921026e+02 4.013422300691796409e+03
1.004396024649769430e+02 4.000000000000000000e+03
1.004774450490975539e+02 3.995143612901741562e+03
1.005154315227820234e+02 3.990284269093446710e+03
1.006582728756205256e+02 3.972149362520172872e+03
1.008031673084358601e+02 3.953973216789043363e+03
1.008215484419345103e+02 3.951683009119788494e+03
1.008399628822743352e+02 3.949392145892666576e+03
1.008768920454596412e+02 3.944808451638598854e+03
1.009674295549558849e+02 3.933629798901071808e+03
1.010587750964548945e+02 3.922435527900394845e+03
1.011509395637856983e+02 3.911225605882083528e+03
1.012439340551752309e+02 3.900000000000000000e+03
1.014322934132556213e+02 3.877521237213616132e+03
1.016241093234532968e+02 3.854979169015443404e+03
1.020184997702475869e+02 3.809704043666336020e+03
1.020614950254374662e+02 3.804853485772945078e+03
1.021046627720547093e+02 3.800000000000000000e+03
1.022441634949148010e+02 3.784427856473555948e+03
1.023854857691981834e+02 3.768825250797792251e+03
1.026737408684668509e+02 3.737528294758099491e+03
1.030280635820629698e+02 3.700000000000000000e+03
1.033352030812944520e+02 3.668280721280808848e+03
1.035238246324338576e+02 3.649163394452884859e+03
1.037156195129850857e+02 3.630000000000000000e+03
1.038675837203226564e+02 3.614999772910571210e+03
1.039441346800621204e+02 3.607499829684217730e+03
1.040210689709525127e+02 3.600000000000000000e+03
1.042617759442871233e+02 3.576775986262010065e+03
1.043835471141614732e+02 3.565164474887929828e+03
1.045062795295469300e+02 3.553553293824999400e+03
1.047930694367400406e+02 3.526775768576072096e+03
1.050851949539050594e+02 3.500000000000000000e+03
1.051732750651480330e+02 3.492023793463924903e+03
1.053069871564724593e+02 3.480000000000000000e+03
1.054406992477968856e+02 3.492023793463924903e+03
1.055287793590398593e+02 3.500000000000000000e+03
1.058209048762048781e+02 3.526775768576072096e+03
1.061076947833979887e+02 3.553553293824999400e+03
1.062304271987834454e+02 3.565164474887929828e+03
1.063521983686577954e+02 3.576775986262010065e+03
1.065929053419924060e+02 3.600000000000000000e+03
1.066698396328827982e+02 3.607499829684217730e+03
1.067463905926222481e+02 3.614999772910571210e+03
1.068983547999598329e+02 3.630000000000000000e+03
1.070901496805110611e+02 3.649163394452884859e+03
1.072787712316504667e+02 3.668280721280808848e+03
1.075859107308819489e+02 3.700000000000000000e+03
1.079402334444780678e+02 3.737528294758099491e+03
1.082284885437467352e+02 3.768825250797792251e+03
1.083698108180301176e+02 3.784427856473555948e+03
1.085093115408902094e+02 3.800000000000000000e+03
1.085524792875074525e+02 3.804853485772945078e+03
1.085954745426973318e+02 3.809704043666336020e+03
1.089898649894916218e+02 3.854979169015443404e+03
1.091816808996892973e+02 3.877521237213616132e+03
1.093700402577696735e+02 3.900000000000000000e+03
1.094630347491592204e+02 3.911225605882083528e+03
1.095551992164900241e+02 3.922435527900394845e+03
1.096465447579890338e+02 3.933629798901071808e+03
1.097370822674852633e+02 3.944808451638598854e+03
1.097740114306705834e+02 3.949392145892666576e+03
1.097924258710104084e+02 3.951683009119788494e+03
1.098108070045090585e+02 3.953973216789043363e+03
1.099557014373243788e+02 3.972149362520172872e+03
1.100985427901628952e+02 3.990284269093446710e+03
1.101365292638473647e+02 3.995143612901741562e+03
1.101743718479679757e+02 4.000000000000000000e+03
1.102783395657528018e+02 4.013422300691796409e+03
1.103299179731002368e+02 4.020124987488006354e+03
1.103812288668945030e+02 4.026822041401353090e+03
1.106582980354879879e+02 4.063495247384585582e+03
1.109276935773438311e+02 4.100000000000000000e+03
1.110594721477440032e+02 4.118170185945573394e+03
1.111894494929629218e+02 4.136298565928655080e+03
1.111992005475634357e+02 4.137666949604132242e+03
1.114194777028891536e+02 4.168895314184890594e+03
1.116346711418756854e+02 4.200000000000000000e+03
1.117402009211984932e+02 4.215474635658658372e+03
1.118445253695290376e+02 4.230918457524750920e+03
1.119889692467479563e+02 4.252544907707078892e+03
1.122993636928579804e+02 4.300000000000000000e+03
1.125279885095601600e+02 4.335839642122849909e+03
1.127507492100120032e+02 4.371510725873732554e+03
1.128384850807497912e+02 4.385768783619147143e+03
1.129253267515689174e+02 4.400000000000000000e+03
1.129676833488057497e+02 4.406984467210255389e+03
1.132301018870681020e+02 4.450902561122331463e+03
1.133582600160700764e+02 4.472764117764656476e+03
1.134844449616235522e+02 4.494561065026764481e+03
1.135000808776135841e+02 4.497281034716017530e+03
1.135156867412959798e+02 4.500000000000000000e+03
1.136235081261237667e+02 4.518901882588699664e+03
1.137298947991467344e+02 4.537754164709254837e+03
1.137394597063383515e+02 4.539459058171074503e+03
1.137490130941886548e+02 4.541163546563089767e+03
1.138629991402420387e+02 4.561628604046322835e+03
1.139193794751904250e+02 4.571839253271146845e+03
1.139474183305009234e+02 4.576939121644680199e+03
1.139614001595458461e+02 4.579487693472211504e+03
1.139753570094862596e+02 4.582035357707135518e+03
1.140732083715762997e+02 4.600000000000000000e+03
1.141946720565798330e+02 4.622554150333280631e+03
1.142980376522739761e+02 4.641974078156351425e+03
1.144507180375317432e+02 4.671047855811226327e+03
1.146003437294829439e+02 4.700000000000000000e+03
1.146066167625655510e+02 4.701223933096043766e+03
1.146128844227398815e+02 4.702447642573829398e+03
1.147458545161068031e+02 4.728604880064525787e+03
1.148326642307981160e+02 4.745886131456858493e+03
1.149184387200790951e+02 4.763122760832113272e+03
1.149557364515958255e+02 4.770668521131959096e+03
1.149928399400256183e+02 4.778205745655412102e+03
1.150664699797888488e+02 4.793254645241781873e+03
1.150828937881728962e+02 4.796628177874657922e+03
1.150992794448289800e+02 4.800000000000000000e+03
1.151579776200168226e+02 4.812129562455151245e+03
1.151871414540401730e+02 4.818185765245956645e+03
1.152016773842416910e+02 4.821211725570394265e+03
1.152161827797347939e+02 4.824236259859541860e+03
1.153964033164897813e+02 4.862230287249800313e+03
1.155719682519170419e+02 4.900000000000000000e+03
1.156571756905646566e+02 4.918608118927849318e+03
1.157412907037113143e+02 4.937160013312628507e+03
1.158822381914478967e+02 4.968660727985812628e+03
1.159515730563659872e+02 4.984350466656896970e+03
1.160201641509400901e+02 5.000000000000000000e+03
1.160537966256841003e+02 5.007720659996419272e+03
1.160872488807924015e+02 5.015431166328467953e+03
1.161536181993468517e+02 5.030821798014501837e+03
1.161922176618826086e+02 5.039830148983069193e+03
1.162305769070704713e+02 5.048824642022135777e+03
1.162495966668716108e+02 5.053300105003316276e+03
1.162685576050901091e+02 5.057772140936690448e+03
1.162780160975435422e+02 5.060006874990323922e+03
1.162874599817441350e+02 5.062240753757101629e+03
1.162921764558514894e+02 5.063357372561343254e+03
1.162968892899573348e+02 5.064473777727936067e+03
1.163015984880699989e+02 5.065589969318183648e+03
1.163039517248849677e+02 5.066147985041328866e+03
1.163063040542021156e+02 5.066705947393367751e+03
1.163279764676169776e+02 5.071854175867099912e+03
1.163495719797447236e+02 5.076997862837097273e+03
1.163711572556037481e+02 5.082152863521321706e+03
1.163926659358550779e+02 5.087303306729801989e+03
1.164141652711643644e+02 5.092465273752032772e+03
1.164248863036386012e+02 5.095044541692768689e+03
1.164355883100886331e+02 5.097622666933323671e+03
1.164445131794095687e+02 5.099775307355141194e+03
1.164454441855577613e+02 5.100000000000000000e+03
1.164617232086804961e+02 5.103933093874856240e+03
1.164779575229134991e+02 5.107863416640710057e+03
1.164899970484539153e+02 5.110783377244053554e+03
1.165020120346301837e+02 5.113701809280693851e+03
1.165080234776628174e+02 5.115163646537939712e+03
1.165140287857434771e+02 5.116625100430052953e+03
1.165200279677793844e+02 5.118086171107819609e+03
1.165260210326606796e+02 5.119546858721945682e+03
1.165306938717484826e+02 5.120686536537831671e+03
1.165353629948042169e+02 5.121825981212500665e+03
1.165400284060318370e+02 5.122965192817484422e+03
1.165423597210276228e+02 5.123534711241189143e+03
1.165446901096400154e+02 5.124104171424285596e+03
1.166223401925756775e+02 5.143175607226947250e+03
1.166989676399116718e+02 5.162181835061464881e+03
1.167745914965898919e+02 5.181123188790137647e+03
1.168492303416105642e+02 5.200000000000000000e+03
1.169935917728760302e+02 5.237037856906376874e+03
1.171145169369910946e+02 5.268613070347176290e+03
1.172328088584421835e+02 5.300000000000000000e+03
1.173467919434694977e+02 5.330725577178969615e+03
1.173530046521953523e+02 5.332414195103907332e+03
1.174704796470430637e+02 5.364619688891984879e+03
1.175343097523980873e+02 5.382341283162184482e+03
1.175973482315616963e+02 5.400000000000000000e+03
1.176261063008321912e+02 5.408108483110237103e+03
1.176546974170051953e+02 5.416203119612529008e+03
1.177113841849343032e+02 5.432350994423984048e+03
1.177394825452537077e+02 5.440404303246951713e+03
1.177674193071115383e+02 5.448443906490607333e+03
1.178228132049920589e+02 5.464482135951820965e+03
1.178533760972279083e+02 5.473386772410306548e+03
1.178837452113305631e+02 5.482274596889916211e+03
1.179439089307056747e+02 5.500000000000000000e+03
1.179712052221727561e+02 5.508094375114532340e+03
1.179983410625618490e+02 5.516174135411034513e+03
1.180521366190521633e+02 5.532289969591510271e+03
1.180787989618977463e+02 5.540326122140537336e+03
1.181053060443257152e+02 5.548347817202922670e+03
1.181578594372324176e+02 5.564347990646462677e+03
1.182160316310987582e+02 5.582209796666496004e+03
1.182448366375033402e+02 5.591113821732636097e+03
1.182591696039205544e+02 5.595559138360928046e+03
1.182734564888026227e+02 5.600000000000000000e+03
1.183205061383609120e+02 5.614737222997924619e+03
1.183663088419871485e+02 5.629272204888298802e+03
1.184306065193844972e+02 5.650000000000000000e+03
1.184462050318849151e+02 5.655086888358275246e+03
1.184539493332533340e+02 5.657621033707950119e+03
1.184578078466173281e+02 5.658885791585033076e+03
1.184597337065491587e+02 5.659517593057181330e+03
1.184616573067350771e+02 5.660149010020322748e+03
1.184618636821842586e+02 5.660216773446381922e+03
1.184651805579841977e+02 5.661306434670083945e+03
1.184668364778959244e+02 5.661850836085401170e+03
1.184676638093561394e+02 5.662122929592526816e+03
1.184684907221985668e+02 5.662394951670154114e+03
1.184799098229304661e+02 5.666158182732464411e+03
1.185277621364979268e+02 5.682067792569701851e+03
1.185560415189890477e+02 5.691577756961269188e+03
1.185699936925465465e+02 5.696299767616116696e+03
1.185838228249122608e+02 5.701000000000000000e+03
1.186247290856348684e+02 5.716005170388375518e+03
1.186651538814947315e+02 5.730947898682818050e+03
1.186696386455567165e+02 5.732612718651146679e+03
1.186741175136861699e+02 5.734276765325053020e+03
1.186787516759097230e+02 5.736000000000000000e+03
1.187252434166852737e+02 5.753372645957148961e+03
1.187445901359914870e+02 5.760647581597568205e+03
1.187620790164176299e+02 5.767247208179240261e+03
1.187719976550860963e+02 5.771000000000000000e+03
1.187923755583045704e+02 5.778745214811430742e+03
1.187943933311589859e+02 5.779515157886744419e+03
1.188057987066286358e+02 5.783877590861345197e+03
1.188281470559658146e+02 5.792477131407868910e+03
1.188429455973960387e+02 5.798209559798375267e+03
1.188790489468787399e+02 5.812324404815953130e+03
1.189010052244383928e+02 5.821000000000000000e+03
1.189313093093219322e+02 5.833090747999037376e+03
1.189352260743545031e+02 5.834663479482633193e+03
1.189371797739845249e+02 5.835448831251936099e+03
1.189381554559973324e+02 5.835841254024722730e+03
1.189391303605799379e+02 5.836233508201259610e+03
1.189432011427167026e+02 5.837872951980803009e+03
1.189452314543795950e+02 5.838691570176271853e+03
1.189462453436641596e+02 5.839100603783760562e+03
1.189467519720816995e+02 5.839305051769019883e+03
1.189472583898388223e+02 5.839509453895870138e+03
1.189577577832583160e+02 5.843756106197040936e+03
1.189608837005928592e+02 5.845023708057446129e+03
1.189897516182713701e+02 5.856801948922146948e+03
1.190241278238896285e+02 5.871000000000000000e+03
1.190486757946874832e+02 5.881256383119759448e+03
1.190727113371886645e+02 5.891395956763047252e+03
1.191076770311953226e+02 5.906322774931001732e+03
1.191415776171958356e+02 5.921000000000000000e+03
1.191554263396954525e+02 5.927055336232162517e+03
1.191691000299254881e+02 5.933068701681323546e+03
1.191959340018904783e+02 5.944971253664713913e+03
1.192221026191612623e+02 5.956711063565764562e+03
1.192379501829546058e+02 5.963885586377381514e+03
1.192535571268851697e+02 5.971000000000000000e+03
1.192811110177223952e+02 5.984097967492593853e+03
1.193083817180973512e+02 5.997145694263439509e+03
1.193280028608657517e+02 6.006585953588864868e+03
1.193474783754144255e+02 6.016000000000000000e+03
1.193620872453344361e+02 6.023090516904660944e+03
1.193931997817693400e+02 6.038274581129143371e+03
1.194147011643386946e+02 6.048834999067952594e+03
1.194393310424199228e+02 6.061000000000000000e+03
1.194617899125589133e+02 6.072156670230864620e+03
1.194840519147332571e+02 6.083276379584152892e+03
1.194954071694526760e+02 6.088971767949280547e+03
1.195067114574452347e+02 6.094657484409988683e+03
1.195291683753484477e+02 6.106000000000000000e+03
1.195401772821442847e+02 6.111583532987353465e+03
1.195511377476146890e+02 6.117157741448922025e+03
1.195729145116819296e+02 6.128278278070941269e+03
1.195840208590908560e+02 6.133973282880642728e+03
1.195950773568258683e+02 6.139658554866933628e+03
1.196060843112035457e+02 6.145334118958759063e+03
1.196115693052399251e+02 6.148168268311272186e+03
1.196170420272133015e+02 6.151000000000000000e+03
1.196490227014933510e+02 6.168475816192898492e+03
1.196809527443993062e+02 6.186000000000000000e+03
1.197126565685232720e+02 6.203475292094711222e+03
1.197443141235233384e+02 6.221000000000000000e+03
1.197712700535354884e+02 6.235981114146495202e+03
1.197892112908497211e+02 6.245982315499501055e+03
1.198071388143451657e+02 6.256000000000000000e+03
1.198227282017284523e+02 6.264730751490902549e+03
1.198383080101536393e+02 6.273474316488087425e+03
1.198538782682931583e+02 6.282230723220483014e+03
1.198694390047661216e+02 6.291000000000000000e+03
1.198871292644405742e+02 6.300991482874092981e+03
1.199048080861668808e+02 6.311000000000000000e+03
1.199191938469795957e+02 6.319161558655203407e+03
1.199263840348795043e+02 6.323246641096669919e+03
1.199335724314477716e+02 6.327334596315524323e+03
1.199400119843362376e+02 6.331000000000000000e+03
1.199468507226269764e+02 6.334896038686511019e+03
1.199536879214852547e+02 6.338794716459812662e+03
1.199605235831479888e+02 6.342696036002298570e+03
1.199639408382089130e+02 6.344647687276229590e+03
1.199673577098091073e+02 6.346600000000000364e+03
1.199744614028112153e+02 6.351300000000000182e+03
1.199780092529706224e+02 6.353650000000000546e+03
1.199797821802823421e+02 6.354825000000000728e+03
1.199815544429165186e+02 6.356000000000000000e+03
1.199907814697591562e+02 6.363500000000000000e+03
1.199953867558933780e+02 6.367250000000000000e+03
1.199976873464300695e+02 6.369125000000000000e+03
1.199988371291010338e+02 6.370062500000000000e+03
1.199999865702440474e+02 6.371000000000000000e+03
