6.000000000000000000e+01 5.771000000000000000e+03
6.003938600651675017e+01 5.778745214811430742e+03
6.004328367636747998e+01 5.779515157886744419e+03
6.006530751268475399e+01 5.783877590861345197e+03
6.010842507144603530e+01 5.792477131407868910e+03
6.013694950399704453e+01 5.798209559798375267e+03
6.020644961849133381e+01 5.812324404815953130e+03
6.024865444007865989e+01 5.821000000000000000e+03
6.030682947466306132e+01 5.833090747999037376e+03
6.031434212414136908e+01 5.834663479482633193e+03
6.031808892036319492e+01 5.835448831251936099e+03
6.031995994278619833e+01 5.835841254024722730e+03
6.032182938385380311e+01 5.836233508201259610e+03
6.032963438831759362e+01 5.837872951980803009e+03
6.033352656284832705e+01 5.838691570176271853e+03
6.033547007547061725e+01 5.839100603783760562e+03
6.033644118902861209e+01 5.839305051769019883e+03
6.033741187442831233e+01 5.839509453895870138e+03
6.035753129336806211e+01 5.843756106197040936e+03
6.036351930225340823e+01 5.845023708057446129e+03
6.041877507239308898e+01 5.856801948922146948e+03
6.048447219262433805e+01 5.871000000000000000e+03
6.053131907067802331e+01 5.881256383119759448e+03
6.057713410755071948e+01 5.891395956763047252e+03
6.064368890204499252e+01 5.906322774931001732e+03
6.070811021890145298e+01 5.921000000000000000e+03
6.073439715132792571e+01 5.927055336232162517e+03
6.076033496404487266e+01 5.933068701681323546e+03
6.081118814562645269e+01 5.944971253664713913e+03
6.086071886394929464e+01 5.956711063565764562e+03
6.089068503010426525e+01 5.963885586377381514e+03
6.092017467074579429e+01 5.971000000000000000e+03
6.097198364728183861e+01 5.984097967492593853e+03
6.102323456722616157e+01 5.997145694263439509e+03
6.106009368767510637e+01 6.006585953588864868e+03
6.109666630726709968e+01 6.016000000000000000e+03
6.112409153363781655e+01 6.023090516904660944e+03
6.118247506769786526e+01 6.038274581129143371e+03
6.122280397674339270e+01 6.048834999067952594e+03
6.126898178675662621e+01 6.061000000000000000e+03
6.131107158368169507e+01 6.072156670230864620e+03
6.135277587180155479e+01 6.083276379584152892e+03
6.137404178818021450e+01 6.088971767949280547e+03
6.139520801623604740e+01 6.094657484409988683e+03
6.143724398825522570e+01 6.106000000000000000e+03
6.145784493876212196e+01 6.111583532987353465e+03
6.147835128490338263e+01 6.117157741448922025e+03
6.151908256218402471e+01 6.128278278070941269e+03
6.153984991135642701e+01 6.133973282880642728e+03
6.156052005007656902e+01 6.139658554866933628e+03
6.158109361167485218e+01 6.145334118958759063e+03
6.159134437361456804e+01 6.148168268311272186e+03
6.160157122633511051e+01 6.151000000000000000e+03
6.166102721128974906e+01 6.168475816192898492e+03
6.172038086870595919e+01 6.186000000000000000e+03
6.177930603301820867e+01 6.203475292094711222e+03
6.183813738469785193e+01 6.221000000000000000e+03
6.188822532065522353e+01 6.235981114146495202e+03
6.192155963286111842e+01 6.245982315499501055e+03
6.195486603763859534e+01 6.256000000000000000e+03
6.198382662035564294e+01 6.264730751490902549e+03
6.201276762365431239e+01 6.273474316488087425e+03
6.204168910702898643e+01 6.282230723220483014e+03
6.207059112984514826e+01 6.291000000000000000e+03
6.210344633432198691e+01 6.300991482874092981e+03
6.213627805918736868e+01 6.311000000000000000e+03
6.216299253200811847e+01 6.319161558655203407e+03
6.217634422281733464e+01 6.323246641096669919e+03
6.218969222413198139e+01 6.327334596315524323e+03
6.220164940331677172e+01 6.331000000000000000e+03
6.221434748703730122e+01 6.334896038686511019e+03
6.222704238888205452e+01 6.338794716459812662e+03
6.223973411345638596e+01 6.342696036002298570e+03
6.224607878566333596e+01 6.344647687276229590e+03
6.225242266527803991e+01 6.346600000000000364e+03
6.226546597758999013e+01 6.351300000000000182e+03
6.227198005552553894e+01 6.353650000000000546e+03
6.227523520254815992e+01 6.354825000000000728e+03
6.227848908926668514e+01 6.356000000000000000e+03
6.229525034724417765e+01 6.363500000000000000e+03
6.230361571404653631e+01 6.367250000000000000e+03
6.230779459009053767e+01 6.369125000000000000e+03
6.230988307729453624e+01 6.370062500000000000e+03
6.231197093100845308e+01 6.371000000000000000e+03
6.231405878472236992e+01 6.370062500000000000e+03
6.231614727192637559e+01 6.369125000000000000e+03
6.232032614797036985e+01 6.367250000000000000e+03
6.232869151477272851e+01 6.363500000000000000e+03
6.234545277275022102e+01 6.356000000000000000e+03
6.234870665946875334e+01 6.354825000000000728e+03
6.235196180649137432e+01 6.353650000000000546e+03
6.235847588442691602e+01 6.351300000000000182e+03
6.237151919673887335e+01 6.346600000000000364e+03
6.237786307635357019e+01 6.344647687276229590e+03
6.238420774856052731e+01 6.342696036002298570e+03
6.239689947313485874e+01 6.338794716459812662e+03
6.240959437497961204e+01 6.334896038686511019e+03
6.242229245870014154e+01 6.331000000000000000e+03
6.243424963788492477e+01 6.327334596315524323e+03
6.244759763919957862e+01 6.323246641096669919e+03
6.246094933000879479e+01 6.319161558655203407e+03
6.248766380282954458e+01 6.311000000000000000e+03
6.252049552769491925e+01 6.300991482874092981e+03
6.255335073217176500e+01 6.291000000000000000e+03
6.258225275498791973e+01 6.282230723220483014e+03
6.261117423836260087e+01 6.273474316488087425e+03
6.264011524166127032e+01 6.264730751490902549e+03
6.266907582437831792e+01 6.256000000000000000e+03
6.270238222915578774e+01 6.245982315499501055e+03
6.273571654136168263e+01 6.235981114146495202e+03
6.278580447731906133e+01 6.221000000000000000e+03
6.284463582899870460e+01 6.203475292094711222e+03
6.290356099331095407e+01 6.186000000000000000e+03
6.296291465072716420e+01 6.168475816192898492e+03
6.302237063568179565e+01 6.151000000000000000e+03
6.303259748840233812e+01 6.148168268311272186e+03
6.304284825034206108e+01 6.145334118958759063e+03
6.306342181194034424e+01 6.139658554866933628e+03
6.308409195066048625e+01 6.133973282880642728e+03
6.310485929983288145e+01 6.128278278070941269e+03
6.314559057711352352e+01 6.117157741448922025e+03
6.316609692325478420e+01 6.111583532987353465e+03
6.318669787376168046e+01 6.106000000000000000e+03
6.322873384578086586e+01 6.094657484409988683e+03
6.324990007383669877e+01 6.088971767949280547e+03
6.327116599021535137e+01 6.083276379584152892e+03
6.331287027833521819e+01 6.072156670230864620e+03
6.335496007526027995e+01 6.061000000000000000e+03
6.340113788527351346e+01 6.048834999067952594e+03
6.344146679431904090e+01 6.038274581129143371e+03
6.349985032837908960e+01 6.023090516904660944e+03
6.352727555474980647e+01 6.016000000000000000e+03
6.356384817434180690e+01 6.006585953588864868e+03
6.360070729479075169e+01 5.997145694263439509e+03
6.365195821473506754e+01 5.984097967492593853e+03
6.370376719127111187e+01 5.971000000000000000e+03
6.373325683191264801e+01 5.963885586377381514e+03
6.376322299806761862e+01 5.956711063565764562e+03
6.381275371639045346e+01 5.944971253664713913e+03
6.386360689797203349e+01 5.933068701681323546e+03
6.388954471068898044e+01 5.927055336232162517e+03
6.391583164311546028e+01 5.921000000000000000e+03
6.398025295997191364e+01 5.906322774931001732e+03
6.404680775446618668e+01 5.891395956763047252e+03
6.409262279133888285e+01 5.881256383119759448e+03
6.413946966939256811e+01 5.871000000000000000e+03
6.420516678962381718e+01 5.856801948922146948e+03
6.426042255976349793e+01 5.845023708057446129e+03
6.426641056864885115e+01 5.843756106197040936e+03
6.428652998758859383e+01 5.839509453895870138e+03
6.428750067298830118e+01 5.839305051769019883e+03
6.428847178654629602e+01 5.839100603783760562e+03
6.429041529916858622e+01 5.838691570176271853e+03
6.429430747369931964e+01 5.837872951980803009e+03
6.430211247816311015e+01 5.836233508201259610e+03
6.430398191923070783e+01 5.835841254024722730e+03
6.430585294165371124e+01 5.835448831251936099e+03
6.430959973787554418e+01 5.834663479482633193e+03
6.431711238735384484e+01 5.833090747999037376e+03
6.437528742193825337e+01 5.821000000000000000e+03
6.441749224352557235e+01 5.812324404815953130e+03
6.448699235801986163e+01 5.798209559798375267e+03
6.451551679057087085e+01 5.792477131407868910e+03
6.455863434933215217e+01 5.783877590861345197e+03
6.458065818564942617e+01 5.779515157886744419e+03
6.458455585550015599e+01 5.778745214811430742e+03
6.462394186201690616e+01 5.771000000000000000e+03
6.464312465911396544e+01 5.767247208179240261e+03
6.467695910484835053e+01 5.760647581597568205e+03
6.471440370334924808e+01 5.753372645957148961e+03
6.480445482823807879e+01 5.736000000000000000e+03
6.481343620526878624e+01 5.734276765325053020e+03
6.482211753250760466e+01 5.732612718651146679e+03
6.483081119706112361e+01 5.730947898682818050e+03
6.490921536910305178e+01 5.716005170388375518e+03
6.498862914619880371e+01 5.701000000000000000e+03
6.501589672464132263e+01 5.696299767616116696e+03
6.504342836455322185e+01 5.691577756961269188e+03
6.509929813223978101e+01 5.682067792569701851e+03
6.519404127541014304e+01 5.666158182732464411e+03
6.521668838575116922e+01 5.662394951670154114e+03
6.521832895028818200e+01 5.662122929592526816e+03
6.521997042336538186e+01 5.661850836085401170e+03
6.522325609794199863e+01 5.661306434670083945e+03
6.522983838051372629e+01 5.660216773446381922e+03
6.523024797052777046e+01 5.660149010020322748e+03
6.523406594268310243e+01 5.659517593057181330e+03
6.523788882357544594e+01 5.658885791585033076e+03
6.524554934674415563e+01 5.657621033707950119e+03
6.526092968698752372e+01 5.655086888358275246e+03
6.529192954786068981e+01 5.650000000000000000e+03
6.542000934926367961e+01 5.629272204888298802e+03
6.551154334484665753e+01 5.614737222997924619e+03
6.560582941216506470e+01 5.600000000000000000e+03
6.563450588468273850e+01 5.595559138360928046e+03
6.566328602651682900e+01 5.591113821732636097e+03
6.572115951998951289e+01 5.582209796666496004e+03
6.583817502618117601e+01 5.564347990646462677e+03
6.594404924565857584e+01 5.548347817202922670e+03
6.599750896940281564e+01 5.540326122140537336e+03
6.605132160598171254e+01 5.532289969591510271e+03
6.616001940101324408e+01 5.516174135411034513e+03
6.621491169281878797e+01 5.508094375114532340e+03
6.627017100121597082e+01 5.500000000000000000e+03
6.639211739736350637e+01 5.482274596889916211e+03
6.645375101231732629e+01 5.473386772410306548e+03
6.651583119443411363e+01 5.464482135951820965e+03
6.662848592576202122e+01 5.448443906490607333e+03
6.668536848690098395e+01 5.440404303246951713e+03
6.674262600087202202e+01 5.432350994423984048e+03
6.685828065192356462e+01 5.416203119612529008e+03
6.691668542641107820e+01 5.408108483110237103e+03
6.697548026181725334e+01 5.400000000000000000e+03
6.710453132023847900e+01 5.382341283162184482e+03
6.723544336587372072e+01 5.364619688891984879e+03
6.747701885825429713e+01 5.332414195103907332e+03
6.748981804414285079e+01 5.330725577178969615e+03
6.772506357705678681e+01 5.300000000000000000e+03
6.797005329140336016e+01 5.268613070347176290e+03
6.822140398906233827e+01 5.237037856906376874e+03
6.852269586680219504e+01 5.200000000000000000e+03
6.867900379673832845e+01 5.181123188790137647e+03
6.883774684146362688e+01 5.162181835061464881e+03
6.899898374032633797e+01 5.143175607226947250e+03
6.916277527806302317e+01 5.124104171424285596e+03
6.916769721917266622e+01 5.123534711241189143e+03
6.917262148736151062e+01 5.122965192817484422e+03
6.918247701173838493e+01 5.121825981212500665e+03
6.919234186483241444e+01 5.120686536537831671e+03
6.920221606027828898e+01 5.119546858721945682e+03
6.921488221569792643e+01 5.118086171107819609e+03
6.922756376161396474e+01 5.116625100430052953e+03
6.924026072691870581e+01 5.115163646537939712e+03
6.925297314058235543e+01 5.113701809280693851e+03
6.927838869965086133e+01 5.110783377244053554e+03
6.930386612994378481e+01 5.107863416640710057e+03
6.933823618488115414e+01 5.103933093874856240e+03
6.937271919125451802e+01 5.100000000000000000e+03
6.937469184767901709e+01 5.099775307355141194e+03
6.939360526229745574e+01 5.097622666933323671e+03
6.941629195419712062e+01 5.095044541692768689e+03
6.943902686714122297e+01 5.092465273752032772e+03
6.948464199036841649e+01 5.087303306729801989e+03
6.953030889005907511e+01 5.082152863521321706e+03
6.957617066323574306e+01 5.076997862837097273e+03
6.962208663319024993e+01 5.071854175867099912e+03
6.966819886089855629e+01 5.066705947393367751e+03
6.967320587314102909e+01 5.066147985041328866e+03
6.967821520539342828e+01 5.065589969318183648e+03
6.968824083658782342e+01 5.064473777727936067e+03
6.969827576791161050e+01 5.063357372561343254e+03
6.970832001279161716e+01 5.062240753757101629e+03
6.972843649681936995e+01 5.060006874990323922e+03
6.974859039689508222e+01 5.057772140936690448e+03
6.978901087734955411e+01 5.053300105003316276e+03
6.982958232903474993e+01 5.048824642022135777e+03
6.991148551696498714e+01 5.039830148983069193e+03
6.999400784469877124e+01 5.030821798014501837e+03
7.013615095961054635e+01 5.015431166328467953e+03
7.020791704900368302e+01 5.007720659996419272e+03
7.028015244685737173e+01 5.000000000000000000e+03
7.042772850760746906e+01 4.984350466656896970e+03
7.057725757755733298e+01 4.968660727985812628e+03
7.088233923454008334e+01 4.937160013312628507e+03
7.106512928394438688e+01 4.918608118927849318e+03
7.125085421296152788e+01 4.900000000000000000e+03
7.163533396625987848e+01 4.862230287249800313e+03
7.203259700090902129e+01 4.824236259859541860e+03
7.206468813013195529e+01 4.821211725570394265e+03
7.209686446487978628e+01 4.818185765245956645e+03
7.216147420607812535e+01 4.812129562455151245e+03
7.229173230897875158e+01 4.800000000000000000e+03
7.232814619512258503e+01 4.796628177874657922e+03
7.236466769552558276e+01 4.793254645241781873e+03
7.252868101235721099e+01 4.778205745655412102e+03
7.261150688128363129e+01 4.770668521131959096e+03
7.269488675944307943e+01 4.763122760832113272e+03
7.288710007867906882e+01 4.745886131456858493e+03
7.308229865743211917e+01 4.728604880064525787e+03
7.338261588502076904e+01 4.702447642573829398e+03
7.339681170852560399e+01 4.701223933096043766e+03
7.341102335001841084e+01 4.700000000000000000e+03
7.375108715046285113e+01 4.671047855811226327e+03
7.410028360409886261e+01 4.641974078156351425e+03
7.433798163993991182e+01 4.622554150333280631e+03
7.461866221485669826e+01 4.600000000000000000e+03
7.484587159374292753e+01 4.582035357707135518e+03
7.487835961461979650e+01 4.579487693472211504e+03
7.491092608224569460e+01 4.576939121644680199e+03
7.497629563192997182e+01 4.571839253271146845e+03
7.510799023309276379e+01 4.561628604046322835e+03
7.537527551947540871e+01 4.541163546563089767e+03
7.539774084556761125e+01 4.539459058171074503e+03
7.542024320906594426e+01 4.537754164709254837e+03
7.567120500338718614e+01 4.518901882588699664e+03
7.592683898201939030e+01 4.500000000000000000e+03
7.596394805881908496e+01 4.497281034716017530e+03
7.600115640085179791e+01 4.494561065026764481e+03
7.630246498830190660e+01 4.472764117764656476e+03
7.661039832222246559e+01 4.450902561122331463e+03
7.724717294408169721e+01 4.406984467210255389e+03
7.735076660433963980e+01 4.400000000000000000e+03
7.756388465156770451e+01 4.385768783619147143e+03
7.778020204605012111e+01 4.371510725873732554e+03
7.833410839431408590e+01 4.335839642122849909e+03
7.890988051878957776e+01 4.300000000000000000e+03
7.970411706260020424e+01 4.252544907707078892e+03
8.007892372487555122e+01 4.230918457524750920e+03
8.035178261175440184e+01 4.215474635658658372e+03
8.062969058686681478e+01 4.200000000000000000e+03
8.120252255999506019e+01 4.168895314184890594e+03
8.179783350867478475e+01 4.137666949604132242e+03
8.182440433503825261e+01 4.136298565928655080e+03
8.218040820932289137e+01 4.118170185945573394e+03
8.254490768284102842e+01 4.100000000000000000e+03
8.330181229575060797e+01 4.063495247384585582e+03
8.409793974376049164e+01 4.026822041401353090e+03
8.424747035821826557e+01 4.020124987488006354e+03
8.439846787740241041e+01 4.013422300691796409e+03
8.470498039985433536e+01 4.000000000000000000e+03
8.481727325722837918e+01 3.995143612901741562e+03
8.493039151045108781e+01 3.990284269093446710e+03
8.535941735764100713e+01 3.972149362520172872e+03
8.580076035701031856e+01 3.953973216789043363e+03
8.585720810887760024e+01 3.951683009119788494e+03
8.591386421069194057e+01 3.949392145892666576e+03
8.602780783946818133e+01 3.944808451638598854e+03
8.630901513155652083e+01 3.933629798901071808e+03
8.659548162917468517e+01 3.922435527900394845e+03
8.688741679942421570e+01 3.911225605882083528e+03
8.718504448022513031e+01 3.900000000000000000e+03
8.779781501087964557e+01 3.877521237213616132e+03
8.843645023719021481e+01 3.854979169015443404e+03
8.980165629925986082e+01 3.809704043666336020e+03
8.995517369246920225e+01 3.804853485772945078e+03
9.011031008303811518e+01 3.800000000000000000e+03
9.061880922939778316e+01 3.784427856473555948e+03
9.114578598483709015e+01 3.768825250797792251e+03
9.226188308857877018e+01 3.737528294758099491e+03
9.372331410444407140e+01 3.700000000000000000e+03
9.509027639635104379e+01 3.668280721280808848e+03
9.598772382807896975e+01 3.649163394452884859e+03
9.695623115136822889e+01 3.630000000000000000e+03
9.776748611566983982e+01 3.614999772910571210e+03
9.819120922855239542e+01 3.607499829684217730e+03
9.862835189326227692e+01 3.600000000000000000e+03
1.000813296980780649e+02 3.576775986262010065e+03
1.008757925929830606e+02 3.565164474887929828e+03
1.017274419430395938e+02 3.553553293824999400e+03
1.039934360612372899e+02 3.526775768576072096e+03
1.070276898398258822e+02 3.500000000000000000e+03
1.082580597768805291e+02 3.492023793463924903e+03
1.110344003087175224e+02 3.480000000000000000e+03
1.138107408405545016e+02 3.492023793463924903e+03
1.150411107776091484e+02 3.500000000000000000e+03
1.180753645561977407e+02 3.526775768576072096e+03
1.203413586743954511e+02 3.553553293824999400e+03
1.211930080244519843e+02 3.565164474887929828e+03
1.219874709193569799e+02 3.576775986262010065e+03
1.234404487241727679e+02 3.600000000000000000e+03
1.238775913888826210e+02 3.607499829684217730e+03
1.243013145017651908e+02 3.614999772910571210e+03
1.251125694660668017e+02 3.630000000000000000e+03
1.260810767893560751e+02 3.649163394452884859e+03
1.269785242210839868e+02 3.668280721280808848e+03
1.283454865129909308e+02 3.700000000000000000e+03
1.298069175288562462e+02 3.737528294758099491e+03
1.309230146325979547e+02 3.768825250797792251e+03
1.314499913880372617e+02 3.784427856473555948e+03
1.319584905343969297e+02 3.800000000000000000e+03
1.321136269249658426e+02 3.804853485772945078e+03
1.322671443181751556e+02 3.809704043666336020e+03
1.336323503802448158e+02 3.854979169015443404e+03
1.342709856065553709e+02 3.877521237213616132e+03
1.348837561372099003e+02 3.900000000000000000e+03
1.351813838180108007e+02 3.911225605882083528e+03
1.354733189882603597e+02 3.922435527900394845e+03
1.357597854858785240e+02 3.933629798901071808e+03
1.360409927779668351e+02 3.944808451638598854e+03
1.361549364067430758e+02 3.949392145892666576e+03
1.362115925085574304e+02 3.951683009119788494e+03
1.362680402604247263e+02 3.953973216789043363e+03
1.367093832597940377e+02 3.972149362520172872e+03
1.371384091069839428e+02 3.990284269093446710e+03
1.372515273602066372e+02 3.995143612901741562e+03
1.373638202175807237e+02 4.000000000000000000e+03
1.376703327400326202e+02 4.013422300691796409e+03
1.378213302592167793e+02 4.020124987488006354e+03
1.379708608736745532e+02 4.026822041401353090e+03
1.387669883216844369e+02 4.063495247384585582e+03
1.395238929345940164e+02 4.100000000000000000e+03
1.398883924081121677e+02 4.118170185945573394e+03
1.402443962823967922e+02 4.136298565928655080e+03
1.402709671087602601e+02 4.137666949604132242e+03
1.408662780574399847e+02 4.168895314184890594e+03
1.414391100305682585e+02 4.200000000000000000e+03
1.417170180056806430e+02 4.215474635658658372e+03
1.419898768925594936e+02 4.230918457524750920e+03
1.423646835548348690e+02 4.252544907707078892e+03
1.431589200986454671e+02 4.300000000000000000e+03
1.437346922231209874e+02 4.335839642122849909e+03
1.442885985713849379e+02 4.371510725873732554e+03
1.445049159658673261e+02 4.385768783619147143e+03
1.447180340130954050e+02 4.400000000000000000e+03
1.448216276733533618e+02 4.406984467210255389e+03
1.454584022952125792e+02 4.450902561122331463e+03
1.457663356291331525e+02 4.472764117764656476e+03
1.460676442165832611e+02 4.494561065026764481e+03
1.461048525586159599e+02 4.497281034716017530e+03
1.461419616354156688e+02 4.500000000000000000e+03
1.463975956140478729e+02 4.518901882588699664e+03
1.466485574083691290e+02 4.537754164709254837e+03
1.466710597718674478e+02 4.539459058171074503e+03
1.466935250979596503e+02 4.541163546563089767e+03
1.469608103843422953e+02 4.561628604046322835e+03
1.470925049855050872e+02 4.571839253271146845e+03
1.471578745351893645e+02 4.576939121644680199e+03
1.471904410028152483e+02 4.579487693472211504e+03
1.472229290236921315e+02 4.582035357707135518e+03
1.474501384025783466e+02 4.600000000000000000e+03
1.477308189774951472e+02 4.622554150333280631e+03
1.479685170133361964e+02 4.641974078156351425e+03
1.483177134669722079e+02 4.671047855811226327e+03
1.486577772674166340e+02 4.700000000000000000e+03
1.486719889089094409e+02 4.701223933096043766e+03
1.486861847324142900e+02 4.702447642573829398e+03
1.489865019600029257e+02 4.728604880064525787e+03
1.491817005387559902e+02 4.745886131456858493e+03
1.493739138579919654e+02 4.763122760832113272e+03
1.494572937361514278e+02 4.770668521131959096e+03
1.495401196050778481e+02 4.778205745655412102e+03
1.497041329219094905e+02 4.793254645241781873e+03
1.497406544223124740e+02 4.796628177874657922e+03
1.497770683084563075e+02 4.800000000000000000e+03
1.499073264113569337e+02 4.812129562455151245e+03
1.499719361525552586e+02 4.818185765245956645e+03
1.500041124873031038e+02 4.821211725570394265e+03
1.500362036165260236e+02 4.824236259859541860e+03
1.504334666511751664e+02 4.862230287249800313e+03
1.508179464044735028e+02 4.900000000000000000e+03
1.510036713334906722e+02 4.918608118927849318e+03
1.511864613828949473e+02 4.937160013312628507e+03
1.514915430398777119e+02 4.968660727985812628e+03
1.516410721098275758e+02 4.984350466656896970e+03
1.517886481705776873e+02 5.000000000000000000e+03
1.518608835684313760e+02 5.007720659996419272e+03
1.519326496578244985e+02 5.015431166328467953e+03
1.520747927727362878e+02 5.030821798014501837e+03
1.521573151004700435e+02 5.039830148983069193e+03
1.522392182884003091e+02 5.048824642022135777e+03
1.522797897400855049e+02 5.053300105003316276e+03
1.523202102205399342e+02 5.057772140936690448e+03
1.523403641206156749e+02 5.060006874990323922e+03
1.523604806046434419e+02 5.062240753757101629e+03
1.523705248495234343e+02 5.063357372561343254e+03
1.523805597808471930e+02 5.064473777727936067e+03
1.523905854120416166e+02 5.065589969318183648e+03
1.523955947442939873e+02 5.066147985041328866e+03
1.524006017565365028e+02 5.066705947393367751e+03
1.524467139842448091e+02 5.071854175867099912e+03
1.524926299541992876e+02 5.076997862837097273e+03
1.525384917273759697e+02 5.082152863521321706e+03
1.525841586270666141e+02 5.087303306729801989e+03
1.526297737502938219e+02 5.092465273752032772e+03
1.526525086632379100e+02 5.095044541692768689e+03
1.526751953551375891e+02 5.097622666933323671e+03
1.526941087697560135e+02 5.099775307355141194e+03
1.526960814261805126e+02 5.100000000000000000e+03
1.527305644325538765e+02 5.103933093874856240e+03
1.527649344874912458e+02 5.107863416640710057e+03
1.527904119177841835e+02 5.110783377244053554e+03
1.528158274768526610e+02 5.113701809280693851e+03
1.528285398905163106e+02 5.115163646537939712e+03
1.528412368558210801e+02 5.116625100430052953e+03
1.528539184017370758e+02 5.118086171107819609e+03
1.528665845571567274e+02 5.119546858721945682e+03
1.528764587526026162e+02 5.120686536537831671e+03
1.528863236056966457e+02 5.121825981212500665e+03
1.528961791300735058e+02 5.122965192817484422e+03
1.529011033982623644e+02 5.123534711241189143e+03
1.529060253393719790e+02 5.124104171424285596e+03
1.530698168771086785e+02 5.143175607226947250e+03
1.532310537759713611e+02 5.162181835061464881e+03
1.533897968206966880e+02 5.181123188790137647e+03
1.535461047506328214e+02 5.200000000000000000e+03
1.538473966283726782e+02 5.237037856906376874e+03
1.540987473260316278e+02 5.268613070347176290e+03
1.543437370403781870e+02 5.300000000000000000e+03
1.545789825732921372e+02 5.330725577178969615e+03
1.545917817591806909e+02 5.332414195103907332e+03
1.548333572515612673e+02 5.364619688891984879e+03
1.549642692971965232e+02 5.382341283162184482e+03
1.550933203556177489e+02 5.400000000000000000e+03
1.551521151910239382e+02 5.408108483110237103e+03
1.552105199655114234e+02 5.416203119612529008e+03
1.553261746165629802e+02 5.432350994423984048e+03
1.553834321305340040e+02 5.440404303246951713e+03
1.554403146916729668e+02 5.448443906490607333e+03
1.555529694230008886e+02 5.464482135951820965e+03
1.556150496051176617e+02 5.473386772410306548e+03
1.556766832200714816e+02 5.482274596889916211e+03
1.557986296162190172e+02 5.500000000000000000e+03
1.558538889246162000e+02 5.508094375114532340e+03
1.559087812164217439e+02 5.516174135411034513e+03
1.560174790114532470e+02 5.532289969591510271e+03
1.560712916480321724e+02 5.540326122140537336e+03
1.561247513717764264e+02 5.548347817202922670e+03
1.562306255912537836e+02 5.564347990646462677e+03
1.563476410974454609e+02 5.582209796666496004e+03
1.564055145909181590e+02 5.591113821732636097e+03
1.564342947327522495e+02 5.595559138360928046e+03
1.564629712052699233e+02 5.600000000000000000e+03
1.565572572725883163e+02 5.614737222997924619e+03
1.566487912681712942e+02 5.629272204888298802e+03
1.567768710695742698e+02 5.650000000000000000e+03
1.568078709304474501e+02 5.655086888358275246e+03
1.568232512706908324e+02 5.657621033707950119e+03
1.568309117938595421e+02 5.658885791585033076e+03
1.568347346747518714e+02 5.659517593057181330e+03
1.568385526469072033e+02 5.660149010020322748e+03
1.568389622369212475e+02 5.660216773446381922e+03
1.568455445194929894e+02 5.661306434670083945e+03
1.568488301940695919e+02 5.661850836085401170e+03
1.568504716671467918e+02 5.662122929592526816e+03
1.568521122316838046e+02 5.662394951670154114e+03
1.568747593420248450e+02 5.666158182732464411e+03
1.569695024851951928e+02 5.682067792569701851e+03
1.570253722528817661e+02 5.691577756961269188e+03
1.570529038927936654e+02 5.696299767616116696e+03
1.570801714712361843e+02 5.701000000000000000e+03
1.571595852483319220e+02 5.716005170388375518e+03
1.572379894203738502e+02 5.730947898682818050e+03
1.572466830849273833e+02 5.732612718651146679e+03
1.572553644121661875e+02 5.734276765325053020e+03
1.572643457891969092e+02 5.736000000000000000e+03
1.573543969140857257e+02 5.753372645957148961e+03
1.573918415125866090e+02 5.760647581597568205e+03
1.574256759583209941e+02 5.767247208179240261e+03
1.574448587554180676e+02 5.771000000000000000e+03
1.574842447619348036e+02 5.778745214811430742e+03
1.574881424317855476e+02 5.779515157886744419e+03
1.575101662681028074e+02 5.783877590861345197e+03
1.575532838268641171e+02 5.792477131407868910e+03
1.575818082594151122e+02 5.798209559798375267e+03
1.576513083739093872e+02 5.812324404815953130e+03
1.576935131954967346e+02 5.821000000000000000e+03
1.577516882300811289e+02 5.833090747999037376e+03
1.577592008795594438e+02 5.834663479482633193e+03
1.577629476757812768e+02 5.835448831251936099e+03
1.577648186982042944e+02 5.835841254024722730e+03
1.577666881392718778e+02 5.836233508201259610e+03
1.577744931437356684e+02 5.837872951980803009e+03
1.577783853182664018e+02 5.838691570176271853e+03
1.577803288308886920e+02 5.839100603783760562e+03
1.577812999444466868e+02 5.839305051769019883e+03
1.577822706298463800e+02 5.839509453895870138e+03
1.578023900487861226e+02 5.843756106197040936e+03
1.578083780576714616e+02 5.845023708057446129e+03
1.578636338278111566e+02 5.856801948922146948e+03
1.579293309480424341e+02 5.871000000000000000e+03
1.579761778260960909e+02 5.881256383119759448e+03
1.580219928629688013e+02 5.891395956763047252e+03
1.580885476574630957e+02 5.906322774931001732e+03
1.581529689743195490e+02 5.921000000000000000e+03
1.581792559067460218e+02 5.927055336232162517e+03
1.582051937194629545e+02 5.933068701681323546e+03
1.582560469010445559e+02 5.944971253664713913e+03
1.583055776193673978e+02 5.956711063565764562e+03
1.583355437855223613e+02 5.963885586377381514e+03
1.583650334261639046e+02 5.971000000000000000e+03
1.584168424026999276e+02 5.984097967492593853e+03
1.584680933226442505e+02 5.997145694263439509e+03
1.585049524430932024e+02 6.006585953588864868e+03
1.585415250626851957e+02 6.016000000000000000e+03
1.585689502890559197e+02 6.023090516904660944e+03
1.586273338231159471e+02 6.038274581129143371e+03
1.586676627321614887e+02 6.048834999067952594e+03
1.587138405421746938e+02 6.061000000000000000e+03
1.587559303390997627e+02 6.072156670230864620e+03
1.587976346272196224e+02 6.083276379584152892e+03
1.588189005435982608e+02 6.088971767949280547e+03
1.588400667716541079e+02 6.094657484409988683e+03
1.588821027436733004e+02 6.106000000000000000e+03
1.589027036941801896e+02 6.111583532987353465e+03
1.589232100403214645e+02 6.117157741448922025e+03
1.589639413176020923e+02 6.128278278070941269e+03
1.589847086667745089e+02 6.133973282880642728e+03
1.590053788054946438e+02 6.139658554866933628e+03
1.590259523670929411e+02 6.145334118958759063e+03
1.590362031290326286e+02 6.148168268311272186e+03
1.590464299817531924e+02 6.151000000000000000e+03
1.591058859667078309e+02 6.168475816192898492e+03
1.591652396241240126e+02 6.186000000000000000e+03
1.592241647884362692e+02 6.203475292094711222e+03
1.592829961401159267e+02 6.221000000000000000e+03
1.593330840760733054e+02 6.235981114146495202e+03
1.593664183882791860e+02 6.245982315499501055e+03
1.593997247930566630e+02 6.256000000000000000e+03
1.594286853757737390e+02 6.264730751490902549e+03
1.594576263790723942e+02 6.273474316488087425e+03
1.594865478624470825e+02 6.282230723220483014e+03
1.595154498852632230e+02 6.291000000000000000e+03
1.595483050897400688e+02 6.300991482874092981e+03
1.595811368146054292e+02 6.311000000000000000e+03
1.596078512874262003e+02 6.319161558655203407e+03
1.596212029782354307e+02 6.323246641096669919e+03
1.596345509795500561e+02 6.327334596315524323e+03
1.596465081587348323e+02 6.331000000000000000e+03
1.596592062424553546e+02 6.334896038686511019e+03
1.596719011443001364e+02 6.338794716459812662e+03
1.596845928688744607e+02 6.342696036002298570e+03
1.596909375410814107e+02 6.344647687276229590e+03
1.596972814206961289e+02 6.346600000000000364e+03
1.597103247330080649e+02 6.351300000000000182e+03
1.597168388109436137e+02 6.353650000000000546e+03
1.597200939579662418e+02 6.354825000000000728e+03
1.597233478446847812e+02 6.356000000000000000e+03
1.597401091026622453e+02 6.363500000000000000e+03
1.597484744694646110e+02 6.367250000000000000e+03
1.597526533455086337e+02 6.369125000000000000e+03
1.597547418327126252e+02 6.370062500000000000e+03
1.597568296864265562e+02 6.371000000000000000e+03
1.597589175401404873e+02 6.370062500000000000e+03
1.597610060273444788e+02 6.369125000000000000e+03
1.597651849033885014e+02 6.367250000000000000e+03
1.597735502701908672e+02 6.363500000000000000e+03
1.597903115281683313e+02 6.356000000000000000e+03
1.597935654148868707e+02 6.354825000000000728e+03
1.597968205619094988e+02 6.353650000000000546e+03
1.598033346398450476e+02 6.351300000000000182e+03
1.598163779521569836e+02 6.346600000000000364e+03
1.598227218317717018e+02 6.344647687276229590e+03
1.598290665039786518e+02 6.342696036002298570e+03
1.598417582285529761e+02 6.338794716459812662e+03
1.598544531303977578e+02 6.334896038686511019e+03
1.598671512141182802e+02 6.331000000000000000e+03
1.598791083933030563e+02 6.327334596315524323e+03
1.598924563946177102e+02 6.323246641096669919e+03
1.599058080854269406e+02 6.319161558655203407e+03
1.599325225582476833e+02 6.311000000000000000e+03
1.599653542831130437e+02 6.300991482874092981e+03
1.599982094875898895e+02 6.291000000000000000e+03
1.600271115104060584e+02 6.282230723220483014e+03
1.600560329937807182e+02 6.273474316488087425e+03
1.600849739970793735e+02 6.264730751490902549e+03
1.601139345797964495e+02 6.256000000000000000e+03
1.601472409845739264e+02 6.245982315499501055e+03
1.601805752967798071e+02 6.235981114146495202e+03
1.602306632327371858e+02 6.221000000000000000e+03
1.602894945844168433e+02 6.203475292094711222e+03
1.603484197487290999e+02 6.186000000000000000e+03
1.604077734061452816e+02 6.168475816192898492e+03
1.604672293910999201e+02 6.151000000000000000e+03
1.604774562438204839e+02 6.148168268311272186e+03
1.604877070057601713e+02 6.145334118958759063e+03
1.605082805673584971e+02 6.139658554866933628e+03
1.605289507060786036e+02 6.133973282880642728e+03
1.605497180552510201e+02 6.128278278070941269e+03
1.605904493325316480e+02 6.117157741448922025e+03
1.606109556786729229e+02 6.111583532987353465e+03
1.606315566291798120e+02 6.106000000000000000e+03
1.606735926011990045e+02 6.094657484409988683e+03
1.606947588292548517e+02 6.088971767949280547e+03
1.607160247456334901e+02 6.083276379584152892e+03
1.607577290337533498e+02 6.072156670230864620e+03
1.607998188306784186e+02 6.061000000000000000e+03
1.608459966406916237e+02 6.048834999067952594e+03
1.608863255497371654e+02 6.038274581129143371e+03
1.609447090837971928e+02 6.023090516904660944e+03
1.609721343101679167e+02 6.016000000000000000e+03
1.610087069297599101e+02 6.006585953588864868e+03
1.610455660502088904e+02 5.997145694263439509e+03
1.610968169701531849e+02 5.984097967492593853e+03
1.611486259466892079e+02 5.971000000000000000e+03
1.611781155873307512e+02 5.963885586377381514e+03
1.612080817534857147e+02 5.956711063565764562e+03
1.612576124718085566e+02 5.944971253664713913e+03
1.613084656533901580e+02 5.933068701681323546e+03
1.613344034661070907e+02 5.927055336232162517e+03
1.613606903985335634e+02 5.921000000000000000e+03
1.614251117153900168e+02 5.906322774931001732e+03
1.614916665098843112e+02 5.891395956763047252e+03
1.615374815467570215e+02 5.881256383119759448e+03
1.615843284248106784e+02 5.871000000000000000e+03
1.616500255450419559e+02 5.856801948922146948e+03
1.617052813151816508e+02 5.845023708057446129e+03
1.617112693240669898e+02 5.843756106197040936e+03
1.617313887430067325e+02 5.839509453895870138e+03
1.617323594284064256e+02 5.839305051769019883e+03
1.617333305419644205e+02 5.839100603783760562e+03
1.617352740545867107e+02 5.838691570176271853e+03
1.617391662291174441e+02 5.837872951980803009e+03
1.617469712335812346e+02 5.836233508201259610e+03
1.617488406746488465e+02 5.835841254024722730e+03
1.617507116970718357e+02 5.835448831251936099e+03
1.617544584932936687e+02 5.834663479482633193e+03
1.617619711427719835e+02 5.833090747999037376e+03
1.618201461773563778e+02 5.821000000000000000e+03
1.618623509989437252e+02 5.812324404815953130e+03
1.619318511134380003e+02 5.798209559798375267e+03
1.619603755459890237e+02 5.792477131407868910e+03
1.620034931047503051e+02 5.783877590861345197e+03
1.620255169410675649e+02 5.779515157886744419e+03
1.620294146109183089e+02 5.778745214811430742e+03
1.620688006174350448e+02 5.771000000000000000e+03
1.620879834145321183e+02 5.767247208179240261e+03
1.621218178602665034e+02 5.760647581597568205e+03
1.621592624587673868e+02 5.753372645957148961e+03
1.622493135836562033e+02 5.736000000000000000e+03
1.622582949606869249e+02 5.734276765325053020e+03
1.622669762879257291e+02 5.732612718651146679e+03
1.622756699524792623e+02 5.730947898682818050e+03
1.623540741245211905e+02 5.716005170388375518e+03
1.624334879016169566e+02 5.701000000000000000e+03
1.624607554800594471e+02 5.696299767616116696e+03
1.624882871199713463e+02 5.691577756961269188e+03
1.625441568876579197e+02 5.682067792569701851e+03
1.626389000308282675e+02 5.666158182732464411e+03
1.626615471411693079e+02 5.662394951670154114e+03
1.626631877057063207e+02 5.662122929592526816e+03
1.626648291787835205e+02 5.661850836085401170e+03
1.626681148533601231e+02 5.661306434670083945e+03
1.626746971359318650e+02 5.660216773446381922e+03
1.626751067259459091e+02 5.660149010020322748e+03
1.626789246981012411e+02 5.659517593057181330e+03
1.626827475789935988e+02 5.658885791585033076e+03
1.626904081021622801e+02 5.657621033707950119e+03
1.627057884424056624e+02 5.655086888358275246e+03
1.627367883032788427e+02 5.650000000000000000e+03
1.628648681046818183e+02 5.629272204888298802e+03
1.629564021002647962e+02 5.614737222997924619e+03
1.630506881675831892e+02 5.600000000000000000e+03
1.630793646401008914e+02 5.595559138360928046e+03
1.631081447819349535e+02 5.591113821732636097e+03
1.631660182754076516e+02 5.582209796666496004e+03
1.632830337815993289e+02 5.564347990646462677e+03
1.633889080010767145e+02 5.548347817202922670e+03
1.634423677248209401e+02 5.540326122140537336e+03
1.634961803613998654e+02 5.532289969591510271e+03
1.636048781564313686e+02 5.516174135411034513e+03
1.636597704482369124e+02 5.508094375114532340e+03
1.637150297566340953e+02 5.500000000000000000e+03
1.638369761527816308e+02 5.482274596889916211e+03
1.638986097677354508e+02 5.473386772410306548e+03
1.639606899498522239e+02 5.464482135951820965e+03
1.640733446811801741e+02 5.448443906490607333e+03
1.641302272423191084e+02 5.440404303246951713e+03
1.641874847562901323e+02 5.432350994423984048e+03
1.643031394073416891e+02 5.416203119612529008e+03
1.643615441818291742e+02 5.408108483110237103e+03
1.644203390172353636e+02 5.400000000000000000e+03
1.645493900756565893e+02 5.382341283162184482e+03
1.646803021212918452e+02 5.364619688891984879e+03
1.649218776136724216e+02 5.332414195103907332e+03
1.649346767995609753e+02 5.330725577178969615e+03
1.651699223324749255e+02 5.300000000000000000e+03
1.654149120468214846e+02 5.268613070347176290e+03
1.656662627444804343e+02 5.237037856906376874e+03
1.659675546222202911e+02 5.200000000000000000e+03
1.661238625521564245e+02 5.181123188790137647e+03
1.662826055968817514e+02 5.162181835061464881e+03
1.664438424957444340e+02 5.143175607226947250e+03
1.666076340334811334e+02 5.124104171424285596e+03
1.666125559745907481e+02 5.123534711241189143e+03
1.666174802427796067e+02 5.122965192817484422e+03
1.666273357671564668e+02 5.121825981212500665e+03
1.666372006202504963e+02 5.120686536537831671e+03
1.666470748156963850e+02 5.119546858721945682e+03
1.666597409711160367e+02 5.118086171107819609e+03
1.666724225170320324e+02 5.116625100430052953e+03
1.666851194823368019e+02 5.115163646537939712e+03
1.666978318960004515e+02 5.113701809280693851e+03
1.667232474550689290e+02 5.110783377244053554e+03
1.667487248853618667e+02 5.107863416640710057e+03
1.667830949402992360e+02 5.103933093874856240e+03
1.668175779466725999e+02 5.100000000000000000e+03
1.668195506030971274e+02 5.099775307355141194e+03
1.668384640177155234e+02 5.097622666933323671e+03
1.668611507096152025e+02 5.095044541692768689e+03
1.668838856225592906e+02 5.092465273752032772e+03
1.669295007457864983e+02 5.087303306729801989e+03
1.669751676454771427e+02 5.082152863521321706e+03
1.670210294186538249e+02 5.076997862837097273e+03
1.670669453886083318e+02 5.071854175867099912e+03
1.671130576163166381e+02 5.066705947393367751e+03
1.671180646285591251e+02 5.066147985041328866e+03
1.671230739608114959e+02 5.065589969318183648e+03
1.671330995920059195e+02 5.064473777727936067e+03
1.671431345233296781e+02 5.063357372561343254e+03
1.671531787682096706e+02 5.062240753757101629e+03
1.671732952522374376e+02 5.060006874990323922e+03
1.671934491523131783e+02 5.057772140936690448e+03
1.672338696327676075e+02 5.053300105003316276e+03
1.672744410844528034e+02 5.048824642022135777e+03
1.673563442723830690e+02 5.039830148983069193e+03
1.674388666001168247e+02 5.030821798014501837e+03
1.675810097150286140e+02 5.015431166328467953e+03
1.676527758044217649e+02 5.007720659996419272e+03
1.677250112022754251e+02 5.000000000000000000e+03
1.678725872630255367e+02 4.984350466656896970e+03
1.680221163329754006e+02 4.968660727985812628e+03
1.683271979899581652e+02 4.937160013312628507e+03
1.685099880393624403e+02 4.918608118927849318e+03
1.686957129683796097e+02 4.900000000000000000e+03
1.690801927216779461e+02 4.862230287249800313e+03
1.694774557563271173e+02 4.824236259859541860e+03
1.695095468855500087e+02 4.821211725570394265e+03
1.695417232202978539e+02 4.818185765245956645e+03
1.696063329614961788e+02 4.812129562455151245e+03
1.697365910643968050e+02 4.800000000000000000e+03
1.697730049505406384e+02 4.796628177874657922e+03
1.698095264509436220e+02 4.793254645241781873e+03
1.699735397677752644e+02 4.778205745655412102e+03
1.700563656367016847e+02 4.770668521131959096e+03
1.701397455148611471e+02 4.763122760832113272e+03
1.703319588340971222e+02 4.745886131456858493e+03
1.705271574128501868e+02 4.728604880064525787e+03
1.708274746404388225e+02 4.702447642573829398e+03
1.708416704639436716e+02 4.701223933096043766e+03
1.708558821054364785e+02 4.700000000000000000e+03
1.711959459058809045e+02 4.671047855811226327e+03
1.715451423595169160e+02 4.641974078156351425e+03
1.717828403953579937e+02 4.622554150333280631e+03
1.720635209702747659e+02 4.600000000000000000e+03
1.722907303491609809e+02 4.582035357707135518e+03
1.723232183700378641e+02 4.579487693472211504e+03
1.723557848376637480e+02 4.576939121644680199e+03
1.724211543873480252e+02 4.571839253271146845e+03
1.725528489885108172e+02 4.561628604046322835e+03
1.728201342748934621e+02 4.541163546563089767e+03
1.728425996009856647e+02 4.539459058171074503e+03
1.728651019644839835e+02 4.537754164709254837e+03
1.731160637588052396e+02 4.518901882588699664e+03
1.733716977374374437e+02 4.500000000000000000e+03
1.734088068142371526e+02 4.497281034716017530e+03
1.734460151562698798e+02 4.494561065026764481e+03
1.737473237437199600e+02 4.472764117764656476e+03
1.740552570776405332e+02 4.450902561122331463e+03
1.746920316994997506e+02 4.406984467210255389e+03
1.747956253597577074e+02 4.400000000000000000e+03
1.750087434069857295e+02 4.385768783619147143e+03
1.752250608014681745e+02 4.371510725873732554e+03
1.757789671497321251e+02 4.335839642122849909e+03
1.763547392742076454e+02 4.300000000000000000e+03
1.771489758180182719e+02 4.252544907707078892e+03
1.775237824802936188e+02 4.230918457524750920e+03
1.777966413671724695e+02 4.215474635658658372e+03
1.780745493422849108e+02 4.200000000000000000e+03
1.786473813154131562e+02 4.168895314184890594e+03
1.792426922640928524e+02 4.137666949604132242e+03
1.792692630904563202e+02 4.136298565928655080e+03
1.796252669647410016e+02 4.118170185945573394e+03
1.799897664382591245e+02 4.100000000000000000e+03
1.807466710511687040e+02 4.063495247384585582e+03
1.815427984991785877e+02 4.026822041401353090e+03
1.816923291136363900e+02 4.020124987488006354e+03
1.818433266328204923e+02 4.013422300691796409e+03
1.821498391552724456e+02 4.000000000000000000e+03
1.822621320126464752e+02 3.995143612901741562e+03
1.823752502658691981e+02 3.990284269093446710e+03
1.828042761130591032e+02 3.972149362520172872e+03
1.832456191124284146e+02 3.953973216789043363e+03
1.833020668642956821e+02 3.951683009119788494e+03
1.833587229661100650e+02 3.949392145892666576e+03
1.834726665948862774e+02 3.944808451638598854e+03
1.837538738869746453e+02 3.933629798901071808e+03
1.840403403845928096e+02 3.922435527900394845e+03
1.843322755548423402e+02 3.911225605882083528e+03
1.846299032356432122e+02 3.900000000000000000e+03
1.852426737662977416e+02 3.877521237213616132e+03
1.858813089926083251e+02 3.854979169015443404e+03
1.872465150546779569e+02 3.809704043666336020e+03
1.874000324478872983e+02 3.804853485772945078e+03
1.875551688384562112e+02 3.800000000000000000e+03
1.880636679848158792e+02 3.784427856473555948e+03
1.885906447402551862e+02 3.768825250797792251e+03
1.897067418439968947e+02 3.737528294758099491e+03
1.911681728598621817e+02 3.700000000000000000e+03
1.925351351517691398e+02 3.668280721280808848e+03
1.934325825834970658e+02 3.649163394452884859e+03
1.944010899067862965e+02 3.630000000000000000e+03
1.952123448710879359e+02 3.614999772910571210e+03
1.956360679839704915e+02 3.607499829684217730e+03
1.960732106486803730e+02 3.600000000000000000e+03
1.975261884534961609e+02 3.576775986262010065e+03
1.983206513484011566e+02 3.565164474887929828e+03
1.991723006984576898e+02 3.553553293824999400e+03
2.014382948166554002e+02 3.526775768576072096e+03
2.044725485952440067e+02 3.500000000000000000e+03
2.057029185322986677e+02 3.492023793463924903e+03
2.084792590641356469e+02 3.480000000000000000e+03
2.112555995959726545e+02 3.492023793463924903e+03
2.124859695330272871e+02 3.500000000000000000e+03
2.155202233116158936e+02 3.526775768576072096e+03
2.177862174298136040e+02 3.553553293824999400e+03
2.186378667798701372e+02 3.565164474887929828e+03
2.194323296747751328e+02 3.576775986262010065e+03
2.208853074795909492e+02 3.600000000000000000e+03
2.213224501443008023e+02 3.607499829684217730e+03
2.217461732571833579e+02 3.614999772910571210e+03
2.225574282214849973e+02 3.630000000000000000e+03
2.235259355447742564e+02 3.649163394452884859e+03
2.244233829765021824e+02 3.668280721280808848e+03
2.257903452684091690e+02 3.700000000000000000e+03
2.272517762842744560e+02 3.737528294758099491e+03
2.283678733880161360e+02 3.768825250797792251e+03
2.288948501434554430e+02 3.784427856473555948e+03
2.294033492898151394e+02 3.800000000000000000e+03
2.295584856803840239e+02 3.804853485772945078e+03
2.297120030735933653e+02 3.809704043666336020e+03
2.310772091356629971e+02 3.854979169015443404e+03
2.317158443619735806e+02 3.877521237213616132e+03
2.323286148926281101e+02 3.900000000000000000e+03
2.326262425734290105e+02 3.911225605882083528e+03
2.329181777436785410e+02 3.922435527900394845e+03
2.332046442412967053e+02 3.933629798901071808e+03
2.334858515333850448e+02 3.944808451638598854e+03
2.335997951621612856e+02 3.949392145892666576e+03
2.336564512639756401e+02 3.951683009119788494e+03
2.337128990158429360e+02 3.953973216789043363e+03
2.341542420152122190e+02 3.972149362520172872e+03
2.345832678624021241e+02 3.990284269093446710e+03
2.346963861156248470e+02 3.995143612901741562e+03
2.348086789729989050e+02 4.000000000000000000e+03
2.351151914954508300e+02 4.013422300691796409e+03
2.352661890146349606e+02 4.020124987488006354e+03
2.354157196290927345e+02 4.026822041401353090e+03
2.362118470771026182e+02 4.063495247384585582e+03
2.369687516900121977e+02 4.100000000000000000e+03
2.373332511635303490e+02 4.118170185945573394e+03
2.376892550378150020e+02 4.136298565928655080e+03
2.377158258641784698e+02 4.137666949604132242e+03
2.383111368128581944e+02 4.168895314184890594e+03
2.388839687859864398e+02 4.200000000000000000e+03
2.391618767610988527e+02 4.215474635658658372e+03
2.394347356479777034e+02 4.230918457524750920e+03
2.398095423102530788e+02 4.252544907707078892e+03
2.406037788540637052e+02 4.300000000000000000e+03
2.411795509785391971e+02 4.335839642122849909e+03
2.417334573268031761e+02 4.371510725873732554e+03
2.419497747212855927e+02 4.385768783619147143e+03
2.421628927685136432e+02 4.400000000000000000e+03
2.422664864287715716e+02 4.406984467210255389e+03
2.429032610506308174e+02 4.450902561122331463e+03
2.432111943845513622e+02 4.472764117764656476e+03
2.435125029720014709e+02 4.494561065026764481e+03
2.435497113140341980e+02 4.497281034716017530e+03
2.435868203908338785e+02 4.500000000000000000e+03
2.438424543694661111e+02 4.518901882588699664e+03
2.440934161637873387e+02 4.537754164709254837e+03
2.441159185272856575e+02 4.539459058171074503e+03
2.441383838533778601e+02 4.541163546563089767e+03
2.444056691397604766e+02 4.561628604046322835e+03
2.445373637409232686e+02 4.571839253271146845e+03
2.446027332906075458e+02 4.576939121644680199e+03
2.446352997582334297e+02 4.579487693472211504e+03
2.446677877791102844e+02 4.582035357707135518e+03
2.448949971579964995e+02 4.600000000000000000e+03
2.451756777329133001e+02 4.622554150333280631e+03
2.454133757687543493e+02 4.641974078156351425e+03
2.457625722223903608e+02 4.671047855811226327e+03
2.461026360228347869e+02 4.700000000000000000e+03
2.461168476643275937e+02 4.701223933096043766e+03
2.461310434878324429e+02 4.702447642573829398e+03
2.464313607154210786e+02 4.728604880064525787e+03
2.466265592941741431e+02 4.745886131456858493e+03
2.468187726134101467e+02 4.763122760832113272e+03
2.469021524915695807e+02 4.770668521131959096e+03
2.469849783604960010e+02 4.778205745655412102e+03
2.471489916773276150e+02 4.793254645241781873e+03
2.471855131777306269e+02 4.796628177874657922e+03
2.472219270638744604e+02 4.800000000000000000e+03
2.473521851667750866e+02 4.812129562455151245e+03
2.474167949079734399e+02 4.818185765245956645e+03
2.474489712427212851e+02 4.821211725570394265e+03
2.474810623719442049e+02 4.824236259859541860e+03
2.478783254065933477e+02 4.862230287249800313e+03
2.482628051598916841e+02 4.900000000000000000e+03
2.484485300889088535e+02 4.918608118927849318e+03
2.486313201383131286e+02 4.937160013312628507e+03
2.489364017952958932e+02 4.968660727985812628e+03
2.490859308652457571e+02 4.984350466656896970e+03
2.492335069259958686e+02 5.000000000000000000e+03
2.493057423238495289e+02 5.007720659996419272e+03
2.493775084132426798e+02 5.015431166328467953e+03
2.495196515281544407e+02 5.030821798014501837e+03
2.496021738558882248e+02 5.039830148983069193e+03
2.496840770438184620e+02 5.048824642022135777e+03
2.497246484955036578e+02 5.053300105003316276e+03
2.497650689759581439e+02 5.057772140936690448e+03
2.497852228760338562e+02 5.060006874990323922e+03
2.498053393600615948e+02 5.062240753757101629e+03
2.498153836049416157e+02 5.063357372561343254e+03
2.498254185362653743e+02 5.064473777727936067e+03
2.498354441674597979e+02 5.065589969318183648e+03
2.498404534997121687e+02 5.066147985041328866e+03
2.498454605119546272e+02 5.066705947393367751e+03
2.498915727396629620e+02 5.071854175867099912e+03
2.499374887096174689e+02 5.076997862837097273e+03
2.499833504827941226e+02 5.082152863521321706e+03
2.500290173824847955e+02 5.087303306729801989e+03
2.500746325057120032e+02 5.092465273752032772e+03
2.500973674186560913e+02 5.095044541692768689e+03
2.501200541105557704e+02 5.097622666933323671e+03
2.501389675251741949e+02 5.099775307355141194e+03
2.501409401815987223e+02 5.100000000000000000e+03
2.501754231879720862e+02 5.103933093874856240e+03
2.502097932429094271e+02 5.107863416640710057e+03
2.502352706732023648e+02 5.110783377244053554e+03
2.502606862322708707e+02 5.113701809280693851e+03
2.502733986459344919e+02 5.115163646537939712e+03
2.502860956112392614e+02 5.116625100430052953e+03
2.502987771571552855e+02 5.118086171107819609e+03
2.503114433125749372e+02 5.119546858721945682e+03
2.503213175080207975e+02 5.120686536537831671e+03
2.503311823611148270e+02 5.121825981212500665e+03
2.503410378854916871e+02 5.122965192817484422e+03
2.503459621536805457e+02 5.123534711241189143e+03
2.503508840947901604e+02 5.124104171424285596e+03
2.505146756325268598e+02 5.143175607226947250e+03
2.506759125313895709e+02 5.162181835061464881e+03
2.508346555761148693e+02 5.181123188790137647e+03
2.509909635060510027e+02 5.200000000000000000e+03
2.512922553837908595e+02 5.237037856906376874e+03
2.515436060814498376e+02 5.268613070347176290e+03
2.517885957957963967e+02 5.300000000000000000e+03
2.520238413287103754e+02 5.330725577178969615e+03
2.520366405145989006e+02 5.332414195103907332e+03
2.522782160069794770e+02 5.364619688891984879e+03
2.524091280526147330e+02 5.382341283162184482e+03
2.525381791110359586e+02 5.400000000000000000e+03
2.525969739464421195e+02 5.408108483110237103e+03
2.526553787209296331e+02 5.416203119612529008e+03
2.527710333719811615e+02 5.432350994423984048e+03
2.528282908859522138e+02 5.440404303246951713e+03
2.528851734470911765e+02 5.448443906490607333e+03
2.529978281784190699e+02 5.464482135951820965e+03
2.530599083605358715e+02 5.473386772410306548e+03
2.531215419754896914e+02 5.482274596889916211e+03
2.532434883716372269e+02 5.500000000000000000e+03
2.532987476800344098e+02 5.508094375114532340e+03
2.533536399718399537e+02 5.516174135411034513e+03
2.534623377668714852e+02 5.532289969591510271e+03
2.535161504034503821e+02 5.540326122140537336e+03
2.535696101271946361e+02 5.548347817202922670e+03
2.536754843466720217e+02 5.564347990646462677e+03
2.537924998528636991e+02 5.582209796666496004e+03
2.538503733463363687e+02 5.591113821732636097e+03
2.538791534881704877e+02 5.595559138360928046e+03
2.539078299606881330e+02 5.600000000000000000e+03
2.540021160280065544e+02 5.614737222997924619e+03
2.540936500235895323e+02 5.629272204888298802e+03
2.542217298249925364e+02 5.650000000000000000e+03
2.542527296858656882e+02 5.655086888358275246e+03
2.542681100261090421e+02 5.657621033707950119e+03
2.542757705492777802e+02 5.658885791585033076e+03
2.542795934301701095e+02 5.659517593057181330e+03
2.542834114023254699e+02 5.660149010020322748e+03
2.542838209923394857e+02 5.660216773446381922e+03
2.542904032749112275e+02 5.661306434670083945e+03
2.542936889494878301e+02 5.661850836085401170e+03
2.542953304225650299e+02 5.662122929592526816e+03
2.542969709871020427e+02 5.662394951670154114e+03
2.543196180974430831e+02 5.666158182732464411e+03
2.544143612406134309e+02 5.682067792569701851e+03
2.544702310082999759e+02 5.691577756961269188e+03
2.544977626482118751e+02 5.696299767616116696e+03
2.545250302266543940e+02 5.701000000000000000e+03
2.546044440037501602e+02 5.716005170388375518e+03
2.546828481757920599e+02 5.730947898682818050e+03
2.546915418403455931e+02 5.732612718651146679e+03
2.547002231675843973e+02 5.734276765325053020e+03
2.547092045446151189e+02 5.736000000000000000e+03
2.547992556695039355e+02 5.753372645957148961e+03
2.548367002680048188e+02 5.760647581597568205e+03
2.548705347137392039e+02 5.767247208179240261e+03
2.548897175108362774e+02 5.771000000000000000e+03
2.549291035173530133e+02 5.778745214811430742e+03
2.549330011872037574e+02 5.779515157886744419e+03
2.549550250235210171e+02 5.783877590861345197e+03
2.549981425822822985e+02 5.792477131407868910e+03
2.550266670148332935e+02 5.798209559798375267e+03
2.550961671293275970e+02 5.812324404815953130e+03
2.551383719509149444e+02 5.821000000000000000e+03
2.551965469854993103e+02 5.833090747999037376e+03
2.552040596349776251e+02 5.834663479482633193e+03
2.552078064311994581e+02 5.835448831251936099e+03
2.552096774536224473e+02 5.835841254024722730e+03
2.552115468946900592e+02 5.836233508201259610e+03
2.552193518991538497e+02 5.837872951980803009e+03
2.552232440736845547e+02 5.838691570176271853e+03
2.552251875863068449e+02 5.839100603783760562e+03
2.552261586998648397e+02 5.839305051769019883e+03
2.552271293852645613e+02 5.839509453895870138e+03
2.552472488042043040e+02 5.843756106197040936e+03
2.552532368130896430e+02 5.845023708057446129e+03
2.553084925832293095e+02 5.856801948922146948e+03
2.553741897034605586e+02 5.871000000000000000e+03
2.554210365815142438e+02 5.881256383119759448e+03
2.554668516183869542e+02 5.891395956763047252e+03
2.555334064128812201e+02 5.906322774931001732e+03
2.555978277297376735e+02 5.921000000000000000e+03
2.556241146621641462e+02 5.927055336232162517e+03
2.556500524748810790e+02 5.933068701681323546e+03
2.557009056564626803e+02 5.944971253664713913e+03
2.557504363747855223e+02 5.956711063565764562e+03
2.557804025409404858e+02 5.963885586377381514e+03
2.558098921815820290e+02 5.971000000000000000e+03
2.558617011581180520e+02 5.984097967492593853e+03
2.559129520780623750e+02 5.997145694263439509e+03
2.559498111985113269e+02 6.006585953588864868e+03
2.559863838181033486e+02 6.016000000000000000e+03
2.560138090444740442e+02 6.023090516904660944e+03
2.560721925785341000e+02 6.038274581129143371e+03
2.561125214875796132e+02 6.048834999067952594e+03
2.561586992975928752e+02 6.061000000000000000e+03
2.562007890945179156e+02 6.072156670230864620e+03
2.562424933826378037e+02 6.083276379584152892e+03
2.562637592990164421e+02 6.088971767949280547e+03
2.562849255270722324e+02 6.094657484409988683e+03
2.563269614990914533e+02 6.106000000000000000e+03
2.563475624495983425e+02 6.111583532987353465e+03
2.563680687957396458e+02 6.117157741448922025e+03
2.564088000730202452e+02 6.128278278070941269e+03
2.564295674221926333e+02 6.133973282880642728e+03
2.564502375609127967e+02 6.139658554866933628e+03
2.564708111225110656e+02 6.145334118958759063e+03
2.564810618844508099e+02 6.148168268311272186e+03
2.564912887371713168e+02 6.151000000000000000e+03
2.565507447221259554e+02 6.168475816192898492e+03
2.566100983795421371e+02 6.186000000000000000e+03
2.566690235438544505e+02 6.203475292094711222e+03
2.567278548955340511e+02 6.221000000000000000e+03
2.567779428314914867e+02 6.235981114146495202e+03
2.568112771436973389e+02 6.245982315499501055e+03
2.568445835484748159e+02 6.256000000000000000e+03
2.568735441311918635e+02 6.264730751490902549e+03
2.569024851344905755e+02 6.273474316488087425e+03
2.569314066178652070e+02 6.282230723220483014e+03
2.569603086406813759e+02 6.291000000000000000e+03
2.569931638451582216e+02 6.300991482874092981e+03
2.570259955700236105e+02 6.311000000000000000e+03
2.570527100428443532e+02 6.319161558655203407e+03
2.570660617336535552e+02 6.323246641096669919e+03
2.570794097349681806e+02 6.327334596315524323e+03
2.570913669141530136e+02 6.331000000000000000e+03
2.571040649978735360e+02 6.334896038686511019e+03
2.571167598997182608e+02 6.338794716459812662e+03
2.571294516242926420e+02 6.342696036002298570e+03
2.571357962964995068e+02 6.344647687276229590e+03
2.571421401761142533e+02 6.346600000000000364e+03
2.571551834884261893e+02 6.351300000000000182e+03
2.571616975663617382e+02 6.353650000000000546e+03
2.571649527133843662e+02 6.354825000000000728e+03
2.571682066001028488e+02 6.356000000000000000e+03
2.571849678580804266e+02 6.363500000000000000e+03
2.571933332248827355e+02 6.367250000000000000e+03
2.571975121009267014e+02 6.369125000000000000e+03
2.571996005881307497e+02 6.370062500000000000e+03
2.572016884418446807e+02 6.371000000000000000e+03
2.572037762955585549e+02 6.370062500000000000e+03
2.572058647827625464e+02 6.369125000000000000e+03
2.572100436588065122e+02 6.367250000000000000e+03
2.572184090256089348e+02 6.363500000000000000e+03
2.572351702835863989e+02 6.356000000000000000e+03
2.572384241703049383e+02 6.354825000000000728e+03
2.572416793173275664e+02 6.353650000000000546e+03
2.572481933952631152e+02 6.351300000000000182e+03
2.572612367075750512e+02 6.346600000000000364e+03
2.572675805871897410e+02 6.344647687276229590e+03
2.572739252593967194e+02 6.342696036002298570e+03
2.572866169839710437e+02 6.338794716459812662e+03
2.572993118858157686e+02 6.334896038686511019e+03
2.573120099695362910e+02 6.331000000000000000e+03
2.573239671487210671e+02 6.327334596315524323e+03
2.573373151500356926e+02 6.323246641096669919e+03
2.573506668408449514e+02 6.319161558655203407e+03
2.573773813136656941e+02 6.311000000000000000e+03
2.574102130385310829e+02 6.300991482874092981e+03
2.574430682430079287e+02 6.291000000000000000e+03
2.574719702658240976e+02 6.282230723220483014e+03
2.575008917491987859e+02 6.273474316488087425e+03
2.575298327524974411e+02 6.264730751490902549e+03
2.575587933352144319e+02 6.256000000000000000e+03
2.575920997399919656e+02 6.245982315499501055e+03
2.576254340521978747e+02 6.235981114146495202e+03
2.576755219881551966e+02 6.221000000000000000e+03
2.577343533398348541e+02 6.203475292094711222e+03
2.577932785041471107e+02 6.186000000000000000e+03
2.578526321615632924e+02 6.168475816192898492e+03
2.579120881465179309e+02 6.151000000000000000e+03
2.579223149992384947e+02 6.148168268311272186e+03
2.579325657611782390e+02 6.145334118958759063e+03
2.579531393227765079e+02 6.139658554866933628e+03
2.579738094614966712e+02 6.133973282880642728e+03
2.579945768106690593e+02 6.128278278070941269e+03
2.580353080879497156e+02 6.117157741448922025e+03
2.580558144340909621e+02 6.111583532987353465e+03
2.580764153845977944e+02 6.106000000000000000e+03
2.581184513566170153e+02 6.094657484409988683e+03
2.581396175846728056e+02 6.088971767949280547e+03
2.581608835010515008e+02 6.083276379584152892e+03
2.582025877891713890e+02 6.072156670230864620e+03
2.582446775860964294e+02 6.061000000000000000e+03
2.582908553961096914e+02 6.048834999067952594e+03
2.583311843051552046e+02 6.038274581129143371e+03
2.583895678392152604e+02 6.023090516904660944e+03
2.584169930655859844e+02 6.016000000000000000e+03
2.584535656851779777e+02 6.006585953588864868e+03
2.584904248056269012e+02 5.997145694263439509e+03
2.585416757255712241e+02 5.984097967492593853e+03
2.585934847021072756e+02 5.971000000000000000e+03
2.586229743427487620e+02 5.963885586377381514e+03
2.586529405089037255e+02 5.956711063565764562e+03
2.587024712272266243e+02 5.944971253664713913e+03
2.587533244088082256e+02 5.933068701681323546e+03
2.587792622215251868e+02 5.927055336232162517e+03
2.588055491539516311e+02 5.921000000000000000e+03
2.588699704708080844e+02 5.906322774931001732e+03
2.589365252653023504e+02 5.891395956763047252e+03
2.589823403021750323e+02 5.881256383119759448e+03
2.590291871802287460e+02 5.871000000000000000e+03
2.590948843004599667e+02 5.856801948922146948e+03
2.591501400705996616e+02 5.845023708057446129e+03
2.591561280794850290e+02 5.843756106197040936e+03
2.591762474984247433e+02 5.839509453895870138e+03
2.591772181838244933e+02 5.839305051769019883e+03
2.591781892973824597e+02 5.839100603783760562e+03
2.591801328100046931e+02 5.838691570176271853e+03
2.591840249845354265e+02 5.837872951980803009e+03
2.591918299889992454e+02 5.836233508201259610e+03
2.591936994300668289e+02 5.835841254024722730e+03
2.591955704524898465e+02 5.835448831251936099e+03
2.591993172487116226e+02 5.834663479482633193e+03
2.592068298981899943e+02 5.833090747999037376e+03
2.592650049327743318e+02 5.821000000000000000e+03
2.593072097543616792e+02 5.812324404815953130e+03
2.593767098688559827e+02 5.798209559798375267e+03
2.594052343014070061e+02 5.792477131407868910e+03
2.594483518601682590e+02 5.783877590861345197e+03
2.594703756964855756e+02 5.779515157886744419e+03
2.594742733663362628e+02 5.778745214811430742e+03
2.595136593728529988e+02 5.771000000000000000e+03
2.595328421699500723e+02 5.767247208179240261e+03
2.595666766156844574e+02 5.760647581597568205e+03
2.596041212141853975e+02 5.753372645957148961e+03
2.596941723390741572e+02 5.736000000000000000e+03
2.597031537161049073e+02 5.734276765325053020e+03
2.597118350433437399e+02 5.732612718651146679e+03
2.597205287078971878e+02 5.730947898682818050e+03
2.597989328799391160e+02 5.716005170388375518e+03
2.598783466570349105e+02 5.701000000000000000e+03
2.599056142354774011e+02 5.696299767616116696e+03
2.599331458753893003e+02 5.691577756961269188e+03
2.599890156430758452e+02 5.682067792569701851e+03
2.600837587862462215e+02 5.666158182732464411e+03
2.601064058965872619e+02 5.662394951670154114e+03
2.601080464611242178e+02 5.662122929592526816e+03
2.601096879342014745e+02 5.661850836085401170e+03
2.601129736087780202e+02 5.661306434670083945e+03
2.601195558913498189e+02 5.660216773446381922e+03
2.601199654813638062e+02 5.660149010020322748e+03
2.601237834535191951e+02 5.659517593057181330e+03
2.601276063344115528e+02 5.658885791585033076e+03
2.601352668575802340e+02 5.657621033707950119e+03
2.601506471978236164e+02 5.655086888358275246e+03
2.601816470586967398e+02 5.650000000000000000e+03
2.603097268600997722e+02 5.629272204888298802e+03
2.604012608556827217e+02 5.614737222997924619e+03
2.604955469230011431e+02 5.600000000000000000e+03
2.605242233955187885e+02 5.595559138360928046e+03
2.605530035373528790e+02 5.591113821732636097e+03
2.606108770308255771e+02 5.582209796666496004e+03
2.607278925370172828e+02 5.564347990646462677e+03
2.608337667564946969e+02 5.548347817202922670e+03
2.608872264802389509e+02 5.540326122140537336e+03
2.609410391168178194e+02 5.532289969591510271e+03
2.610497369118493225e+02 5.516174135411034513e+03
2.611046292036548948e+02 5.508094375114532340e+03
2.611598885120520777e+02 5.500000000000000000e+03
2.612818349081995848e+02 5.482274596889916211e+03
2.613434685231534331e+02 5.473386772410306548e+03
2.614055487052702347e+02 5.464482135951820965e+03
2.615182034365981281e+02 5.448443906490607333e+03
2.615750859977371192e+02 5.440404303246951713e+03
2.616323435117080862e+02 5.432350994423984048e+03
2.617479981627596999e+02 5.416203119612529008e+03
2.618064029372471850e+02 5.408108483110237103e+03
2.618651977726533460e+02 5.400000000000000000e+03
2.619942488310745716e+02 5.382341283162184482e+03
2.621251608767098560e+02 5.364619688891984879e+03
2.623667363690904040e+02 5.332414195103907332e+03
2.623795355549789292e+02 5.330725577178969615e+03
2.626147810878928794e+02 5.300000000000000000e+03
2.628597708022394954e+02 5.268613070347176290e+03
2.631111214998984451e+02 5.237037856906376874e+03
2.634124133776383019e+02 5.200000000000000000e+03
2.635687213075744353e+02 5.181123188790137647e+03
2.637274643522997621e+02 5.162181835061464881e+03
2.638887012511624448e+02 5.143175607226947250e+03
2.640524927888991442e+02 5.124104171424285596e+03
2.640574147300087589e+02 5.123534711241189143e+03
2.640623389981976175e+02 5.122965192817484422e+03
2.640721945225744776e+02 5.121825981212500665e+03
2.640820593756685071e+02 5.120686536537831671e+03
2.640919335711143958e+02 5.119546858721945682e+03
2.641045997265339906e+02 5.118086171107819609e+03
2.641172812724500432e+02 5.116625100430052953e+03
2.641299782377548127e+02 5.115163646537939712e+03
2.641426906514184338e+02 5.113701809280693851e+03
2.641681062104869397e+02 5.110783377244053554e+03
2.641935836407798206e+02 5.107863416640710057e+03
2.642279536957172468e+02 5.103933093874856240e+03
2.642624367020905538e+02 5.100000000000000000e+03
2.642644093585150813e+02 5.099775307355141194e+03
2.642833227731335342e+02 5.097622666933323671e+03
2.643060094650331848e+02 5.095044541692768689e+03
2.643287443779772730e+02 5.092465273752032772e+03
2.643743595012044807e+02 5.087303306729801989e+03
2.644200264008951535e+02 5.082152863521321706e+03
2.644658881740718357e+02 5.076997862837097273e+03
2.645118041440263141e+02 5.071854175867099912e+03
2.645579163717346773e+02 5.066705947393367751e+03
2.645629233839771359e+02 5.066147985041328866e+03
2.645679327162295067e+02 5.065589969318183648e+03
2.645779583474238734e+02 5.064473777727936067e+03
2.645879932787477173e+02 5.063357372561343254e+03
2.645980375236276814e+02 5.062240753757101629e+03
2.646181540076554484e+02 5.060006874990323922e+03
2.646383079077311322e+02 5.057772140936690448e+03
2.646787283881856183e+02 5.053300105003316276e+03
2.647192998398708141e+02 5.048824642022135777e+03
2.648012030278010798e+02 5.039830148983069193e+03
2.648837253555348070e+02 5.030821798014501837e+03
2.650258684704466532e+02 5.015431166328467953e+03
2.650976345598397756e+02 5.007720659996419272e+03
2.651698699576934359e+02 5.000000000000000000e+03
2.653174460184435475e+02 4.984350466656896970e+03
2.654669750883933830e+02 4.968660727985812628e+03
2.657720567453761760e+02 4.937160013312628507e+03
2.659548467947804511e+02 4.918608118927849318e+03
2.661405717237976205e+02 4.900000000000000000e+03
2.665250514770959853e+02 4.862230287249800313e+03
2.669223145117450713e+02 4.824236259859541860e+03
2.669544056409680479e+02 4.821211725570394265e+03
2.669865819757158079e+02 4.818185765245956645e+03
2.670511917169142180e+02 4.812129562455151245e+03
2.671814498198148158e+02 4.800000000000000000e+03
2.672178637059586777e+02 4.796628177874657922e+03
2.672543852063616896e+02 4.793254645241781873e+03
2.674183985231933320e+02 4.778205745655412102e+03
2.675012243921197523e+02 4.770668521131959096e+03
2.675846042702791578e+02 4.763122760832113272e+03
2.677768175895151899e+02 4.745886131456858493e+03
2.679720161682681692e+02 4.728604880064525787e+03
2.682723333958568901e+02 4.702447642573829398e+03
2.682865292193616824e+02 4.701223933096043766e+03
2.683007408608544893e+02 4.700000000000000000e+03
2.686408046612989438e+02 4.671047855811226327e+03
2.689900011149349552e+02 4.641974078156351425e+03
2.692276991507760044e+02 4.622554150333280631e+03
2.695083797256927483e+02 4.600000000000000000e+03
2.697355891045789917e+02 4.582035357707135518e+03
2.697680771254558749e+02 4.579487693472211504e+03
2.698006435930817588e+02 4.576939121644680199e+03
2.698660131427660644e+02 4.571839253271146845e+03
2.699977077439287996e+02 4.561628604046322835e+03
2.702649930303114161e+02 4.541163546563089767e+03
2.702874583564036470e+02 4.539459058171074503e+03
2.703099607199019374e+02 4.537754164709254837e+03
2.705609225142231935e+02 4.518901882588699664e+03
2.708165564928553977e+02 4.500000000000000000e+03
2.708536655696551065e+02 4.497281034716017530e+03
2.708908739116877769e+02 4.494561065026764481e+03
2.711921824991379140e+02 4.472764117764656476e+03
2.715001158330584872e+02 4.450902561122331463e+03
2.721368904549177046e+02 4.406984467210255389e+03
2.722404841151756614e+02 4.400000000000000000e+03
2.724536021624037403e+02 4.385768783619147143e+03
2.726699195568861569e+02 4.371510725873732554e+03
2.732238259051500791e+02 4.335839642122849909e+03
2.737995980296255993e+02 4.300000000000000000e+03
2.745938345734361974e+02 4.252544907707078892e+03
2.749686412357115728e+02 4.230918457524750920e+03
2.752415001225904234e+02 4.215474635658658372e+03
2.755194080977028648e+02 4.200000000000000000e+03
2.760922400708311102e+02 4.168895314184890594e+03
2.766875510195108063e+02 4.137666949604132242e+03
2.767141218458742742e+02 4.136298565928655080e+03
2.770701257201589556e+02 4.118170185945573394e+03
2.774346251936771068e+02 4.100000000000000000e+03
2.781915298065866864e+02 4.063495247384585582e+03
2.789876572545965701e+02 4.026822041401353090e+03
2.791371878690543440e+02 4.020124987488006354e+03
2.792881853882385030e+02 4.013422300691796409e+03
2.795946979106903996e+02 4.000000000000000000e+03
2.797069907680644292e+02 3.995143612901741562e+03
2.798201090212871804e+02 3.990284269093446710e+03
2.802491348684770855e+02 3.972149362520172872e+03
2.806904778678463686e+02 3.953973216789043363e+03
2.807469256197136929e+02 3.951683009119788494e+03
2.808035817215280190e+02 3.949392145892666576e+03
2.809175253503042313e+02 3.944808451638598854e+03
2.811987326423925992e+02 3.933629798901071808e+03
2.814851991400107636e+02 3.922435527900394845e+03
2.817771343102602941e+02 3.911225605882083528e+03
2.820747619910612229e+02 3.900000000000000000e+03
2.826875325217157524e+02 3.877521237213616132e+03
2.833261677480263074e+02 3.854979169015443404e+03
2.846913738100959108e+02 3.809704043666336020e+03
2.848448912033052238e+02 3.804853485772945078e+03
2.850000275938741652e+02 3.800000000000000000e+03
2.855085267402338332e+02 3.784427856473555948e+03
2.860355034956731402e+02 3.768825250797792251e+03
2.871516005994148486e+02 3.737528294758099491e+03
2.886130316152801356e+02 3.700000000000000000e+03
2.899799939071871222e+02 3.668280721280808848e+03
2.908774413389150482e+02 3.649163394452884859e+03
2.918459486622043073e+02 3.630000000000000000e+03
2.926572036265059182e+02 3.614999772910571210e+03
2.930809267393884738e+02 3.607499829684217730e+03
2.935180694040983553e+02 3.600000000000000000e+03
2.949710472089141149e+02 3.576775986262010065e+03
2.957655101038191106e+02 3.565164474887929828e+03
2.966171594538756153e+02 3.553553293824999400e+03
2.988831535720732973e+02 3.526775768576072096e+03
3.019174073506619607e+02 3.500000000000000000e+03
3.031477772877165648e+02 3.492023793463924903e+03
3.059241178195535440e+02 3.480000000000000000e+03
3.087004583513905800e+02 3.492023793463924903e+03
3.099308282884452410e+02 3.500000000000000000e+03
3.129650820670337907e+02 3.526775768576072096e+03
3.152310761852315295e+02 3.553553293824999400e+03
3.160827255352880343e+02 3.565164474887929828e+03
3.168771884301929731e+02 3.576775986262010065e+03
3.183301662350087895e+02 3.600000000000000000e+03
3.187673088997186710e+02 3.607499829684217730e+03
3.191910320126012266e+02 3.614999772910571210e+03
3.200022869769028375e+02 3.630000000000000000e+03
3.209707943001920967e+02 3.649163394452884859e+03
3.218682417319200226e+02 3.668280721280808848e+03
3.232352040238269524e+02 3.700000000000000000e+03
3.246966350396922962e+02 3.737528294758099491e+03
3.258127321434340047e+02 3.768825250797792251e+03
3.263397088988733117e+02 3.784427856473555948e+03
3.268482080452329797e+02 3.800000000000000000e+03
3.270033444358018642e+02 3.804853485772945078e+03
3.271568618290112340e+02 3.809704043666336020e+03
3.285220678910808942e+02 3.854979169015443404e+03
3.291607031173915061e+02 3.877521237213616132e+03
3.297734736480459787e+02 3.900000000000000000e+03
3.300711013288469076e+02 3.911225605882083528e+03
3.303630364990964381e+02 3.922435527900394845e+03
3.306495029967145456e+02 3.933629798901071808e+03
3.309307102888029135e+02 3.944808451638598854e+03
3.310446539175791258e+02 3.949392145892666576e+03
3.311013100193934520e+02 3.951683009119788494e+03
3.311577577712607194e+02 3.953973216789043363e+03
3.315991007706300593e+02 3.972149362520172872e+03
3.320281266178199644e+02 3.990284269093446710e+03
3.321412448710426588e+02 3.995143612901741562e+03
3.322535377284166884e+02 4.000000000000000000e+03
3.325600502508685850e+02 4.013422300691796409e+03
3.327110477700527440e+02 4.020124987488006354e+03
3.328605783845105179e+02 4.026822041401353090e+03
3.336567058325203448e+02 4.063495247384585582e+03
3.344136104454299812e+02 4.100000000000000000e+03
3.347781099189480756e+02 4.118170185945573394e+03
3.351341137932327001e+02 4.136298565928655080e+03
3.351606846195961680e+02 4.137666949604132242e+03
3.357559955682758641e+02 4.168895314184890594e+03
3.363288275414041095e+02 4.200000000000000000e+03
3.366067355165164940e+02 4.215474635658658372e+03
3.368795944033953447e+02 4.230918457524750920e+03
3.372544010656707201e+02 4.252544907707078892e+03
3.380486376094813181e+02 4.300000000000000000e+03
3.386244097339568384e+02 4.335839642122849909e+03
3.391783160822208174e+02 4.371510725873732554e+03
3.393946334767032340e+02 4.385768783619147143e+03
3.396077515239313129e+02 4.400000000000000000e+03
3.397113451841892129e+02 4.406984467210255389e+03
3.403481198060484871e+02 4.450902561122331463e+03
3.406560531399690035e+02 4.472764117764656476e+03
3.409573617274191406e+02 4.494561065026764481e+03
3.409945700694518678e+02 4.497281034716017530e+03
3.410316791462515198e+02 4.500000000000000000e+03
3.412873131248837240e+02 4.518901882588699664e+03
3.415382749192049801e+02 4.537754164709254837e+03
3.415607772827033273e+02 4.539459058171074503e+03
3.415832426087955014e+02 4.541163546563089767e+03
3.418505278951781747e+02 4.561628604046322835e+03
3.419822224963409667e+02 4.571839253271146845e+03
3.420475920460252155e+02 4.576939121644680199e+03
3.420801585136510994e+02 4.579487693472211504e+03
3.421126465345279826e+02 4.582035357707135518e+03
3.423398559134141692e+02 4.600000000000000000e+03
3.426205364883309699e+02 4.622554150333280631e+03
3.428582345241720191e+02 4.641974078156351425e+03
3.432074309778080305e+02 4.671047855811226327e+03
3.435474947782524282e+02 4.700000000000000000e+03
3.435617064197452919e+02 4.701223933096043766e+03
3.435759022432500842e+02 4.702447642573829398e+03
3.438762194708387483e+02 4.728604880064525787e+03
3.440714180495918413e+02 4.745886131456858493e+03
3.442636313688278165e+02 4.763122760832113272e+03
3.443470112469872788e+02 4.770668521131959096e+03
3.444298371159136423e+02 4.778205745655412102e+03
3.445938504327453415e+02 4.793254645241781873e+03
3.446303719331482966e+02 4.796628177874657922e+03
3.446667858192921585e+02 4.800000000000000000e+03
3.447970439221927563e+02 4.812129562455151245e+03
3.448616536633910528e+02 4.818185765245956645e+03
3.448938299981389264e+02 4.821211725570394265e+03
3.449259211273618462e+02 4.824236259859541860e+03
3.453231841620109890e+02 4.862230287249800313e+03
3.457076639153092970e+02 4.900000000000000000e+03
3.458933888443264664e+02 4.918608118927849318e+03
3.460761788937307415e+02 4.937160013312628507e+03
3.463812605507134776e+02 4.968660727985812628e+03
3.465307896206633700e+02 4.984350466656896970e+03
3.466783656814134247e+02 5.000000000000000000e+03
3.467506010792671418e+02 5.007720659996419272e+03
3.468223671686602643e+02 5.015431166328467953e+03
3.469645102835720536e+02 5.030821798014501837e+03
3.470470326113057808e+02 5.039830148983069193e+03
3.471289357992360465e+02 5.048824642022135777e+03
3.471695072509212423e+02 5.053300105003316276e+03
3.472099277313757284e+02 5.057772140936690448e+03
3.472300816314514122e+02 5.060006874990323922e+03
3.472501981154791793e+02 5.062240753757101629e+03
3.472602423603591433e+02 5.063357372561343254e+03
3.472702772916829872e+02 5.064473777727936067e+03
3.472803029228774108e+02 5.065589969318183648e+03
3.472853122551297815e+02 5.066147985041328866e+03
3.472903192673722401e+02 5.066705947393367751e+03
3.473364314950805465e+02 5.071854175867099912e+03
3.473823474650350818e+02 5.076997862837097273e+03
3.474282092382117639e+02 5.082152863521321706e+03
3.474738761379023799e+02 5.087303306729801989e+03
3.475194912611295877e+02 5.092465273752032772e+03
3.475422261740736758e+02 5.095044541692768689e+03
3.475649128659733265e+02 5.097622666933323671e+03
3.475838262805917793e+02 5.099775307355141194e+03
3.475857989370163068e+02 5.100000000000000000e+03
3.476202819433896707e+02 5.103933093874856240e+03
3.476546519983270400e+02 5.107863416640710057e+03
3.476801294286199209e+02 5.110783377244053554e+03
3.477055449876884268e+02 5.113701809280693851e+03
3.477182574013521048e+02 5.115163646537939712e+03
3.477309543666568175e+02 5.116625100430052953e+03
3.477436359125728700e+02 5.118086171107819609e+03
3.477563020679925216e+02 5.119546858721945682e+03
3.477661762634383535e+02 5.120686536537831671e+03
3.477760411165324399e+02 5.121825981212500665e+03
3.477858966409093000e+02 5.122965192817484422e+03
3.477908209090981586e+02 5.123534711241189143e+03
3.477957428502077732e+02 5.124104171424285596e+03
3.479595343879444727e+02 5.143175607226947250e+03
3.481207712868071553e+02 5.162181835061464881e+03
3.482795143315324822e+02 5.181123188790137647e+03
3.484358222614686156e+02 5.200000000000000000e+03
3.487371141392084724e+02 5.237037856906376874e+03
3.489884648368674789e+02 5.268613070347176290e+03
3.492334545512140380e+02 5.300000000000000000e+03
3.494687000841279882e+02 5.330725577178969615e+03
3.494814992700165135e+02 5.332414195103907332e+03
3.497230747623971183e+02 5.364619688891984879e+03
3.498539868080323458e+02 5.382341283162184482e+03
3.499830378664535715e+02 5.400000000000000000e+03
3.500418327018597893e+02 5.408108483110237103e+03
3.501002374763472744e+02 5.416203119612529008e+03
3.502158921273988312e+02 5.432350994423984048e+03
3.502731496413698551e+02 5.440404303246951713e+03
3.503300322025087894e+02 5.448443906490607333e+03
3.504426869338366828e+02 5.464482135951820965e+03
3.505047671159534843e+02 5.473386772410306548e+03
3.505664007309072758e+02 5.482274596889916211e+03
3.506883471270547830e+02 5.500000000000000000e+03
3.507436064354519658e+02 5.508094375114532340e+03
3.507984987272575381e+02 5.516174135411034513e+03
3.509071965222890981e+02 5.532289969591510271e+03
3.509610091588679666e+02 5.540326122140537336e+03
3.510144688826121637e+02 5.548347817202922670e+03
3.511203431020895778e+02 5.564347990646462677e+03
3.512373586082812267e+02 5.582209796666496004e+03
3.512952321017539248e+02 5.591113821732636097e+03
3.513240122435879584e+02 5.595559138360928046e+03
3.513526887161056607e+02 5.600000000000000000e+03
3.514469747834240252e+02 5.614737222997924619e+03
3.515385087790069747e+02 5.629272204888298802e+03
3.516665885804099503e+02 5.650000000000000000e+03
3.516975884412831306e+02 5.655086888358275246e+03
3.517129687815265129e+02 5.657621033707950119e+03
3.517206293046952510e+02 5.658885791585033076e+03
3.517244521855875519e+02 5.659517593057181330e+03
3.517282701577428838e+02 5.660149010020322748e+03
3.517286797477569280e+02 5.660216773446381922e+03
3.517352620303286699e+02 5.661306434670083945e+03
3.517385477049052724e+02 5.661850836085401170e+03
3.517401891779824723e+02 5.662122929592526816e+03
3.517418297425195419e+02 5.662394951670154114e+03
3.517644768528605823e+02 5.666158182732464411e+03
3.518592199960309017e+02 5.682067792569701851e+03
3.519150897637174467e+02 5.691577756961269188e+03
3.519426214036293459e+02 5.696299767616116696e+03
3.519698889820718364e+02 5.701000000000000000e+03
3.520493027591676309e+02 5.716005170388375518e+03
3.521277069312095591e+02 5.730947898682818050e+03
3.521364005957630638e+02 5.732612718651146679e+03
3.521450819230018965e+02 5.734276765325053020e+03
3.521540633000325897e+02 5.736000000000000000e+03
3.522441144249214631e+02 5.753372645957148961e+03
3.522815590234223464e+02 5.760647581597568205e+03
3.523153934691567315e+02 5.767247208179240261e+03
3.523345762662537481e+02 5.771000000000000000e+03
3.523739622727704841e+02 5.778745214811430742e+03
3.523778599426212281e+02 5.779515157886744419e+03
3.523998837789384879e+02 5.783877590861345197e+03
3.524430013376997977e+02 5.792477131407868910e+03
3.524715257702508211e+02 5.798209559798375267e+03
3.525410258847451246e+02 5.812324404815953130e+03
3.525832307063324151e+02 5.821000000000000000e+03
3.526414057409168095e+02 5.833090747999037376e+03
3.526489183903951243e+02 5.834663479482633193e+03
3.526526651866169573e+02 5.835448831251936099e+03
3.526545362090399749e+02 5.835841254024722730e+03
3.526564056501076152e+02 5.836233508201259610e+03
3.526642106545713773e+02 5.837872951980803009e+03
3.526681028291021676e+02 5.838691570176271853e+03
3.526700463417244578e+02 5.839100603783760562e+03
3.526710174552824242e+02 5.839305051769019883e+03
3.526719881406821173e+02 5.839509453895870138e+03
3.526921075596218884e+02 5.843756106197040936e+03
3.526980955685072558e+02 5.845023708057446129e+03
3.527533513386469508e+02 5.856801948922146948e+03
3.528190484588781715e+02 5.871000000000000000e+03
3.528658953369318851e+02 5.881256383119759448e+03
3.529117103738045671e+02 5.891395956763047252e+03
3.529782651682988330e+02 5.906322774931001732e+03
3.530426864851553432e+02 5.921000000000000000e+03
3.530689734175818444e+02 5.927055336232162517e+03
3.530949112302987487e+02 5.933068701681323546e+03
3.531457644118803501e+02 5.944971253664713913e+03
3.531952951302031920e+02 5.956711063565764562e+03
3.532252612963581555e+02 5.963885586377381514e+03
3.532547509369996988e+02 5.971000000000000000e+03
3.533065599135357502e+02 5.984097967492593853e+03
3.533578108334800163e+02 5.997145694263439509e+03
3.533946699539289966e+02 6.006585953588864868e+03
3.534312425735209899e+02 6.016000000000000000e+03
3.534586677998917139e+02 6.023090516904660944e+03
3.535170513339517697e+02 6.038274581129143371e+03
3.535573802429972829e+02 6.048834999067952594e+03
3.536035580530105449e+02 6.061000000000000000e+03
3.536456478499356422e+02 6.072156670230864620e+03
3.536873521380554735e+02 6.083276379584152892e+03
3.537086180544341119e+02 6.088971767949280547e+03
3.537297842824899590e+02 6.094657484409988683e+03
3.537718202545091231e+02 6.106000000000000000e+03
3.537924212050160122e+02 6.111583532987353465e+03
3.538129275511573155e+02 6.117157741448922025e+03
3.538536588284379718e+02 6.128278278070941269e+03
3.538744261776103599e+02 6.133973282880642728e+03
3.538950963163304664e+02 6.139658554866933628e+03
3.539156698779287353e+02 6.145334118958759063e+03
3.539259206398684796e+02 6.148168268311272186e+03
3.539361474925889866e+02 6.151000000000000000e+03
3.539956034775436251e+02 6.168475816192898492e+03
3.540549571349598637e+02 6.186000000000000000e+03
3.541138822992720634e+02 6.203475292094711222e+03
3.541727136509517209e+02 6.221000000000000000e+03
3.542228015869090996e+02 6.235981114146495202e+03
3.542561358991150087e+02 6.245982315499501055e+03
3.542894423038924856e+02 6.256000000000000000e+03
3.543184028866095332e+02 6.264730751490902549e+03
3.543473438899082453e+02 6.273474316488087425e+03
3.543762653732828767e+02 6.282230723220483014e+03
3.544051673960990456e+02 6.291000000000000000e+03
3.544380226005758914e+02 6.300991482874092981e+03
3.544708543254412803e+02 6.311000000000000000e+03
3.544975687982620229e+02 6.319161558655203407e+03
3.545109204890712249e+02 6.323246641096669919e+03
3.545242684903859072e+02 6.327334596315524323e+03
3.545362256695706833e+02 6.331000000000000000e+03
3.545489237532912057e+02 6.334896038686511019e+03
3.545616186551359874e+02 6.338794716459812662e+03
3.545743103797103117e+02 6.342696036002298570e+03
3.545806550519172902e+02 6.344647687276229590e+03
3.545869989315319799e+02 6.346600000000000364e+03
3.546000422438439159e+02 6.351300000000000182e+03
3.546065563217794647e+02 6.353650000000000546e+03
3.546098114688020928e+02 6.354825000000000728e+03
3.546130653555205754e+02 6.356000000000000000e+03
3.546298266134980963e+02 6.363500000000000000e+03
3.546381919803004052e+02 6.367250000000000000e+03
3.546423708563444279e+02 6.369125000000000000e+03
3.546444593435484194e+02 6.370062500000000000e+03
3.546465471972623504e+02 6.371000000000000000e+03
3.546486350509762815e+02 6.370062500000000000e+03
3.546507235381802730e+02 6.369125000000000000e+03
3.546549024142242388e+02 6.367250000000000000e+03
3.546632677810266046e+02 6.363500000000000000e+03
3.546800290390040686e+02 6.356000000000000000e+03
3.546832829257225512e+02 6.354825000000000728e+03
3.546865380727451793e+02 6.353650000000000546e+03
3.546930521506807281e+02 6.351300000000000182e+03
3.547060954629926641e+02 6.346600000000000364e+03
3.547124393426073539e+02 6.344647687276229590e+03
3.547187840148143323e+02 6.342696036002298570e+03
3.547314757393886566e+02 6.338794716459812662e+03
3.547441706412334383e+02 6.334896038686511019e+03
3.547568687249539607e+02 6.331000000000000000e+03
3.547688259041387937e+02 6.327334596315524323e+03
3.547821739054534191e+02 6.323246641096669919e+03
3.547955255962626211e+02 6.319161558655203407e+03
3.548222400690833638e+02 6.311000000000000000e+03
3.548550717939487527e+02 6.300991482874092981e+03
3.548879269984255984e+02 6.291000000000000000e+03
3.549168290212417674e+02 6.282230723220483014e+03
3.549457505046164556e+02 6.273474316488087425e+03
3.549746915079151108e+02 6.264730751490902549e+03
3.550036520906321584e+02 6.256000000000000000e+03
3.550369584954096354e+02 6.245982315499501055e+03
3.550702928076155445e+02 6.235981114146495202e+03
3.551203807435729232e+02 6.221000000000000000e+03
3.551792120952525806e+02 6.203475292094711222e+03
3.552381372595647804e+02 6.186000000000000000e+03
3.552974909169810189e+02 6.168475816192898492e+03
3.553569469019356575e+02 6.151000000000000000e+03
3.553671737546562213e+02 6.148168268311272186e+03
3.553774245165959087e+02 6.145334118958759063e+03
3.553979980781941777e+02 6.139658554866933628e+03
3.554186682169142841e+02 6.133973282880642728e+03
3.554394355660866722e+02 6.128278278070941269e+03
3.554801668433673854e+02 6.117157741448922025e+03
3.555006731895086318e+02 6.111583532987353465e+03
3.555212741400155210e+02 6.106000000000000000e+03
3.555633101120346851e+02 6.094657484409988683e+03
3.555844763400905322e+02 6.088971767949280547e+03
3.556057422564691706e+02 6.083276379584152892e+03
3.556474465445890587e+02 6.072156670230864620e+03
3.556895363415140991e+02 6.061000000000000000e+03
3.557357141515273611e+02 6.048834999067952594e+03
3.557760430605728743e+02 6.038274581129143371e+03
3.558344265946329301e+02 6.023090516904660944e+03
3.558618518210037109e+02 6.016000000000000000e+03
3.558984244405956474e+02 6.006585953588864868e+03
3.559352835610446277e+02 5.997145694263439509e+03
3.559865344809888938e+02 5.984097967492593853e+03
3.560383434575250021e+02 5.971000000000000000e+03
3.560678330981664885e+02 5.963885586377381514e+03
3.560977992643214520e+02 5.956711063565764562e+03
3.561473299826443508e+02 5.944971253664713913e+03
3.561981831642258953e+02 5.933068701681323546e+03
3.562241209769428565e+02 5.927055336232162517e+03
3.562504079093693576e+02 5.921000000000000000e+03
3.563148292262258110e+02 5.906322774931001732e+03
3.563813840207200769e+02 5.891395956763047252e+03
3.564271990575928157e+02 5.881256383119759448e+03
3.564740459356464726e+02 5.871000000000000000e+03
3.565397430558776932e+02 5.856801948922146948e+03
3.565949988260174450e+02 5.845023708057446129e+03
3.566009868349027556e+02 5.843756106197040936e+03
3.566211062538425267e+02 5.839509453895870138e+03
3.566220769392422199e+02 5.839305051769019883e+03
3.566230480528002431e+02 5.839100603783760562e+03
3.566249915654225333e+02 5.838691570176271853e+03
3.566288837399532667e+02 5.837872951980803009e+03
3.566366887444170857e+02 5.836233508201259610e+03
3.566385581854846691e+02 5.835841254024722730e+03
3.566404292079076868e+02 5.835448831251936099e+03
3.566441760041295197e+02 5.834663479482633193e+03
3.566516886536078346e+02 5.833090747999037376e+03
3.567098636881922289e+02 5.821000000000000000e+03
3.567520685097795763e+02 5.812324404815953130e+03
3.568215686242738229e+02 5.798209559798375267e+03
3.568500930568248464e+02 5.792477131407868910e+03
3.568932106155861561e+02 5.783877590861345197e+03
3.569152344519034159e+02 5.779515157886744419e+03
3.569191321217541599e+02 5.778745214811430742e+03
3.569585181282708959e+02 5.771000000000000000e+03
3.569777009253679694e+02 5.767247208179240261e+03
3.570115353711022976e+02 5.760647581597568205e+03
3.570489799696031810e+02 5.753372645957148961e+03
3.571390310944920543e+02 5.736000000000000000e+03
3.571480124715227475e+02 5.734276765325053020e+03
3.571566937987615802e+02 5.732612718651146679e+03
3.571653874633150849e+02 5.730947898682818050e+03
3.572437916353570699e+02 5.716005170388375518e+03
3.573232054124528076e+02 5.701000000000000000e+03
3.574026191895485454e+02 5.716005170388375518e+03
3.574810233615905304e+02 5.730947898682818050e+03
3.574897170261440351e+02 5.732612718651146679e+03
3.574983983533828678e+02 5.734276765325053020e+03
3.575073797304135610e+02 5.736000000000000000e+03
3.575974308553024343e+02 5.753372645957148961e+03
3.576348754538033177e+02 5.760647581597568205e+03
3.576687098995376459e+02 5.767247208179240261e+03
3.576878926966347194e+02 5.771000000000000000e+03
3.577272787031514554e+02 5.778745214811430742e+03
3.577311763730021994e+02 5.779515157886744419e+03
3.577532002093194592e+02 5.783877590861345197e+03
3.577963177680807689e+02 5.792477131407868910e+03
3.578248422006317924e+02 5.798209559798375267e+03
3.578943423151260390e+02 5.812324404815953130e+03
3.579365471367133864e+02 5.821000000000000000e+03
3.579947221712977807e+02 5.833090747999037376e+03
3.580022348207760956e+02 5.834663479482633193e+03
3.580059816169979285e+02 5.835448831251936099e+03
3.580078526394209462e+02 5.835841254024722730e+03
3.580097220804885296e+02 5.836233508201259610e+03
3.580175270849523486e+02 5.837872951980803009e+03
3.580214192594830820e+02 5.838691570176271853e+03
3.580233627721053722e+02 5.839100603783760562e+03
3.580243338856633954e+02 5.839305051769019883e+03
3.580253045710630886e+02 5.839509453895870138e+03
3.580454239900028597e+02 5.843756106197040936e+03
3.580514119988882271e+02 5.845023708057446129e+03
3.581066677690279221e+02 5.856801948922146948e+03
3.581723648892591427e+02 5.871000000000000000e+03
3.582192117673127996e+02 5.881256383119759448e+03
3.582650268041855384e+02 5.891395956763047252e+03
3.583315815986798043e+02 5.906322774931001732e+03
3.583960029155362577e+02 5.921000000000000000e+03
3.584222898479627588e+02 5.927055336232162517e+03
3.584482276606797200e+02 5.933068701681323546e+03
3.584990808422613213e+02 5.944971253664713913e+03
3.585486115605841633e+02 5.956711063565764562e+03
3.585785777267391268e+02 5.963885586377381514e+03
3.586080673673806700e+02 5.971000000000000000e+03
3.586598763439167215e+02 5.984097967492593853e+03
3.587111272638609876e+02 5.997145694263439509e+03
3.587479863843099679e+02 6.006585953588864868e+03
3.587845590039019044e+02 6.016000000000000000e+03
3.588119842302726852e+02 6.023090516904660944e+03
3.588703677643327410e+02 6.038274581129143371e+03
3.589106966733782542e+02 6.048834999067952594e+03
3.589568744833915162e+02 6.061000000000000000e+03
3.589989642803166134e+02 6.072156670230864620e+03
3.590406685684364447e+02 6.083276379584152892e+03
3.590619344848150831e+02 6.088971767949280547e+03
3.590831007128709302e+02 6.094657484409988683e+03
3.591251366848900943e+02 6.106000000000000000e+03
3.591457376353969835e+02 6.111583532987353465e+03
3.591662439815382299e+02 6.117157741448922025e+03
3.592069752588189431e+02 6.128278278070941269e+03
3.592277426079913312e+02 6.133973282880642728e+03
3.592484127467114376e+02 6.139658554866933628e+03
3.592689863083097066e+02 6.145334118958759063e+03
3.592792370702493940e+02 6.148168268311272186e+03
3.592894639229699578e+02 6.151000000000000000e+03
3.593489199079245964e+02 6.168475816192898492e+03
3.594082735653408349e+02 6.186000000000000000e+03
3.594671987296530347e+02 6.203475292094711222e+03
3.595260300813326921e+02 6.221000000000000000e+03
3.595761180172900708e+02 6.235981114146495202e+03
3.596094523294959799e+02 6.245982315499501055e+03
3.596427587342734569e+02 6.256000000000000000e+03
3.596717193169905045e+02 6.264730751490902549e+03
3.597006603202891597e+02 6.273474316488087425e+03
3.597295818036638479e+02 6.282230723220483014e+03
3.597584838264800169e+02 6.291000000000000000e+03
3.597913390309568626e+02 6.300991482874092981e+03
3.598241707558222515e+02 6.311000000000000000e+03
3.598508852286429942e+02 6.319161558655203407e+03
3.598642369194521962e+02 6.323246641096669919e+03
3.598775849207668784e+02 6.327334596315524323e+03
3.598895420999516546e+02 6.331000000000000000e+03
3.599022401836721770e+02 6.334896038686511019e+03
3.599149350855169587e+02 6.338794716459812662e+03
3.599276268100912830e+02 6.342696036002298570e+03
3.599339714822982614e+02 6.344647687276229590e+03
3.599403153619129512e+02 6.346600000000000364e+03
3.599533586742248872e+02 6.351300000000000182e+03
3.599598727521604360e+02 6.353650000000000546e+03
3.599631278991830641e+02 6.354825000000000728e+03
3.599663817859015467e+02 6.356000000000000000e+03
3.599831430438790107e+02 6.363500000000000000e+03
3.599915084106813765e+02 6.367250000000000000e+03
3.599956872867253423e+02 6.369125000000000000e+03
3.599977757739293338e+02 6.370062500000000000e+03
3.599998636276432649e+02 6.371000000000000000e+03
