6.000000000000000000e+01 5.771000000000000000e+03
6.003938600651675017e+01 5.778745214811430742e+03
6.004328367636747998e+01 5.779515157886744419e+03
6.006530751268475399e+01 5.783877590861345197e+03
6.010842507144603530e+01 5.792477131407868910e+03
6.013694950399704453e+01 5.798209559798375267e+03
6.020644961849133381e+01 5.812324404815953130e+03
6.024865444007865989e+01 5.821000000000000000e+03
6.030682947466306132e+01 5.833090747999037376e+03
6.031434212414136908e+01 5.834663479482633193e+03
6.031808892036319492e+01 5.835448831251936099e+03
6.031995994278619833e+01 5.835841254024722730e+03
6.032182938385380311e+01 5.836233508201259610e+03
6.032963438831759362e+01 5.837872951980803009e+03
6.033352656284832705e+01 5.838691570176271853e+03
6.033547007547061725e+01 5.839100603783760562e+03
6.033644118902861209e+01 5.839305051769019883e+03
6.033741187442831233e+01 5.839509453895870138e+03
6.035753129336806211e+01 5.843756106197040936e+03
6.036351930225340823e+01 5.845023708057446129e+03
6.041877507239308898e+01 5.856801948922146948e+03
6.048447219262433805e+01 5.871000000000000000e+03
6.053131907067802331e+01 5.881256383119759448e+03
6.057713410755071948e+01 5.891395956763047252e+03
6.064368890204499252e+01 5.906322774931001732e+03
6.070811021890145298e+01 5.921000000000000000e+03
6.073439715132792571e+01 5.927055336232162517e+03
6.076033496404487266e+01 5.933068701681323546e+03
6.081118814562645269e+01 5.944971253664713913e+03
6.086071886394929464e+01 5.956711063565764562e+03
6.089068503010426525e+01 5.963885586377381514e+03
6.092017467074579429e+01 5.971000000000000000e+03
6.097198364728183861e+01 5.984097967492593853e+03
6.102323456722616157e+01 5.997145694263439509e+03
6.106009368767510637e+01 6.006585953588864868e+03
6.109666630726709968e+01 6.016000000000000000e+03
6.112409153363781655e+01 6.023090516904660944e+03
6.118247506769786526e+01 6.038274581129143371e+03
6.122280397674339270e+01 6.048834999067952594e+03
6.126898178675662621e+01 6.061000000000000000e+03
6.131107158368169507e+01 6.072156670230864620e+03
6.135277587180155479e+01 6.083276379584152892e+03
6.137404178818021450e+01 6.088971767949280547e+03
6.139520801623604740e+01 6.094657484409988683e+03
6.143724398825522570e+01 6.106000000000000000e+03
6.145784493876212196e+01 6.111583532987353465e+03
6.147835128490338263e+01 6.117157741448922025e+03
6.151908256218402471e+01 6.128278278070941269e+03
6.153984991135642701e+01 6.133973282880642728e+03
6.156052005007656902e+01 6.139658554866933628e+03
6.158109361167485218e+01 6.145334118958759063e+03
6.159134437361456804e+01 6.148168268311272186e+03
6.160157122633511051e+01 6.151000000000000000e+03
6.166102721128974906e+01 6.168475816192898492e+03
6.172038086870595919e+01 6.186000000000000000e+03
6.177930603301820867e+01 6.203475292094711222e+03
6.183813738469785193e+01 6.221000000000000000e+03
6.188822532065522353e+01 6.235981114146495202e+03
6.192155963286111842e+01 6.245982315499501055e+03
6.195486603763859534e+01 6.256000000000000000e+03
6.198382662035564294e+01 6.264730751490902549e+03
6.201276762365431239e+01 6.273474316488087425e+03
6.204168910702898643e+01 6.282230723220483014e+03
6.207059112984514826e+01 6.291000000000000000e+03
6.210344633432198691e+01 6.300991482874092981e+03
6.213627805918736868e+01 6.311000000000000000e+03
6.216299253200811847e+01 6.319161558655203407e+03
6.217634422281733464e+01 6.323246641096669919e+03
6.218969222413198139e+01 6.327334596315524323e+03
6.220164940331677172e+01 6.331000000000000000e+03
6.221434748703730122e+01 6.334896038686511019e+03
6.222704238888205452e+01 6.338794716459812662e+03
6.223973411345638596e+01 6.342696036002298570e+03
6.224607878566333596e+01 6.344647687276229590e+03
6.225242266527803991e+01 6.346600000000000364e+03
6.226546597758999013e+01 6.351300000000000182e+03
6.227198005552553894e+01 6.353650000000000546e+03
6.227523520254815992e+01 6.354825000000000728e+03
6.227848908926668514e+01 6.356000000000000000e+03
6.229525034724417765e+01 6.363500000000000000e+03
6.230361571404653631e+01 6.367250000000000000e+03
6.230779459009053767e+01 6.369125000000000000e+03
6.230988307729453624e+01 6.370062500000000000e+03
6.231197093100845308e+01 6.371000000000000000e+03
6.231405878472236992e+01 6.370062500000000000e+03
6.231614727192637559e+01 6.369125000000000000e+03
6.232032614797036985e+01 6.367250000000000000e+03
6.232869151477272851e+01 6.363500000000000000e+03
6.234545277275022102e+01 6.356000000000000000e+03
6.234870665946875334e+01 6.354825000000000728e+03
6.235196180649137432e+01 6.353650000000000546e+03
6.235847588442691602e+01 6.351300000000000182e+03
6.237151919673887335e+01 6.346600000000000364e+03
6.237786307635357019e+01 6.344647687276229590e+03
6.238420774856052731e+01 6.342696036002298570e+03
6.239689947313485874e+01 6.338794716459812662e+03
6.240959437497961204e+01 6.334896038686511019e+03
6.242229245870014154e+01 6.331000000000000000e+03
6.243424963788492477e+01 6.327334596315524323e+03
6.244759763919957862e+01 6.323246641096669919e+03
6.246094933000879479e+01 6.319161558655203407e+03
6.248766380282954458e+01 6.311000000000000000e+03
6.252049552769491925e+01 6.300991482874092981e+03
6.255335073217176500e+01 6.291000000000000000e+03
6.258225275498791973e+01 6.282230723220483014e+03
6.261117423836260087e+01 6.273474316488087425e+03
6.264011524166127032e+01 6.264730751490902549e+03
6.266907582437831792e+01 6.256000000000000000e+03
6.270238222915578774e+01 6.245982315499501055e+03
6.273571654136168263e+01 6.235981114146495202e+03
6.278580447731906133e+01 6.221000000000000000e+03
6.284463582899870460e+01 6.203475292094711222e+03
6.290356099331095407e+01 6.186000000000000000e+03
6.296291465072716420e+01 6.168475816192898492e+03
6.302237063568179565e+01 6.151000000000000000e+03
6.303259748840233812e+01 6.148168268311272186e+03
6.304284825034206108e+01 6.145334118958759063e+03
6.306342181194034424e+01 6.139658554866933628e+03
6.308409195066048625e+01 6.133973282880642728e+03
6.310485929983288145e+01 6.128278278070941269e+03
6.314559057711352352e+01 6.117157741448922025e+03
6.316609692325478420e+01 6.111583532987353465e+03
6.318669787376168046e+01 6.106000000000000000e+03
6.322873384578086586e+01 6.094657484409988683e+03
6.324990007383669877e+01 6.088971767949280547e+03
6.327116599021535137e+01 6.083276379584152892e+03
6.331287027833521819e+01 6.072156670230864620e+03
6.335496007526027995e+01 6.061000000000000000e+03
6.340113788527351346e+01 6.048834999067952594e+03
6.344146679431904090e+01 6.038274581129143371e+03
6.349985032837908960e+01 6.023090516904660944e+03
6.352727555474980647e+01 6.016000000000000000e+03
6.356384817434180690e+01 6.006585953588864868e+03
6.360070729479075169e+01 5.997145694263439509e+03
6.365195821473506754e+01 5.984097967492593853e+03
6.370376719127111187e+01 5.971000000000000000e+03
6.373325683191264801e+01 5.963885586377381514e+03
6.376322299806761862e+01 5.956711063565764562e+03
6.381275371639045346e+01 5.944971253664713913e+03
6.386360689797203349e+01 5.933068701681323546e+03
6.388954471068898044e+01 5.927055336232162517e+03
6.391583164311546028e+01 5.921000000000000000e+03
6.398025295997191364e+01 5.906322774931001732e+03
6.404680775446618668e+01 5.891395956763047252e+03
6.409262279133888285e+01 5.881256383119759448e+03
6.413946966939256811e+01 5.871000000000000000e+03
6.420516678962381718e+01 5.856801948922146948e+03
6.426042255976349793e+01 5.845023708057446129e+03
6.426641056864885115e+01 5.843756106197040936e+03
6.428652998758859383e+01 5.839509453895870138e+03
6.428750067298830118e+01 5.839305051769019883e+03
6.428847178654629602e+01 5.839100603783760562e+03
6.429041529916858622e+01 5.838691570176271853e+03
6.429430747369931964e+01 5.837872951980803009e+03
6.430211247816311015e+01 5.836233508201259610e+03
6.430398191923070783e+01 5.835841254024722730e+03
6.430585294165371124e+01 5.835448831251936099e+03
6.430959973787554418e+01 5.834663479482633193e+03
6.431711238735384484e+01 5.833090747999037376e+03
6.437528742193825337e+01 5.821000000000000000e+03
6.441749224352557235e+01 5.812324404815953130e+03
6.448699235801986163e+01 5.798209559798375267e+03
6.451551679057087085e+01 5.792477131407868910e+03
6.455863434933215217e+01 5.783877590861345197e+03
6.458065818564942617e+01 5.779515157886744419e+03
6.458455585550015599e+01 5.778745214811430742e+03
6.462394186201690616e+01 5.771000000000000000e+03
6.464312465911396544e+01 5.767247208179240261e+03
6.467695910484835053e+01 5.760647581597568205e+03
6.471440370334924808e+01 5.753372645957148961e+03
6.480445482823807879e+01 5.736000000000000000e+03
6.481343620526878624e+01 5.734276765325053020e+03
6.482211753250760466e+01 5.732612718651146679e+03
6.483081119706112361e+01 5.730947898682818050e+03
6.490921536910305178e+01 5.716005170388375518e+03
6.498862914619880371e+01 5.701000000000000000e+03
6.506804292329454142e+01 5.716005170388375518e+03
6.514644709533648381e+01 5.730947898682818050e+03
6.515514075989000276e+01 5.732612718651146679e+03
6.516382208712882118e+01 5.734276765325053020e+03
6.517280346415952863e+01 5.736000000000000000e+03
6.526285458904835934e+01 5.753372645957148961e+03
6.530029918754925689e+01 5.760647581597568205e+03
6.533413363328362777e+01 5.767247208179240261e+03
6.535331643038070126e+01 5.771000000000000000e+03
6.539270243689743722e+01 5.778745214811430742e+03
6.539660010674816704e+01 5.779515157886744419e+03
6.541862394306544104e+01 5.783877590861345197e+03
6.546174150182672236e+01 5.792477131407868910e+03
6.549026593437773158e+01 5.798209559798375267e+03
6.555976604887203507e+01 5.812324404815953130e+03
6.560197087045935405e+01 5.821000000000000000e+03
6.566014590504376258e+01 5.833090747999037376e+03
6.566765855452206324e+01 5.834663479482633193e+03
6.567140535074389618e+01 5.835448831251936099e+03
6.567327637316689959e+01 5.835841254024722730e+03
6.567514581423449727e+01 5.836233508201259610e+03
6.568295081869828778e+01 5.837872951980803009e+03
6.568684299322902120e+01 5.838691570176271853e+03
6.568878650585131140e+01 5.839100603783760562e+03
6.568975761940930624e+01 5.839305051769019883e+03
6.569072830480899938e+01 5.839509453895870138e+03
6.571084772374875627e+01 5.843756106197040936e+03
6.571683573263409528e+01 5.845023708057446129e+03
6.577209150277379024e+01 5.856801948922146948e+03
6.583778862300503931e+01 5.871000000000000000e+03
6.588463550105871036e+01 5.881256383119759448e+03
6.593045053793142074e+01 5.891395956763047252e+03
6.599700533242568667e+01 5.906322774931001732e+03
6.606142664928214003e+01 5.921000000000000000e+03
6.608771358170862698e+01 5.927055336232162517e+03
6.611365139442557393e+01 5.933068701681323546e+03
6.616450457600714685e+01 5.944971253664713913e+03
6.621403529432998880e+01 5.956711063565764562e+03
6.624400146048495230e+01 5.963885586377381514e+03
6.627349110112649555e+01 5.971000000000000000e+03
6.632530007766253277e+01 5.984097967492593853e+03
6.637655099760685573e+01 5.997145694263439509e+03
6.641341011805579342e+01 6.006585953588864868e+03
6.644998273764780095e+01 6.016000000000000000e+03
6.647740796401851071e+01 6.023090516904660944e+03
6.653579149807856652e+01 6.038274581129143371e+03
6.657612040712409396e+01 6.048834999067952594e+03
6.662229821713732747e+01 6.061000000000000000e+03
6.666438801406238213e+01 6.072156670230864620e+03
6.670609230218225605e+01 6.083276379584152892e+03
6.672735821856090865e+01 6.088971767949280547e+03
6.674852444661674156e+01 6.094657484409988683e+03
6.679056041863591986e+01 6.106000000000000000e+03
6.681116136914282322e+01 6.111583532987353465e+03
6.683166771528408390e+01 6.117157741448922025e+03
6.687239899256472597e+01 6.128278278070941269e+03
6.689316634173712828e+01 6.133973282880642728e+03
6.691383648045726318e+01 6.139658554866933628e+03
6.693441004205554634e+01 6.145334118958759063e+03
6.694466080399526220e+01 6.148168268311272186e+03
6.695488765671581177e+01 6.151000000000000000e+03
6.701434364167043611e+01 6.168475816192898492e+03
6.707369729908666045e+01 6.186000000000000000e+03
6.713262246339890282e+01 6.203475292094711222e+03
6.719145381507854609e+01 6.221000000000000000e+03
6.724154175103592479e+01 6.235981114146495202e+03
6.727487606324181968e+01 6.245982315499501055e+03
6.730818246801929661e+01 6.256000000000000000e+03
6.733714305073634421e+01 6.264730751490902549e+03
6.736608405403501365e+01 6.273474316488087425e+03
6.739500553740968769e+01 6.282230723220483014e+03
6.742390756022584242e+01 6.291000000000000000e+03
6.745676276470268817e+01 6.300991482874092981e+03
6.748959448956806284e+01 6.311000000000000000e+03
6.751630896238881974e+01 6.319161558655203407e+03
6.752966065319802169e+01 6.323246641096669919e+03
6.754300865451267555e+01 6.327334596315524323e+03
6.755496583369746588e+01 6.331000000000000000e+03
6.756766391741800248e+01 6.334896038686511019e+03
6.758035881926274158e+01 6.338794716459812662e+03
6.759305054383708011e+01 6.342696036002298570e+03
6.759939521604403012e+01 6.344647687276229590e+03
6.760573909565873407e+01 6.346600000000000364e+03
6.761878240797068429e+01 6.351300000000000182e+03
6.762529648590623310e+01 6.353650000000000546e+03
6.762855163292886118e+01 6.354825000000000728e+03
6.763180551964738640e+01 6.356000000000000000e+03
6.764856677762487891e+01 6.363500000000000000e+03
6.765693214442723047e+01 6.367250000000000000e+03
6.766111102047122472e+01 6.369125000000000000e+03
6.766319950767523039e+01 6.370062500000000000e+03
6.766528736138914724e+01 6.371000000000000000e+03
6.766737521510306408e+01 6.370062500000000000e+03
6.766946370230706975e+01 6.369125000000000000e+03
6.767364257835106400e+01 6.367250000000000000e+03
6.768200794515342977e+01 6.363500000000000000e+03
6.769876920313092228e+01 6.356000000000000000e+03
6.770202308984944750e+01 6.354825000000000728e+03
6.770527823687206137e+01 6.353650000000000546e+03
6.771179231480761018e+01 6.351300000000000182e+03
6.772483562711956040e+01 6.346600000000000364e+03
6.773117950673426435e+01 6.344647687276229590e+03
6.773752417894121436e+01 6.342696036002298570e+03
6.775021590351555290e+01 6.338794716459812662e+03
6.776291080536030620e+01 6.334896038686511019e+03
6.777560888908082859e+01 6.331000000000000000e+03
6.778756606826561892e+01 6.327334596315524323e+03
6.780091406958027278e+01 6.323246641096669919e+03
6.781426576038948895e+01 6.319161558655203407e+03
6.784098023321023163e+01 6.311000000000000000e+03
6.787381195807560630e+01 6.300991482874092981e+03
6.790666716255245206e+01 6.291000000000000000e+03
6.793556918536860678e+01 6.282230723220483014e+03
6.796449066874329503e+01 6.273474316488087425e+03
6.799343167204196448e+01 6.264730751490902549e+03
6.802239225475901208e+01 6.256000000000000000e+03
6.805569865953648900e+01 6.245982315499501055e+03
6.808903297174238389e+01 6.235981114146495202e+03
6.813912090769974839e+01 6.221000000000000000e+03
6.819795225937939165e+01 6.203475292094711222e+03
6.825687742369164823e+01 6.186000000000000000e+03
6.831623108110785836e+01 6.168475816192898492e+03
6.837568706606249691e+01 6.151000000000000000e+03
6.838591391878303227e+01 6.148168268311272186e+03
6.839616468072274813e+01 6.145334118958759063e+03
6.841673824232103129e+01 6.139658554866933628e+03
6.843740838104118041e+01 6.133973282880642728e+03
6.845817573021356850e+01 6.128278278070941269e+03
6.849890700749421057e+01 6.117157741448922025e+03
6.851941335363548546e+01 6.111583532987353465e+03
6.854001430414237461e+01 6.106000000000000000e+03
6.858205027616155292e+01 6.094657484409988683e+03
6.860321650421738582e+01 6.088971767949280547e+03
6.862448242059605263e+01 6.083276379584152892e+03
6.866618670871591235e+01 6.072156670230864620e+03
6.870827650564098121e+01 6.061000000000000000e+03
6.875445431565420051e+01 6.048834999067952594e+03
6.879478322469972795e+01 6.038274581129143371e+03
6.885316675875978376e+01 6.023090516904660944e+03
6.888059198513050774e+01 6.016000000000000000e+03
6.891716460472250105e+01 6.006585953588864868e+03
6.895402372517143874e+01 5.997145694263439509e+03
6.900527464511576170e+01 5.984097967492593853e+03
6.905708362165179892e+01 5.971000000000000000e+03
6.908657326229334217e+01 5.963885586377381514e+03
6.911653942844830567e+01 5.956711063565764562e+03
6.916607014677114762e+01 5.944971253664713913e+03
6.921692332835273476e+01 5.933068701681323546e+03
6.924286114106966750e+01 5.927055336232162517e+03
6.926914807349615444e+01 5.921000000000000000e+03
6.933356939035260780e+01 5.906322774931001732e+03
6.940012418484687373e+01 5.891395956763047252e+03
6.944593922171958411e+01 5.881256383119759448e+03
6.949278609977325516e+01 5.871000000000000000e+03
6.955848322000451844e+01 5.856801948922146948e+03
6.961373899014419919e+01 5.845023708057446129e+03
6.961972699902953821e+01 5.843756106197040936e+03
6.963984641796929509e+01 5.839509453895870138e+03
6.964081710336898823e+01 5.839305051769019883e+03
6.964178821692698307e+01 5.839100603783760562e+03
6.964373172954927327e+01 5.838691570176271853e+03
6.964762390408000670e+01 5.837872951980803009e+03
6.965542890854379721e+01 5.836233508201259610e+03
6.965729834961140909e+01 5.835841254024722730e+03
6.965916937203439829e+01 5.835448831251936099e+03
6.966291616825623123e+01 5.834663479482633193e+03
6.967042881773454610e+01 5.833090747999037376e+03
6.972860385231894043e+01 5.821000000000000000e+03
6.977080867390627361e+01 5.812324404815953130e+03
6.984030878840056289e+01 5.798209559798375267e+03
6.986883322095157212e+01 5.792477131407868910e+03
6.991195077971285343e+01 5.783877590861345197e+03
6.993397461603012744e+01 5.779515157886744419e+03
6.993787228588085725e+01 5.778745214811430742e+03
6.997725829239760742e+01 5.771000000000000000e+03
6.999644108949466670e+01 5.767247208179240261e+03
7.003027553522903759e+01 5.760647581597568205e+03
7.006772013372993513e+01 5.753372645957148961e+03
7.015777125861876584e+01 5.736000000000000000e+03
7.016675263564947329e+01 5.734276765325053020e+03
7.017543396288829172e+01 5.732612718651146679e+03
7.018412762744181066e+01 5.730947898682818050e+03
7.026253179948375305e+01 5.716005170388375518e+03
7.034194557657949076e+01 5.701000000000000000e+03
7.036921315502200969e+01 5.696299767616116696e+03
7.039674479493390891e+01 5.691577756961269188e+03
7.045261456262048227e+01 5.682067792569701851e+03
7.054735770579083010e+01 5.666158182732464411e+03
7.057000481613185627e+01 5.662394951670154114e+03
7.057164538066886905e+01 5.662122929592526816e+03
7.057328685374608312e+01 5.661850836085401170e+03
7.057657252832268568e+01 5.661306434670083945e+03
7.058315481089442756e+01 5.660216773446381922e+03
7.058356440090845751e+01 5.660149010020322748e+03
7.058738237306378949e+01 5.659517593057181330e+03
7.059120525395613299e+01 5.658885791585033076e+03
7.059886577712485689e+01 5.657621033707950119e+03
7.061424611736822499e+01 5.655086888358275246e+03
7.064524597824137686e+01 5.650000000000000000e+03
7.077332577964438087e+01 5.629272204888298802e+03
7.086485977522735880e+01 5.614737222997924619e+03
7.095914584254576596e+01 5.600000000000000000e+03
7.098782231506342555e+01 5.595559138360928046e+03
7.101660245689751605e+01 5.591113821732636097e+03
7.107447595037021415e+01 5.582209796666496004e+03
7.119149145656187727e+01 5.564347990646462677e+03
7.129736567603926289e+01 5.548347817202922670e+03
7.135082539978351690e+01 5.540326122140537336e+03
7.140463803636241380e+01 5.532289969591510271e+03
7.151333583139394534e+01 5.516174135411034513e+03
7.156822812319948923e+01 5.508094375114532340e+03
7.162348743159667208e+01 5.500000000000000000e+03
7.174543382774419342e+01 5.482274596889916211e+03
7.180706744269801334e+01 5.473386772410306548e+03
7.186914762481480068e+01 5.464482135951820965e+03
7.198180235614272249e+01 5.448443906490607333e+03
7.203868491728167101e+01 5.440404303246951713e+03
7.209594243125272328e+01 5.432350994423984048e+03
7.221159708230426588e+01 5.416203119612529008e+03
7.227000185679176525e+01 5.408108483110237103e+03
7.232879669219794039e+01 5.400000000000000000e+03
7.245784775061916605e+01 5.382341283162184482e+03
7.258875979625440777e+01 5.364619688891984879e+03
7.283033528863498418e+01 5.332414195103907332e+03
7.284313447452353785e+01 5.330725577178969615e+03
7.307838000743748808e+01 5.300000000000000000e+03
7.332336972178404721e+01 5.268613070347176290e+03
7.357472041944302532e+01 5.237037856906376874e+03
7.387601229718288209e+01 5.200000000000000000e+03
7.403232022711901550e+01 5.181123188790137647e+03
7.419106327184432814e+01 5.162181835061464881e+03
7.435230017070703923e+01 5.143175607226947250e+03
7.451609170844372443e+01 5.124104171424285596e+03
7.452101364955336749e+01 5.123534711241189143e+03
7.452593791774219767e+01 5.122965192817484422e+03
7.453579344211907198e+01 5.121825981212500665e+03
7.454565829521310150e+01 5.120686536537831671e+03
7.455553249065897603e+01 5.119546858721945682e+03
7.456819864607861348e+01 5.118086171107819609e+03
7.458088019199465180e+01 5.116625100430052953e+03
7.459357715729939287e+01 5.115163646537939712e+03
7.460628957096304248e+01 5.113701809280693851e+03
7.463170513003154838e+01 5.110783377244053554e+03
7.465718256032447186e+01 5.107863416640710057e+03
7.469155261526184120e+01 5.103933093874856240e+03
7.472603562163520508e+01 5.100000000000000000e+03
7.472800827805970414e+01 5.099775307355141194e+03
7.474692169267814279e+01 5.097622666933323671e+03
7.476960838457782188e+01 5.095044541692768689e+03
7.479234329752191002e+01 5.092465273752032772e+03
7.483795842074911775e+01 5.087303306729801989e+03
7.488362532043976216e+01 5.082152863521321706e+03
7.492948709361644433e+01 5.076997862837097273e+03
7.497540306357095119e+01 5.071854175867099912e+03
7.502151529127925755e+01 5.066705947393367751e+03
7.502652230352173035e+01 5.066147985041328866e+03
7.503153163577411533e+01 5.065589969318183648e+03
7.504155726696852469e+01 5.064473777727936067e+03
7.505159219829229755e+01 5.063357372561343254e+03
7.506163644317231842e+01 5.062240753757101629e+03
7.508175292720008542e+01 5.060006874990323922e+03
7.510190682727578348e+01 5.057772140936690448e+03
7.514232730773025537e+01 5.053300105003316276e+03
7.518289875941545120e+01 5.048824642022135777e+03
7.526480194734568840e+01 5.039830148983069193e+03
7.534732427507947250e+01 5.030821798014501837e+03
7.548946738999124761e+01 5.015431166328467953e+03
7.556123347938438428e+01 5.007720659996419272e+03
7.563346887723807299e+01 5.000000000000000000e+03
7.578104493798817032e+01 4.984350466656896970e+03
7.593057400793803424e+01 4.968660727985812628e+03
7.623565566492078460e+01 4.937160013312628507e+03
7.641844571432507394e+01 4.918608118927849318e+03
7.660417064334222914e+01 4.900000000000000000e+03
7.698865039664056553e+01 4.862230287249800313e+03
7.738591343128970834e+01 4.824236259859541860e+03
7.741800456051264234e+01 4.821211725570394265e+03
7.745018089526047333e+01 4.818185765245956645e+03
7.751479063645881240e+01 4.812129562455151245e+03
7.764504873935943863e+01 4.800000000000000000e+03
7.768146262550327208e+01 4.796628177874657922e+03
7.771798412590626981e+01 4.793254645241781873e+03
7.788199744273789804e+01 4.778205745655412102e+03
7.796482331166433255e+01 4.770668521131959096e+03
7.804820318982378069e+01 4.763122760832113272e+03
7.824041650905977008e+01 4.745886131456858493e+03
7.843561508781280622e+01 4.728604880064525787e+03
7.873593231540147031e+01 4.702447642573829398e+03
7.875012813890629104e+01 4.701223933096043766e+03
7.876433978039909789e+01 4.700000000000000000e+03
7.910440358084355239e+01 4.671047855811226327e+03
7.945360003447956387e+01 4.641974078156351425e+03
7.969129807032061308e+01 4.622554150333280631e+03
7.997197864523739952e+01 4.600000000000000000e+03
8.019918802412362879e+01 4.582035357707135518e+03
8.023167604500049777e+01 4.579487693472211504e+03
8.026424251262638165e+01 4.576939121644680199e+03
8.032961206231065887e+01 4.571839253271146845e+03
8.046130666347346505e+01 4.561628604046322835e+03
8.072859194985610998e+01 4.541163546563089767e+03
8.075105727594831251e+01 4.539459058171074503e+03
8.077355963944663131e+01 4.537754164709254837e+03
8.102452143376788740e+01 4.518901882588699664e+03
8.128015541240009156e+01 4.500000000000000000e+03
8.131726448919978623e+01 4.497281034716017530e+03
8.135447283123249917e+01 4.494561065026764481e+03
8.165578141868260786e+01 4.472764117764656476e+03
8.196371475260315265e+01 4.450902561122331463e+03
8.260048937446239847e+01 4.406984467210255389e+03
8.270408303472032685e+01 4.400000000000000000e+03
8.291720108194840577e+01 4.385768783619147143e+03
8.313351847643082237e+01 4.371510725873732554e+03
8.368742482469477295e+01 4.335839642122849909e+03
8.426319694917027903e+01 4.300000000000000000e+03
8.505743349298090550e+01 4.252544907707078892e+03
8.543224015525626669e+01 4.230918457524750920e+03
8.570509904213510310e+01 4.215474635658658372e+03
8.598300701724751605e+01 4.200000000000000000e+03
8.655583899037576145e+01 4.168895314184890594e+03
8.715114993905548602e+01 4.137666949604132242e+03
8.717772076541893966e+01 4.136298565928655080e+03
8.753372463970359263e+01 4.118170185945573394e+03
8.789822411322172968e+01 4.100000000000000000e+03
8.865512872613132345e+01 4.063495247384585582e+03
8.945125617414120711e+01 4.026822041401353090e+03
8.960078678859898105e+01 4.020124987488006354e+03
8.975178430778311167e+01 4.013422300691796409e+03
9.005829683023503662e+01 4.000000000000000000e+03
9.017058968760908044e+01 3.995143612901741562e+03
9.028370794083178907e+01 3.990284269093446710e+03
9.071273378802170839e+01 3.972149362520172872e+03
9.115407678739101982e+01 3.953973216789043363e+03
9.121052453925830150e+01 3.951683009119788494e+03
9.126718064107265604e+01 3.949392145892666576e+03
9.138112426984888259e+01 3.944808451638598854e+03
9.166233156193722209e+01 3.933629798901071808e+03
9.194879805955537222e+01 3.922435527900394845e+03
9.224073322980491696e+01 3.911225605882083528e+03
9.253836091060583158e+01 3.900000000000000000e+03
9.315113144126034683e+01 3.877521237213616132e+03
9.378976666757091607e+01 3.854979169015443404e+03
9.515497272964056208e+01 3.809704043666336020e+03
9.530849012284988930e+01 3.804853485772945078e+03
9.546362651341880223e+01 3.800000000000000000e+03
9.597212565977847021e+01 3.784427856473555948e+03
9.649910241521777721e+01 3.768825250797792251e+03
9.761519951895948566e+01 3.737528294758099491e+03
9.907663053482477267e+01 3.700000000000000000e+03
1.004435928267317308e+02 3.668280721280808848e+03
1.013410402584596568e+02 3.649163394452884859e+03
1.023095475817489159e+02 3.630000000000000000e+03
1.031208025460505411e+02 3.614999772910571210e+03
1.035445256589331109e+02 3.607499829684217730e+03
1.039816683236429640e+02 3.600000000000000000e+03
1.054346461284587519e+02 3.576775986262010065e+03
1.062291090233637476e+02 3.565164474887929828e+03
1.070807583734202808e+02 3.553553293824999400e+03
1.093467524916179912e+02 3.526775768576072096e+03
1.123810062702065835e+02 3.500000000000000000e+03
1.136113762072612303e+02 3.492023793463924903e+03
1.163877167390982095e+02 3.480000000000000000e+03
1.191640572709352028e+02 3.492023793463924903e+03
1.203944272079898354e+02 3.500000000000000000e+03
1.234286809865784278e+02 3.526775768576072096e+03
1.256946751047761381e+02 3.553553293824999400e+03
1.265463244548326713e+02 3.565164474887929828e+03
1.273407873497376528e+02 3.576775986262010065e+03
1.287937651545534550e+02 3.600000000000000000e+03
1.292309078192633081e+02 3.607499829684217730e+03
1.296546309321458637e+02 3.614999772910571210e+03
1.304658858964475030e+02 3.630000000000000000e+03
1.314343932197367621e+02 3.649163394452884859e+03
1.323318406514646881e+02 3.668280721280808848e+03
1.336988029433716179e+02 3.700000000000000000e+03
1.351602339592369333e+02 3.737528294758099491e+03
1.362763310629786133e+02 3.768825250797792251e+03
1.368033078184179487e+02 3.784427856473555948e+03
1.373118069647776167e+02 3.800000000000000000e+03
1.374669433553465296e+02 3.804853485772945078e+03
1.376204607485558427e+02 3.809704043666336020e+03
1.389856668106255029e+02 3.854979169015443404e+03
1.396243020369360579e+02 3.877521237213616132e+03
1.402370725675905874e+02 3.900000000000000000e+03
1.405347002483914878e+02 3.911225605882083528e+03
1.408266354186410467e+02 3.922435527900394845e+03
1.411131019162592111e+02 3.933629798901071808e+03
1.413943092083475221e+02 3.944808451638598854e+03
1.415082528371237629e+02 3.949392145892666576e+03
1.415649089389381174e+02 3.951683009119788494e+03
1.416213566908053849e+02 3.953973216789043363e+03
1.420626996901747248e+02 3.972149362520172872e+03
1.424917255373646299e+02 3.990284269093446710e+03
1.426048437905873243e+02 3.995143612901741562e+03
1.427171366479613823e+02 4.000000000000000000e+03
1.430236491704133073e+02 4.013422300691796409e+03
1.431746466895974663e+02 4.020124987488006354e+03
1.433241773040552403e+02 4.026822041401353090e+03
1.441203047520651239e+02 4.063495247384585582e+03
1.448772093649747035e+02 4.100000000000000000e+03
1.452417088384928547e+02 4.118170185945573394e+03
1.455977127127774793e+02 4.136298565928655080e+03
1.456242835391409471e+02 4.137666949604132242e+03
1.462195944878206717e+02 4.168895314184890594e+03
1.467924264609489171e+02 4.200000000000000000e+03
1.470703344360613301e+02 4.215474635658658372e+03
1.473431933229401807e+02 4.230918457524750920e+03
1.477179999852155277e+02 4.252544907707078892e+03
1.485122365290261541e+02 4.300000000000000000e+03
1.490880086535016744e+02 4.335839642122849909e+03
1.496419150017655966e+02 4.371510725873732554e+03
1.498582323962480132e+02 4.385768783619147143e+03
1.500713504434760921e+02 4.400000000000000000e+03
1.501749441037340489e+02 4.406984467210255389e+03
1.508117187255932663e+02 4.450902561122331463e+03
1.511196520595138395e+02 4.472764117764656476e+03
1.514209606469639198e+02 4.494561065026764481e+03
1.514581689889966469e+02 4.497281034716017530e+03
1.514952780657963558e+02 4.500000000000000000e+03
1.517509120444285600e+02 4.518901882588699664e+03
1.520018738387498161e+02 4.537754164709254837e+03
1.520243762022481349e+02 4.539459058171074503e+03
1.520468415283403374e+02 4.541163546563089767e+03
1.523141268147229539e+02 4.561628604046322835e+03
1.524458214158857743e+02 4.571839253271146845e+03
1.525111909655700515e+02 4.576939121644680199e+03
1.525437574331959354e+02 4.579487693472211504e+03
1.525762454540728186e+02 4.582035357707135518e+03
1.528034548329590052e+02 4.600000000000000000e+03
1.530841354078758059e+02 4.622554150333280631e+03
1.533218334437168551e+02 4.641974078156351425e+03
1.536710298973528950e+02 4.671047855811226327e+03
1.540110936977973211e+02 4.700000000000000000e+03
1.540253053392901279e+02 4.701223933096043766e+03
1.540395011627949771e+02 4.702447642573829398e+03
1.543398183903836127e+02 4.728604880064525787e+03
1.545350169691366773e+02 4.745886131456858493e+03
1.547272302883726525e+02 4.763122760832113272e+03
1.548106101665321148e+02 4.770668521131959096e+03
1.548934360354585351e+02 4.778205745655412102e+03
1.550574493522901776e+02 4.793254645241781873e+03
1.550939708526931611e+02 4.796628177874657922e+03
1.551303847388369945e+02 4.800000000000000000e+03
1.552606428417375923e+02 4.812129562455151245e+03
1.553252525829359456e+02 4.818185765245956645e+03
1.553574289176837624e+02 4.821211725570394265e+03
1.553895200469066822e+02 4.824236259859541860e+03
1.557867830815558250e+02 4.862230287249800313e+03
1.561712628348541898e+02 4.900000000000000000e+03
1.563569877638713592e+02 4.918608118927849318e+03
1.565397778132756343e+02 4.937160013312628507e+03
1.568448594702583705e+02 4.968660727985812628e+03
1.569943885402082628e+02 4.984350466656896970e+03
1.571419646009583744e+02 5.000000000000000000e+03
1.572141999988120347e+02 5.007720659996419272e+03
1.572859660882051855e+02 5.015431166328467953e+03
1.574281092031169464e+02 5.030821798014501837e+03
1.575106315308507305e+02 5.039830148983069193e+03
1.575925347187809678e+02 5.048824642022135777e+03
1.576331061704661636e+02 5.053300105003316276e+03
1.576735266509206213e+02 5.057772140936690448e+03
1.576936805509963619e+02 5.060006874990323922e+03
1.577137970350241005e+02 5.062240753757101629e+03
1.577238412799041214e+02 5.063357372561343254e+03
1.577338762112278800e+02 5.064473777727936067e+03
1.577439018424223036e+02 5.065589969318183648e+03
1.577489111746746744e+02 5.066147985041328866e+03
1.577539181869171614e+02 5.066705947393367751e+03
1.578000304146254678e+02 5.071854175867099912e+03
1.578459463845799746e+02 5.076997862837097273e+03
1.578918081577566568e+02 5.082152863521321706e+03
1.579374750574473012e+02 5.087303306729801989e+03
1.579830901806745089e+02 5.092465273752032772e+03
1.580058250936185686e+02 5.095044541692768689e+03
1.580285117855182762e+02 5.097622666933323671e+03
1.580474252001366722e+02 5.099775307355141194e+03
1.580493978565611997e+02 5.100000000000000000e+03
1.580838808629345635e+02 5.103933093874856240e+03
1.581182509178719329e+02 5.107863416640710057e+03
1.581437283481648421e+02 5.110783377244053554e+03
1.581691439072333480e+02 5.113701809280693851e+03
1.581818563208969977e+02 5.115163646537939712e+03
1.581945532862017387e+02 5.116625100430052953e+03
1.582072348321177628e+02 5.118086171107819609e+03
1.582199009875374145e+02 5.119546858721945682e+03
1.582297751829833032e+02 5.120686536537831671e+03
1.582396400360773328e+02 5.121825981212500665e+03
1.582494955604541929e+02 5.122965192817484422e+03
1.582544198286430230e+02 5.123534711241189143e+03
1.582593417697526661e+02 5.124104171424285596e+03
1.584231333074893655e+02 5.143175607226947250e+03
1.585843702063520482e+02 5.162181835061464881e+03
1.587431132510773750e+02 5.181123188790137647e+03
1.588994211810135084e+02 5.200000000000000000e+03
1.592007130587533652e+02 5.237037856906376874e+03
1.594520637564123149e+02 5.268613070347176290e+03
1.596970534707588740e+02 5.300000000000000000e+03
1.599322990036728243e+02 5.330725577178969615e+03
1.599450981895613779e+02 5.332414195103907332e+03
1.601866736819419543e+02 5.364619688891984879e+03
1.603175857275771818e+02 5.382341283162184482e+03
1.604466367859984359e+02 5.400000000000000000e+03
1.605054316214046253e+02 5.408108483110237103e+03
1.605638363958921104e+02 5.416203119612529008e+03
1.606794910469436388e+02 5.432350994423984048e+03
1.607367485609146911e+02 5.440404303246951713e+03
1.607936311220536254e+02 5.448443906490607333e+03
1.609062858533815756e+02 5.464482135951820965e+03
1.609683660354983488e+02 5.473386772410306548e+03
1.610299996504521687e+02 5.482274596889916211e+03
1.611519460465996758e+02 5.500000000000000000e+03
1.612072053549968587e+02 5.508094375114532340e+03
1.612620976468024310e+02 5.516174135411034513e+03
1.613707954418339341e+02 5.532289969591510271e+03
1.614246080784128594e+02 5.540326122140537336e+03
1.614780678021570850e+02 5.548347817202922670e+03
1.615839420216344706e+02 5.564347990646462677e+03
1.617009575278261480e+02 5.582209796666496004e+03
1.617588310212988461e+02 5.591113821732636097e+03
1.617876111631329081e+02 5.595559138360928046e+03
1.618162876356505819e+02 5.600000000000000000e+03
1.619105737029689749e+02 5.614737222997924619e+03
1.620021076985519812e+02 5.629272204888298802e+03
1.621301874999549568e+02 5.650000000000000000e+03
1.621611873608281371e+02 5.655086888358275246e+03
1.621765677010714910e+02 5.657621033707950119e+03
1.621842282242402007e+02 5.658885791585033076e+03
1.621880511051325584e+02 5.659517593057181330e+03
1.621918690772878904e+02 5.660149010020322748e+03
1.621922786673019345e+02 5.660216773446381922e+03
1.621988609498736764e+02 5.661306434670083945e+03
1.622021466244502790e+02 5.661850836085401170e+03
1.622037880975274788e+02 5.662122929592526816e+03
1.622054286620644916e+02 5.662394951670154114e+03
1.622280757724055320e+02 5.666158182732464411e+03
1.623228189155758798e+02 5.682067792569701851e+03
1.623786886832624532e+02 5.691577756961269188e+03
1.624062203231743524e+02 5.696299767616116696e+03
1.624334879016168429e+02 5.701000000000000000e+03
1.625129016787125806e+02 5.716005170388375518e+03
1.625913058507545372e+02 5.730947898682818050e+03
1.625999995153080704e+02 5.732612718651146679e+03
1.626086808425468746e+02 5.734276765325053020e+03
1.626176622195775963e+02 5.736000000000000000e+03
1.627077133444664128e+02 5.753372645957148961e+03
1.627451579429672961e+02 5.760647581597568205e+03
1.627789923887016812e+02 5.767247208179240261e+03
1.627981751857987547e+02 5.771000000000000000e+03
1.628375611923154906e+02 5.778745214811430742e+03
1.628414588621662347e+02 5.779515157886744419e+03
1.628634826984834945e+02 5.783877590861345197e+03
1.629066002572447758e+02 5.792477131407868910e+03
1.629351246897957708e+02 5.798209559798375267e+03
1.630046248042900743e+02 5.812324404815953130e+03
1.630468296258774217e+02 5.821000000000000000e+03
1.631050046604618160e+02 5.833090747999037376e+03
1.631125173099401309e+02 5.834663479482633193e+03
1.631162641061619638e+02 5.835448831251936099e+03
1.631181351285849530e+02 5.835841254024722730e+03
1.631200045696525649e+02 5.836233508201259610e+03
1.631278095741163554e+02 5.837872951980803009e+03
1.631317017486470888e+02 5.838691570176271853e+03
1.631336452612693506e+02 5.839100603783760562e+03
1.631346163748273739e+02 5.839305051769019883e+03
1.631355870602270670e+02 5.839509453895870138e+03
1.631557064791668097e+02 5.843756106197040936e+03
1.631616944880521487e+02 5.845023708057446129e+03
1.632169502581918437e+02 5.856801948922146948e+03
1.632826473784231212e+02 5.871000000000000000e+03
1.633294942564767780e+02 5.881256383119759448e+03
1.633753092933494884e+02 5.891395956763047252e+03
1.634418640878437543e+02 5.906322774931001732e+03
1.635062854047002361e+02 5.921000000000000000e+03
1.635325723371266804e+02 5.927055336232162517e+03
1.635585101498436416e+02 5.933068701681323546e+03
1.636093633314252429e+02 5.944971253664713913e+03
1.636588940497480849e+02 5.956711063565764562e+03
1.636888602159030484e+02 5.963885586377381514e+03
1.637183498565445632e+02 5.971000000000000000e+03
1.637701588330806146e+02 5.984097967492593853e+03
1.638214097530249092e+02 5.997145694263439509e+03
1.638582688734738895e+02 6.006585953588864868e+03
1.638948414930658828e+02 6.016000000000000000e+03
1.639222667194366068e+02 6.023090516904660944e+03
1.639806502534966341e+02 6.038274581129143371e+03
1.640209791625421474e+02 6.048834999067952594e+03
1.640671569725553809e+02 6.061000000000000000e+03
1.641092467694804498e+02 6.072156670230864620e+03
1.641509510576003095e+02 6.083276379584152892e+03
1.641722169739789479e+02 6.088971767949280547e+03
1.641933832020347950e+02 6.094657484409988683e+03
1.642354191740539591e+02 6.106000000000000000e+03
1.642560201245608482e+02 6.111583532987353465e+03
1.642765264707021515e+02 6.117157741448922025e+03
1.643172577479827794e+02 6.128278278070941269e+03
1.643380250971551959e+02 6.133973282880642728e+03
1.643586952358753024e+02 6.139658554866933628e+03
1.643792687974735998e+02 6.145334118958759063e+03
1.643895195594133156e+02 6.148168268311272186e+03
1.643997464121338794e+02 6.151000000000000000e+03
1.644592023970885180e+02 6.168475816192898492e+03
1.645185560545046997e+02 6.186000000000000000e+03
1.645774812188169562e+02 6.203475292094711222e+03
1.646363125704966137e+02 6.221000000000000000e+03
1.646864005064539924e+02 6.235981114146495202e+03
1.647197348186598731e+02 6.245982315499501055e+03
1.647530412234373500e+02 6.256000000000000000e+03
1.647820018061543976e+02 6.264730751490902549e+03
1.648109428094530813e+02 6.273474316488087425e+03
1.648398642928277411e+02 6.282230723220483014e+03
1.648687663156439100e+02 6.291000000000000000e+03
1.649016215201207558e+02 6.300991482874092981e+03
1.649344532449861163e+02 6.311000000000000000e+03
1.649611677178068589e+02 6.319161558655203407e+03
1.649745194086160893e+02 6.323246641096669919e+03
1.649878674099307432e+02 6.327334596315524323e+03
1.649998245891155193e+02 6.331000000000000000e+03
1.650125226728360417e+02 6.334896038686511019e+03
1.650252175746808234e+02 6.338794716459812662e+03
1.650379092992551477e+02 6.342696036002298570e+03
1.650442539714620978e+02 6.344647687276229590e+03
1.650505978510768159e+02 6.346600000000000364e+03
1.650636411633887519e+02 6.351300000000000182e+03
1.650701552413243007e+02 6.353650000000000546e+03
1.650734103883469288e+02 6.354825000000000728e+03
1.650766642750654682e+02 6.356000000000000000e+03
1.650934255330429323e+02 6.363500000000000000e+03
1.651017908998452981e+02 6.367250000000000000e+03
1.651059697758893208e+02 6.369125000000000000e+03
1.651080582630933122e+02 6.370062500000000000e+03
1.651101461168072433e+02 6.371000000000000000e+03
1.651122339705211743e+02 6.370062500000000000e+03
1.651143224577251658e+02 6.369125000000000000e+03
1.651185013337691601e+02 6.367250000000000000e+03
1.651268667005715258e+02 6.363500000000000000e+03
1.651436279585490183e+02 6.356000000000000000e+03
1.651468818452675578e+02 6.354825000000000728e+03
1.651501369922901858e+02 6.353650000000000546e+03
1.651566510702257347e+02 6.351300000000000182e+03
1.651696943825376707e+02 6.346600000000000364e+03
1.651760382621523604e+02 6.344647687276229590e+03
1.651823829343593388e+02 6.342696036002298570e+03
1.651950746589336632e+02 6.338794716459812662e+03
1.652077695607784165e+02 6.334896038686511019e+03
1.652204676444989389e+02 6.331000000000000000e+03
1.652324248236837434e+02 6.327334596315524323e+03
1.652457728249983688e+02 6.323246641096669919e+03
1.652591245158075992e+02 6.319161558655203407e+03
1.652858389886283419e+02 6.311000000000000000e+03
1.653186707134937308e+02 6.300991482874092981e+03
1.653515259179705765e+02 6.291000000000000000e+03
1.653804279407867170e+02 6.282230723220483014e+03
1.654093494241614053e+02 6.273474316488087425e+03
1.654382904274600605e+02 6.264730751490902549e+03
1.654672510101771081e+02 6.256000000000000000e+03
1.655005574149546135e+02 6.245982315499501055e+03
1.655338917271604942e+02 6.235981114146495202e+03
1.655839796631178729e+02 6.221000000000000000e+03
1.656428110147975303e+02 6.203475292094711222e+03
1.657017361791097869e+02 6.186000000000000000e+03
1.657610898365259686e+02 6.168475816192898492e+03
1.658205458214806072e+02 6.151000000000000000e+03
1.658307726742011710e+02 6.148168268311272186e+03
1.658410234361408584e+02 6.145334118958759063e+03
1.658615969977391558e+02 6.139658554866933628e+03
1.658822671364592907e+02 6.133973282880642728e+03
1.659030344856316788e+02 6.128278278070941269e+03
1.659437657629123350e+02 6.117157741448922025e+03
1.659642721090536099e+02 6.111583532987353465e+03
1.659848730595604991e+02 6.106000000000000000e+03
1.660269090315796916e+02 6.094657484409988683e+03
1.660480752596355103e+02 6.088971767949280547e+03
1.660693411760141771e+02 6.083276379584152892e+03
1.661110454641340368e+02 6.072156670230864620e+03
1.661531352610591057e+02 6.061000000000000000e+03
1.661993130710723108e+02 6.048834999067952594e+03
1.662396419801178524e+02 6.038274581129143371e+03
1.662980255141778798e+02 6.023090516904660944e+03
1.663254507405486038e+02 6.016000000000000000e+03
1.663620233601405971e+02 6.006585953588864868e+03
1.663988824805895490e+02 5.997145694263439509e+03
1.664501334005338720e+02 5.984097967492593853e+03
1.665019423770698950e+02 5.971000000000000000e+03
1.665314320177114382e+02 5.963885586377381514e+03
1.665613981838664017e+02 5.956711063565764562e+03
1.666109289021892437e+02 5.944971253664713913e+03
1.666617820837708450e+02 5.933068701681323546e+03
1.666877198964877778e+02 5.927055336232162517e+03
1.667140068289142505e+02 5.921000000000000000e+03
1.667784281457707038e+02 5.906322774931001732e+03
1.668449829402649698e+02 5.891395956763047252e+03
1.668907979771377086e+02 5.881256383119759448e+03
1.669376448551913654e+02 5.871000000000000000e+03
1.670033419754226429e+02 5.856801948922146948e+03
1.670585977455623095e+02 5.845023708057446129e+03
1.670645857544476485e+02 5.843756106197040936e+03
1.670847051733874196e+02 5.839509453895870138e+03
1.670856758587871127e+02 5.839305051769019883e+03
1.670866469723451075e+02 5.839100603783760562e+03
1.670885904849673977e+02 5.838691570176271853e+03
1.670924826594981312e+02 5.837872951980803009e+03
1.671002876639619217e+02 5.836233508201259610e+03
1.671021571050295051e+02 5.835841254024722730e+03
1.671040281274525228e+02 5.835448831251936099e+03
1.671077749236743557e+02 5.834663479482633193e+03
1.671152875731526706e+02 5.833090747999037376e+03
1.671734626077370649e+02 5.821000000000000000e+03
1.672156674293244123e+02 5.812324404815953130e+03
1.672851675438186874e+02 5.798209559798375267e+03
1.673136919763696824e+02 5.792477131407868910e+03
1.673568095351309921e+02 5.783877590861345197e+03
1.673788333714482519e+02 5.779515157886744419e+03
1.673827310412989959e+02 5.778745214811430742e+03
1.674221170478157319e+02 5.771000000000000000e+03
1.674412998449128054e+02 5.767247208179240261e+03
1.674751342906471621e+02 5.760647581597568205e+03
1.675125788891480738e+02 5.753372645957148961e+03
1.676026300140368903e+02 5.736000000000000000e+03
1.676116113910675836e+02 5.734276765325053020e+03
1.676202927183064162e+02 5.732612718651146679e+03
1.676289863828599209e+02 5.730947898682818050e+03
1.677073905549018775e+02 5.716005170388375518e+03
1.677868043319976152e+02 5.701000000000000000e+03
1.678140719104401342e+02 5.696299767616116696e+03
1.678416035503520334e+02 5.691577756961269188e+03
1.678974733180385783e+02 5.682067792569701851e+03
1.679922164612089546e+02 5.666158182732464411e+03
1.680148635715499950e+02 5.662394951670154114e+03
1.680165041360870077e+02 5.662122929592526816e+03
1.680181456091642076e+02 5.661850836085401170e+03
1.680214312837408102e+02 5.661306434670083945e+03
1.680280135663125520e+02 5.660216773446381922e+03
1.680284231563265962e+02 5.660149010020322748e+03
1.680322411284819282e+02 5.659517593057181330e+03
1.680360640093742575e+02 5.658885791585033076e+03
1.680437245325429672e+02 5.657621033707950119e+03
1.680591048727863495e+02 5.655086888358275246e+03
1.680901047336595298e+02 5.650000000000000000e+03
1.682181845350625053e+02 5.629272204888298802e+03
1.683097185306454833e+02 5.614737222997924619e+03
1.684040045979638762e+02 5.600000000000000000e+03
1.684326810704815500e+02 5.595559138360928046e+03
1.684614612123156405e+02 5.591113821732636097e+03
1.685193347057883386e+02 5.582209796666496004e+03
1.686363502119799875e+02 5.564347990646462677e+03
1.687422244314573732e+02 5.548347817202922670e+03
1.687956841552016272e+02 5.540326122140537336e+03
1.688494967917805241e+02 5.532289969591510271e+03
1.689581945868120556e+02 5.516174135411034513e+03
1.690130868786175995e+02 5.508094375114532340e+03
1.690683461870147823e+02 5.500000000000000000e+03
1.691902925831623179e+02 5.482274596889916211e+03
1.692519261981161378e+02 5.473386772410306548e+03
1.693140063802329109e+02 5.464482135951820965e+03
1.694266611115608328e+02 5.448443906490607333e+03
1.694835436726997955e+02 5.440404303246951713e+03
1.695408011866708193e+02 5.432350994423984048e+03
1.696564558377223761e+02 5.416203119612529008e+03
1.697148606122098613e+02 5.408108483110237103e+03
1.697736554476160222e+02 5.400000000000000000e+03
1.699027065060372763e+02 5.382341283162184482e+03
1.700336185516725322e+02 5.364619688891984879e+03
1.702751940440530802e+02 5.332414195103907332e+03
1.702879932299416623e+02 5.330725577178969615e+03
1.705232387628556125e+02 5.300000000000000000e+03
1.707682284772021717e+02 5.268613070347176290e+03
1.710195791748611214e+02 5.237037856906376874e+03
1.713208710526009781e+02 5.200000000000000000e+03
1.714771789825371116e+02 5.181123188790137647e+03
1.716359220272624100e+02 5.162181835061464881e+03
1.717971589261251211e+02 5.143175607226947250e+03
1.719609504638618205e+02 5.124104171424285596e+03
1.719658724049714351e+02 5.123534711241189143e+03
1.719707966731602937e+02 5.122965192817484422e+03
1.719806521975371538e+02 5.121825981212500665e+03
1.719905170506311833e+02 5.120686536537831671e+03
1.720003912460770721e+02 5.119546858721945682e+03
1.720130574014967237e+02 5.118086171107819609e+03
1.720257389474127194e+02 5.116625100430052953e+03
1.720384359127174889e+02 5.115163646537939712e+03
1.720511483263811101e+02 5.113701809280693851e+03
1.720765638854496160e+02 5.110783377244053554e+03
1.721020413157425537e+02 5.107863416640710057e+03
1.721364113706799230e+02 5.103933093874856240e+03
1.721708943770532869e+02 5.100000000000000000e+03
1.721728670334777860e+02 5.099775307355141194e+03
1.721917804480962104e+02 5.097622666933323671e+03
1.722144671399958895e+02 5.095044541692768689e+03
1.722372020529399776e+02 5.092465273752032772e+03
1.722828171761671570e+02 5.087303306729801989e+03
1.723284840758578298e+02 5.082152863521321706e+03
1.723743458490345120e+02 5.076997862837097273e+03
1.724202618189889904e+02 5.071854175867099912e+03
1.724663740466972968e+02 5.066705947393367751e+03
1.724713810589398122e+02 5.066147985041328866e+03
1.724763903911921830e+02 5.065589969318183648e+03
1.724864160223866065e+02 5.064473777727936067e+03
1.724964509537103652e+02 5.063357372561343254e+03
1.725064951985903576e+02 5.062240753757101629e+03
1.725266116826181246e+02 5.060006874990323922e+03
1.725467655826938369e+02 5.057772140936690448e+03
1.725871860631482946e+02 5.053300105003316276e+03
1.726277575148334904e+02 5.048824642022135777e+03
1.727096607027637560e+02 5.039830148983069193e+03
1.727921830304975117e+02 5.030821798014501837e+03
1.729343261454092726e+02 5.015431166328467953e+03
1.730060922348024235e+02 5.007720659996419272e+03
1.730783276326561122e+02 5.000000000000000000e+03
1.732259036934062237e+02 4.984350466656896970e+03
1.733754327633560877e+02 4.968660727985812628e+03
1.736805144203388522e+02 4.937160013312628507e+03
1.738633044697431274e+02 4.918608118927849318e+03
1.740490293987602968e+02 4.900000000000000000e+03
1.744335091520586332e+02 4.862230287249800313e+03
1.748307721867077760e+02 4.824236259859541860e+03
1.748628633159307242e+02 4.821211725570394265e+03
1.748950396506785410e+02 4.818185765245956645e+03
1.749596493918768942e+02 4.812129562455151245e+03
1.750899074947775205e+02 4.800000000000000000e+03
1.751263213809213539e+02 4.796628177874657922e+03
1.751628428813243659e+02 4.793254645241781873e+03
1.753268561981560083e+02 4.778205745655412102e+03
1.754096820670824286e+02 4.770668521131959096e+03
1.754930619452418341e+02 4.763122760832113272e+03
1.756852752644778661e+02 4.745886131456858493e+03
1.758804738432309023e+02 4.728604880064525787e+03
1.761807910708195664e+02 4.702447642573829398e+03
1.761949868943243871e+02 4.701223933096043766e+03
1.762091985358171939e+02 4.700000000000000000e+03
1.765492623362616200e+02 4.671047855811226327e+03
1.768984587898976315e+02 4.641974078156351425e+03
1.771361568257386807e+02 4.622554150333280631e+03
1.774168374006554814e+02 4.600000000000000000e+03
1.776440467795416964e+02 4.582035357707135518e+03
1.776765348004185512e+02 4.579487693472211504e+03
1.777091012680444351e+02 4.576939121644680199e+03
1.777744708177287123e+02 4.571839253271146845e+03
1.779061654188915327e+02 4.561628604046322835e+03
1.781734507052741492e+02 4.541163546563089767e+03
1.781959160313663233e+02 4.539459058171074503e+03
1.782184183948646421e+02 4.537754164709254837e+03
1.784693801891858698e+02 4.518901882588699664e+03
1.787250141678181024e+02 4.500000000000000000e+03
1.787621232446177828e+02 4.497281034716017530e+03
1.787993315866505100e+02 4.494561065026764481e+03
1.791006401741006187e+02 4.472764117764656476e+03
1.794085735080211634e+02 4.450902561122331463e+03
1.800453481298804093e+02 4.406984467210255389e+03
1.801489417901383376e+02 4.400000000000000000e+03
1.803620598373664166e+02 4.385768783619147143e+03
1.805783772318488332e+02 4.371510725873732554e+03
1.811322835801127837e+02 4.335839642122849909e+03
1.817080557045882756e+02 4.300000000000000000e+03
1.825022922483989305e+02 4.252544907707078892e+03
1.828770989106742491e+02 4.230918457524750920e+03
1.831499577975531281e+02 4.215474635658658372e+03
1.834278657726655410e+02 4.200000000000000000e+03
1.840006977457937865e+02 4.168895314184890594e+03
1.845960086944735110e+02 4.137666949604132242e+03
1.846225795208369789e+02 4.136298565928655080e+03
1.849785833951216318e+02 4.118170185945573394e+03
1.853430828686397831e+02 4.100000000000000000e+03
1.860999874815493627e+02 4.063495247384585582e+03
1.868961149295592463e+02 4.026822041401353090e+03
1.870456455440170203e+02 4.020124987488006354e+03
1.871966430632011793e+02 4.013422300691796409e+03
1.875031555856530758e+02 4.000000000000000000e+03
1.876154484430271339e+02 3.995143612901741562e+03
1.877285666962498567e+02 3.990284269093446710e+03
1.881575925434397618e+02 3.972149362520172872e+03
1.885989355428090732e+02 3.953973216789043363e+03
1.886553832946763691e+02 3.951683009119788494e+03
1.887120393964906953e+02 3.949392145892666576e+03
1.888259830252669360e+02 3.944808451638598854e+03
1.891071903173552755e+02 3.933629798901071808e+03
1.893936568149734399e+02 3.922435527900394845e+03
1.896855919852229988e+02 3.911225605882083528e+03
1.899832196660238992e+02 3.900000000000000000e+03
1.905959901966784287e+02 3.877521237213616132e+03
1.912346254229889837e+02 3.854979169015443404e+03
1.925998314850586155e+02 3.809704043666336020e+03
1.927533488782679569e+02 3.804853485772945078e+03
1.929084852688368699e+02 3.800000000000000000e+03
1.934169844151965378e+02 3.784427856473555948e+03
1.939439611706358448e+02 3.768825250797792251e+03
1.950600582743775533e+02 3.737528294758099491e+03
1.965214892902428403e+02 3.700000000000000000e+03
1.978884515821497985e+02 3.668280721280808848e+03
1.987858990138777244e+02 3.649163394452884859e+03
1.997544063371669552e+02 3.630000000000000000e+03
2.005656613014685945e+02 3.614999772910571210e+03
2.009893844143511501e+02 3.607499829684217730e+03
2.014265270790610316e+02 3.600000000000000000e+03
2.028795048838768196e+02 3.576775986262010065e+03
2.036739677787818152e+02 3.565164474887929828e+03
2.045256171288383484e+02 3.553553293824999400e+03
2.067916112470360588e+02 3.526775768576072096e+03
2.098258650256246653e+02 3.500000000000000000e+03
2.110562349626792980e+02 3.492023793463924903e+03
2.138325754945163055e+02 3.480000000000000000e+03
2.166089160263533131e+02 3.492023793463924903e+03
2.178392859634079457e+02 3.500000000000000000e+03
2.208735397419965523e+02 3.526775768576072096e+03
2.231395338601942626e+02 3.553553293824999400e+03
2.239911832102507958e+02 3.565164474887929828e+03
2.247856461051557915e+02 3.576775986262010065e+03
2.262386239099716079e+02 3.600000000000000000e+03
2.266757665746814610e+02 3.607499829684217730e+03
2.270994896875640165e+02 3.614999772910571210e+03
2.279107446518656559e+02 3.630000000000000000e+03
2.288792519751549150e+02 3.649163394452884859e+03
2.297766994068828410e+02 3.668280721280808848e+03
2.311436616987897992e+02 3.700000000000000000e+03
2.326050927146550862e+02 3.737528294758099491e+03
2.337211898183967946e+02 3.768825250797792251e+03
2.342481665738361016e+02 3.784427856473555948e+03
2.347566657201957696e+02 3.800000000000000000e+03
2.349118021107646825e+02 3.804853485772945078e+03
2.350653195039740240e+02 3.809704043666336020e+03
2.364305255660436558e+02 3.854979169015443404e+03
2.370691607923542108e+02 3.877521237213616132e+03
2.376819313230087687e+02 3.900000000000000000e+03
2.379795590038096407e+02 3.911225605882083528e+03
2.382714941740591996e+02 3.922435527900394845e+03
2.385579606716773640e+02 3.933629798901071808e+03
2.388391679637657035e+02 3.944808451638598854e+03
2.389531115925419442e+02 3.949392145892666576e+03
2.390097676943562988e+02 3.951683009119788494e+03
2.390662154462235662e+02 3.953973216789043363e+03
2.395075584455928777e+02 3.972149362520172872e+03
2.399365842927827828e+02 3.990284269093446710e+03
2.400497025460055056e+02 3.995143612901741562e+03
2.401619954033795636e+02 4.000000000000000000e+03
2.404685079258314602e+02 4.013422300691796409e+03
2.406195054450156192e+02 4.020124987488006354e+03
2.407690360594733932e+02 4.026822041401353090e+03
2.415651635074832768e+02 4.063495247384585582e+03
2.423220681203928564e+02 4.100000000000000000e+03
2.426865675939110076e+02 4.118170185945573394e+03
2.430425714681956606e+02 4.136298565928655080e+03
2.430691422945591285e+02 4.137666949604132242e+03
2.436644532432388530e+02 4.168895314184890594e+03
2.442372852163670984e+02 4.200000000000000000e+03
2.445151931914795114e+02 4.215474635658658372e+03
2.447880520783583620e+02 4.230918457524750920e+03
2.451628587406337090e+02 4.252544907707078892e+03
2.459570952844443639e+02 4.300000000000000000e+03
2.465328674089198557e+02 4.335839642122849909e+03
2.470867737571838063e+02 4.371510725873732554e+03
2.473030911516662513e+02 4.385768783619147143e+03
2.475162091988943018e+02 4.400000000000000000e+03
2.476198028591522302e+02 4.406984467210255389e+03
2.482565774810114760e+02 4.450902561122331463e+03
2.485645108149320208e+02 4.472764117764656476e+03
2.488658194023821295e+02 4.494561065026764481e+03
2.489030277444148567e+02 4.497281034716017530e+03
2.489401368212145371e+02 4.500000000000000000e+03
2.491957707998467697e+02 4.518901882588699664e+03
2.494467325941679974e+02 4.537754164709254837e+03
2.494692349576663162e+02 4.539459058171074503e+03
2.494917002837584903e+02 4.541163546563089767e+03
2.497589855701411352e+02 4.561628604046322835e+03
2.498906801713039272e+02 4.571839253271146845e+03
2.499560497209882044e+02 4.576939121644680199e+03
2.499886161886140883e+02 4.579487693472211504e+03
2.500211042094909430e+02 4.582035357707135518e+03
2.502483135883771581e+02 4.600000000000000000e+03
2.505289941632939588e+02 4.622554150333280631e+03
2.507666921991350080e+02 4.641974078156351425e+03
2.511158886527710195e+02 4.671047855811226327e+03
2.514559524532154455e+02 4.700000000000000000e+03
2.514701640947082524e+02 4.701223933096043766e+03
2.514843599182131015e+02 4.702447642573829398e+03
2.517846771458017372e+02 4.728604880064525787e+03
2.519798757245548018e+02 4.745886131456858493e+03
2.521720890437907769e+02 4.763122760832113272e+03
2.522554689219502393e+02 4.770668521131959096e+03
2.523382947908766312e+02 4.778205745655412102e+03
2.525023081077082736e+02 4.793254645241781873e+03
2.525388296081112856e+02 4.796628177874657922e+03
2.525752434942551190e+02 4.800000000000000000e+03
2.527055015971557452e+02 4.812129562455151245e+03
2.527701113383540985e+02 4.818185765245956645e+03
2.528022876731019437e+02 4.821211725570394265e+03
2.528343788023248635e+02 4.824236259859541860e+03
2.532316418369740063e+02 4.862230287249800313e+03
2.536161215902723427e+02 4.900000000000000000e+03
2.538018465192894837e+02 4.918608118927849318e+03
2.539846365686937872e+02 4.937160013312628507e+03
2.542897182256765518e+02 4.968660727985812628e+03
2.544392472956264157e+02 4.984350466656896970e+03
2.545868233563764989e+02 5.000000000000000000e+03
2.546590587542301876e+02 5.007720659996419272e+03
2.547308248436233384e+02 5.015431166328467953e+03
2.548729679585350993e+02 5.030821798014501837e+03
2.549554902862688834e+02 5.039830148983069193e+03
2.550373934741991206e+02 5.048824642022135777e+03
2.550779649258843165e+02 5.053300105003316276e+03
2.551183854063387741e+02 5.057772140936690448e+03
2.551385393064145148e+02 5.060006874990323922e+03
2.551586557904422534e+02 5.062240753757101629e+03
2.551687000353222743e+02 5.063357372561343254e+03
2.551787349666460329e+02 5.064473777727936067e+03
2.551887605978404565e+02 5.065589969318183648e+03
2.551937699300928273e+02 5.066147985041328866e+03
2.551987769423352859e+02 5.066705947393367751e+03
2.552448891700436207e+02 5.071854175867099912e+03
2.552908051399980991e+02 5.076997862837097273e+03
2.553366669131747813e+02 5.082152863521321706e+03
2.553823338128654541e+02 5.087303306729801989e+03
2.554279489360926334e+02 5.092465273752032772e+03
2.554506838490367500e+02 5.095044541692768689e+03
2.554733705409364291e+02 5.097622666933323671e+03
2.554922839555548535e+02 5.099775307355141194e+03
2.554942566119793810e+02 5.100000000000000000e+03
2.555287396183527164e+02 5.103933093874856240e+03
2.555631096732900858e+02 5.107863416640710057e+03
2.555885871035830235e+02 5.110783377244053554e+03
2.556140026626515009e+02 5.113701809280693851e+03
2.556267150763151506e+02 5.115163646537939712e+03
2.556394120416199200e+02 5.116625100430052953e+03
2.556520935875359442e+02 5.118086171107819609e+03
2.556647597429555958e+02 5.119546858721945682e+03
2.556746339384014561e+02 5.120686536537831671e+03
2.556844987914954856e+02 5.121825981212500665e+03
2.556943543158723458e+02 5.122965192817484422e+03
2.556992785840612044e+02 5.123534711241189143e+03
2.557042005251708190e+02 5.124104171424285596e+03
2.558679920629075184e+02 5.143175607226947250e+03
2.560292289617702295e+02 5.162181835061464881e+03
2.561879720064954995e+02 5.181123188790137647e+03
2.563442799364316897e+02 5.200000000000000000e+03
2.566455718141714897e+02 5.237037856906376874e+03
2.568969225118304962e+02 5.268613070347176290e+03
2.571419122261770553e+02 5.300000000000000000e+03
2.573771577590910056e+02 5.330725577178969615e+03
2.573899569449795308e+02 5.332414195103907332e+03
2.576315324373601356e+02 5.364619688891984879e+03
2.577624444829954200e+02 5.382341283162184482e+03
2.578914955414165888e+02 5.400000000000000000e+03
2.579502903768227497e+02 5.408108483110237103e+03
2.580086951513102917e+02 5.416203119612529008e+03
2.581243498023618486e+02 5.432350994423984048e+03
2.581816073163328724e+02 5.440404303246951713e+03
2.582384898774718067e+02 5.448443906490607333e+03
2.583511446087997001e+02 5.464482135951820965e+03
2.584132247909165017e+02 5.473386772410306548e+03
2.584748584058703500e+02 5.482274596889916211e+03
2.585968048020179140e+02 5.500000000000000000e+03
2.586520641104150400e+02 5.508094375114532340e+03
2.587069564022206123e+02 5.516174135411034513e+03
2.588156541972521154e+02 5.532289969591510271e+03
2.588694668338310407e+02 5.540326122140537336e+03
2.589229265575752947e+02 5.548347817202922670e+03
2.590288007770526519e+02 5.564347990646462677e+03
2.591458162832443577e+02 5.582209796666496004e+03
2.592036897767170558e+02 5.591113821732636097e+03
2.592324699185511463e+02 5.595559138360928046e+03
2.592611463910687917e+02 5.600000000000000000e+03
2.593554324583872130e+02 5.614737222997924619e+03
2.594469664539701625e+02 5.629272204888298802e+03
2.595750462553731950e+02 5.650000000000000000e+03
2.596060461162463753e+02 5.655086888358275246e+03
2.596214264564897007e+02 5.657621033707950119e+03
2.596290869796583820e+02 5.658885791585033076e+03
2.596329098605507397e+02 5.659517593057181330e+03
2.596367278327061285e+02 5.660149010020322748e+03
2.596371374227201159e+02 5.660216773446381922e+03
2.596437197052919146e+02 5.661306434670083945e+03
2.596470053798684603e+02 5.661850836085401170e+03
2.596486468529457170e+02 5.662122929592526816e+03
2.596502874174826729e+02 5.662394951670154114e+03
2.596729345278237133e+02 5.666158182732464411e+03
2.597676776709940896e+02 5.682067792569701851e+03
2.598235474386806345e+02 5.691577756961269188e+03
2.598510790785925337e+02 5.696299767616116696e+03
2.598783466570350811e+02 5.701000000000000000e+03
2.599577604341308188e+02 5.716005170388375518e+03
2.600361646061727470e+02 5.730947898682818050e+03
2.600448582707262517e+02 5.732612718651146679e+03
2.600535395979650275e+02 5.734276765325053020e+03
2.600625209749957776e+02 5.736000000000000000e+03
2.601525720998845941e+02 5.753372645957148961e+03
2.601900166983854774e+02 5.760647581597568205e+03
2.602238511441198625e+02 5.767247208179240261e+03
2.602430339412169360e+02 5.771000000000000000e+03
2.602824199477336720e+02 5.778745214811430742e+03
2.602863176175844160e+02 5.779515157886744419e+03
2.603083414539016758e+02 5.783877590861345197e+03
2.603514590126629855e+02 5.792477131407868910e+03
2.603799834452139521e+02 5.798209559798375267e+03
2.604494835597082556e+02 5.812324404815953130e+03
2.604916883812956030e+02 5.821000000000000000e+03
2.605498634158799405e+02 5.833090747999037376e+03
2.605573760653583122e+02 5.834663479482633193e+03
2.605611228615800883e+02 5.835448831251936099e+03
2.605629938840031059e+02 5.835841254024722730e+03
2.605648633250707462e+02 5.836233508201259610e+03
2.605726683295345083e+02 5.837872951980803009e+03
2.605765605040652417e+02 5.838691570176271853e+03
2.605785040166874751e+02 5.839100603783760562e+03
2.605794751302454983e+02 5.839305051769019883e+03
2.605804458156451915e+02 5.839509453895870138e+03
2.606005652345849626e+02 5.843756106197040936e+03
2.606065532434703300e+02 5.845023708057446129e+03
2.606618090136099681e+02 5.856801948922146948e+03
2.607275061338411888e+02 5.871000000000000000e+03
2.607743530118949025e+02 5.881256383119759448e+03
2.608201680487676413e+02 5.891395956763047252e+03
2.608867228432618504e+02 5.906322774931001732e+03
2.609511441601183606e+02 5.921000000000000000e+03
2.609774310925447480e+02 5.927055336232162517e+03
2.610033689052617092e+02 5.933068701681323546e+03
2.610542220868433105e+02 5.944971253664713913e+03
2.611037528051662093e+02 5.956711063565764562e+03
2.611337189713211728e+02 5.963885586377381514e+03
2.611632086119626592e+02 5.971000000000000000e+03
2.612150175884987107e+02 5.984097967492593853e+03
2.612662685084430336e+02 5.997145694263439509e+03
2.613031276288919571e+02 6.006585953588864868e+03
2.613397002484840073e+02 6.016000000000000000e+03
2.613671254748546744e+02 6.023090516904660944e+03
2.614255090089147870e+02 6.038274581129143371e+03
2.614658379179602434e+02 6.048834999067952594e+03
2.615120157279735054e+02 6.061000000000000000e+03
2.615541055248985458e+02 6.072156670230864620e+03
2.615958098130184908e+02 6.083276379584152892e+03
2.616170757293971292e+02 6.088971767949280547e+03
2.616382419574529195e+02 6.094657484409988683e+03
2.616802779294721404e+02 6.106000000000000000e+03
2.617008788799789727e+02 6.111583532987353465e+03
2.617213852261202760e+02 6.117157741448922025e+03
2.617621165034008754e+02 6.128278278070941269e+03
2.617828838525732635e+02 6.133973282880642728e+03
2.618035539912934837e+02 6.139658554866933628e+03
2.618241275528916958e+02 6.145334118958759063e+03
2.618343783148314401e+02 6.148168268311272186e+03
2.618446051675520039e+02 6.151000000000000000e+03
2.619040611525066424e+02 6.168475816192898492e+03
2.619634148099228241e+02 6.186000000000000000e+03
2.620223399742350807e+02 6.203475292094711222e+03
2.620811713259147382e+02 6.221000000000000000e+03
2.621312592618720601e+02 6.235981114146495202e+03
2.621645935740780260e+02 6.245982315499501055e+03
2.621978999788555029e+02 6.256000000000000000e+03
2.622268605615724937e+02 6.264730751490902549e+03
2.622558015648712058e+02 6.273474316488087425e+03
2.622847230482458372e+02 6.282230723220483014e+03
2.623136250710620061e+02 6.291000000000000000e+03
2.623464802755388519e+02 6.300991482874092981e+03
2.623793120004042407e+02 6.311000000000000000e+03
2.624060264732249834e+02 6.319161558655203407e+03
2.624193781640342422e+02 6.323246641096669919e+03
2.624327261653488677e+02 6.327334596315524323e+03
2.624446833445337006e+02 6.331000000000000000e+03
2.624573814282541662e+02 6.334896038686511019e+03
2.624700763300988910e+02 6.338794716459812662e+03
2.624827680546732154e+02 6.342696036002298570e+03
2.624891127268801938e+02 6.344647687276229590e+03
2.624954566064949404e+02 6.346600000000000364e+03
2.625084999188068196e+02 6.351300000000000182e+03
2.625150139967423684e+02 6.353650000000000546e+03
2.625182691437649964e+02 6.354825000000000728e+03
2.625215230304835359e+02 6.356000000000000000e+03
2.625382842884610568e+02 6.363500000000000000e+03
2.625466496552634226e+02 6.367250000000000000e+03
2.625508285313073884e+02 6.369125000000000000e+03
2.625529170185113799e+02 6.370062500000000000e+03
2.625550048722253109e+02 6.371000000000000000e+03
2.625570927259392420e+02 6.370062500000000000e+03
2.625591812131432334e+02 6.369125000000000000e+03
2.625633600891871993e+02 6.367250000000000000e+03
2.625717254559895650e+02 6.363500000000000000e+03
2.625884867139670860e+02 6.356000000000000000e+03
2.625917406006856254e+02 6.354825000000000728e+03
2.625949957477081966e+02 6.353650000000000546e+03
2.626015098256437454e+02 6.351300000000000182e+03
2.626145531379556814e+02 6.346600000000000364e+03
2.626208970175704280e+02 6.344647687276229590e+03
2.626272416897773496e+02 6.342696036002298570e+03
2.626399334143516739e+02 6.338794716459812662e+03
2.626526283161964557e+02 6.334896038686511019e+03
2.626653263999169212e+02 6.331000000000000000e+03
2.626772835791017542e+02 6.327334596315524323e+03
2.626906315804163796e+02 6.323246641096669919e+03
2.627039832712256384e+02 6.319161558655203407e+03
2.627306977440463243e+02 6.311000000000000000e+03
2.627635294689117700e+02 6.300991482874092981e+03
2.627963846733885589e+02 6.291000000000000000e+03
2.628252866962047278e+02 6.282230723220483014e+03
2.628542081795794161e+02 6.273474316488087425e+03
2.628831491828781282e+02 6.264730751490902549e+03
2.629121097655951189e+02 6.256000000000000000e+03
2.629454161703725958e+02 6.245982315499501055e+03
2.629787504825785049e+02 6.235981114146495202e+03
2.630288384185358836e+02 6.221000000000000000e+03
2.630876697702154843e+02 6.203475292094711222e+03
2.631465949345277977e+02 6.186000000000000000e+03
2.632059485919439794e+02 6.168475816192898492e+03
2.632654045768986180e+02 6.151000000000000000e+03
2.632756314296191249e+02 6.148168268311272186e+03
2.632858821915588692e+02 6.145334118958759063e+03
2.633064557531571381e+02 6.139658554866933628e+03
2.633271258918773015e+02 6.133973282880642728e+03
2.633478932410496895e+02 6.128278278070941269e+03
2.633886245183303458e+02 6.117157741448922025e+03
2.634091308644715923e+02 6.111583532987353465e+03
2.634297318149784815e+02 6.106000000000000000e+03
2.634717677869977024e+02 6.094657484409988683e+03
2.634929340150534927e+02 6.088971767949280547e+03
2.635141999314321311e+02 6.083276379584152892e+03
2.635559042195520192e+02 6.072156670230864620e+03
2.635979940164770596e+02 6.061000000000000000e+03
2.636441718264903216e+02 6.048834999067952594e+03
2.636845007355358348e+02 6.038274581129143371e+03
2.637428842695958906e+02 6.023090516904660944e+03
2.637703094959666146e+02 6.016000000000000000e+03
2.638068821155586079e+02 6.006585953588864868e+03
2.638437412360075314e+02 5.997145694263439509e+03
2.638949921559518543e+02 5.984097967492593853e+03
2.639468011324879626e+02 5.971000000000000000e+03
2.639762907731294490e+02 5.963885586377381514e+03
2.640062569392844125e+02 5.956711063565764562e+03
2.640557876576073113e+02 5.944971253664713913e+03
2.641066408391888558e+02 5.933068701681323546e+03
2.641325786519058170e+02 5.927055336232162517e+03
2.641588655843322613e+02 5.921000000000000000e+03
2.642232869011887715e+02 5.906322774931001732e+03
2.642898416956829806e+02 5.891395956763047252e+03
2.643356567325556625e+02 5.881256383119759448e+03
2.643825036106093762e+02 5.871000000000000000e+03
2.644482007308406537e+02 5.856801948922146948e+03
2.645034565009802918e+02 5.845023708057446129e+03
2.645094445098656593e+02 5.843756106197040936e+03
2.645295639288053735e+02 5.839509453895870138e+03
2.645305346142050666e+02 5.839305051769019883e+03
2.645315057277630899e+02 5.839100603783760562e+03
2.645334492403853801e+02 5.838691570176271853e+03
2.645373414149161135e+02 5.837872951980803009e+03
2.645451464193798756e+02 5.836233508201259610e+03
2.645470158604474591e+02 5.835841254024722730e+03
2.645488868828705336e+02 5.835448831251936099e+03
2.645526336790923096e+02 5.834663479482633193e+03
2.645601463285706245e+02 5.833090747999037376e+03
2.646183213631550188e+02 5.821000000000000000e+03
2.646605261847423662e+02 5.812324404815953130e+03
2.647300262992366697e+02 5.798209559798375267e+03
2.647585507317876363e+02 5.792477131407868910e+03
2.648016682905489461e+02 5.783877590861345197e+03
2.648236921268662059e+02 5.779515157886744419e+03
2.648275897967168930e+02 5.778745214811430742e+03
2.648669758032336858e+02 5.771000000000000000e+03
2.648861586003307593e+02 5.767247208179240261e+03
2.649199930460650876e+02 5.760647581597568205e+03
2.649574376445659709e+02 5.753372645957148961e+03
2.650474887694548443e+02 5.736000000000000000e+03
2.650564701464855375e+02 5.734276765325053020e+03
2.650651514737243701e+02 5.732612718651146679e+03
2.650738451382778749e+02 5.730947898682818050e+03
2.651522493103198030e+02 5.716005170388375518e+03
2.652316630874155408e+02 5.701000000000000000e+03
2.652589306658580881e+02 5.696299767616116696e+03
2.652864623057699873e+02 5.691577756961269188e+03
2.653423320734565323e+02 5.682067792569701851e+03
2.654370752166269085e+02 5.666158182732464411e+03
2.654597223269678921e+02 5.662394951670154114e+03
2.654613628915049048e+02 5.662122929592526816e+03
2.654630043645821047e+02 5.661850836085401170e+03
2.654662900391587073e+02 5.661306434670083945e+03
2.654728723217304491e+02 5.660216773446381922e+03
2.654732819117444933e+02 5.660149010020322748e+03
2.654770998838998253e+02 5.659517593057181330e+03
2.654809227647921830e+02 5.658885791585033076e+03
2.654885832879608643e+02 5.657621033707950119e+03
2.655039636282042466e+02 5.655086888358275246e+03
2.655349634890774269e+02 5.650000000000000000e+03
2.656630432904804593e+02 5.629272204888298802e+03
2.657545772860634088e+02 5.614737222997924619e+03
2.658488633533818302e+02 5.600000000000000000e+03
2.658775398258994755e+02 5.595559138360928046e+03
2.659063199677335660e+02 5.591113821732636097e+03
2.659641934612062641e+02 5.582209796666496004e+03
2.660812089673979131e+02 5.564347990646462677e+03
2.661870831868753271e+02 5.548347817202922670e+03
2.662405429106195811e+02 5.540326122140537336e+03
2.662943555471985064e+02 5.532289969591510271e+03
2.664030533422300095e+02 5.516174135411034513e+03
2.664579456340355250e+02 5.508094375114532340e+03
2.665132049424327079e+02 5.500000000000000000e+03
2.666351513385802718e+02 5.482274596889916211e+03
2.666967849535341202e+02 5.473386772410306548e+03
2.667588651356508649e+02 5.464482135951820965e+03
2.668715198669788151e+02 5.448443906490607333e+03
2.669284024281177494e+02 5.440404303246951713e+03
2.669856599420887733e+02 5.432350994423984048e+03
2.671013145931403301e+02 5.416203119612529008e+03
2.671597193676278152e+02 5.408108483110237103e+03
2.672185142030340330e+02 5.400000000000000000e+03
2.673475652614552018e+02 5.382341283162184482e+03
2.674784773070904293e+02 5.364619688891984879e+03
2.677200527994710910e+02 5.332414195103907332e+03
2.677328519853596163e+02 5.330725577178969615e+03
2.679680975182735665e+02 5.300000000000000000e+03
2.682130872326201256e+02 5.268613070347176290e+03
2.684644379302790753e+02 5.237037856906376874e+03
2.687657298080189321e+02 5.200000000000000000e+03
2.689220377379550655e+02 5.181123188790137647e+03
2.690807807826803923e+02 5.162181835061464881e+03
2.692420176815430750e+02 5.143175607226947250e+03
2.694058092192797744e+02 5.124104171424285596e+03
2.694107311603894459e+02 5.123534711241189143e+03
2.694156554285782477e+02 5.122965192817484422e+03
2.694255109529551646e+02 5.121825981212500665e+03
2.694353758060491373e+02 5.120686536537831671e+03
2.694452500014949692e+02 5.119546858721945682e+03
2.694579161569146208e+02 5.118086171107819609e+03
2.694705977028306734e+02 5.116625100430052953e+03
2.694832946681354429e+02 5.115163646537939712e+03
2.694960070817991209e+02 5.113701809280693851e+03
2.695214226408676268e+02 5.110783377244053554e+03
2.695469000711605077e+02 5.107863416640710057e+03
2.695812701260978770e+02 5.103933093874856240e+03
2.696157531324712409e+02 5.100000000000000000e+03
2.696177257888957683e+02 5.099775307355141194e+03
2.696366392035141644e+02 5.097622666933323671e+03
2.696593258954138719e+02 5.095044541692768689e+03
2.696820608083579600e+02 5.092465273752032772e+03
2.697276759315851677e+02 5.087303306729801989e+03
2.697733428312758406e+02 5.082152863521321706e+03
2.698192046044524659e+02 5.076997862837097273e+03
2.698651205744070012e+02 5.071854175867099912e+03
2.699112328021153075e+02 5.066705947393367751e+03
2.699162398143577661e+02 5.066147985041328866e+03
2.699212491466101937e+02 5.065589969318183648e+03
2.699312747778045605e+02 5.064473777727936067e+03
2.699413097091283475e+02 5.063357372561343254e+03
2.699513539540083684e+02 5.062240753757101629e+03
2.699714704380361354e+02 5.060006874990323922e+03
2.699916243381118193e+02 5.057772140936690448e+03
2.700320448185663054e+02 5.053300105003316276e+03
2.700726162702515012e+02 5.048824642022135777e+03
2.701545194581817100e+02 5.039830148983069193e+03
2.702370417859154941e+02 5.030821798014501837e+03
2.703791849008272834e+02 5.015431166328467953e+03
2.704509509902204059e+02 5.007720659996419272e+03
2.705231863880741230e+02 5.000000000000000000e+03
2.706707624488241777e+02 4.984350466656896970e+03
2.708202915187740700e+02 4.968660727985812628e+03
2.711253731757568062e+02 4.937160013312628507e+03
2.713081632251611381e+02 4.918608118927849318e+03
2.714938881541782507e+02 4.900000000000000000e+03
2.718783679074766155e+02 4.862230287249800313e+03
2.722756309421257583e+02 4.824236259859541860e+03
2.723077220713486781e+02 4.821211725570394265e+03
2.723398984060964949e+02 4.818185765245956645e+03
2.724045081472948482e+02 4.812129562455151245e+03
2.725347662501955028e+02 4.800000000000000000e+03
2.725711801363393079e+02 4.796628177874657922e+03
2.726077016367423766e+02 4.793254645241781873e+03
2.727717149535739622e+02 4.778205745655412102e+03
2.728545408225003825e+02 4.770668521131959096e+03
2.729379207006597881e+02 4.763122760832113272e+03
2.731301340198958201e+02 4.745886131456858493e+03
2.733253325986488562e+02 4.728604880064525787e+03
2.736256498262375203e+02 4.702447642573829398e+03
2.736398456497423695e+02 4.701223933096043766e+03
2.736540572912351763e+02 4.700000000000000000e+03
2.739941210916796308e+02 4.671047855811226327e+03
2.743433175453155854e+02 4.641974078156351425e+03
2.745810155811566347e+02 4.622554150333280631e+03
2.748616961560734353e+02 4.600000000000000000e+03
2.750889055349596219e+02 4.582035357707135518e+03
2.751213935558365620e+02 4.579487693472211504e+03
2.751539600234623890e+02 4.576939121644680199e+03
2.752193295731466947e+02 4.571839253271146845e+03
2.753510241743094866e+02 4.561628604046322835e+03
2.756183094606921031e+02 4.541163546563089767e+03
2.756407747867842772e+02 4.539459058171074503e+03
2.756632771502826245e+02 4.537754164709254837e+03
2.759142389446038806e+02 4.518901882588699664e+03
2.761698729232360847e+02 4.500000000000000000e+03
2.762069820000357367e+02 4.497281034716017530e+03
2.762441903420684639e+02 4.494561065026764481e+03
2.765454989295185442e+02 4.472764117764656476e+03
2.768534322634391174e+02 4.450902561122331463e+03
2.774902068852983348e+02 4.406984467210255389e+03
2.775938005455562916e+02 4.400000000000000000e+03
2.778069185927843705e+02 4.385768783619147143e+03
2.780232359872667871e+02 4.371510725873732554e+03
2.785771423355307661e+02 4.335839642122849909e+03
2.791529144600062864e+02 4.300000000000000000e+03
2.799471510038168844e+02 4.252544907707078892e+03
2.803219576660922030e+02 4.230918457524750920e+03
2.805948165529711105e+02 4.215474635658658372e+03
2.808727245280834950e+02 4.200000000000000000e+03
2.814455565012117404e+02 4.168895314184890594e+03
2.820408674498914934e+02 4.137666949604132242e+03
2.820674382762549612e+02 4.136298565928655080e+03
2.824234421505395858e+02 4.118170185945573394e+03
2.827879416240577370e+02 4.100000000000000000e+03
2.835448462369673166e+02 4.063495247384585582e+03
2.843409736849772003e+02 4.026822041401353090e+03
2.844905042994349742e+02 4.020124987488006354e+03
2.846415018186191332e+02 4.013422300691796409e+03
2.849480143410710298e+02 4.000000000000000000e+03
2.850603071984451162e+02 3.995143612901741562e+03
2.851734254516678106e+02 3.990284269093446710e+03
2.856024512988577158e+02 3.972149362520172872e+03
2.860437942982269988e+02 3.953973216789043363e+03
2.861002420500943231e+02 3.951683009119788494e+03
2.861568981519086492e+02 3.949392145892666576e+03
2.862708417806849184e+02 3.944808451638598854e+03
2.865520490727732295e+02 3.933629798901071808e+03
2.868385155703913938e+02 3.922435527900394845e+03
2.871304507406409812e+02 3.911225605882083528e+03
2.874280784214418532e+02 3.900000000000000000e+03
2.880408489520963826e+02 3.877521237213616132e+03
2.886794841784069376e+02 3.854979169015443404e+03
2.900446902404765979e+02 3.809704043666336020e+03
2.901982076336859677e+02 3.804853485772945078e+03
2.903533440242548522e+02 3.800000000000000000e+03
2.908618431706145202e+02 3.784427856473555948e+03
2.913888199260538840e+02 3.768825250797792251e+03
2.925049170297955925e+02 3.737528294758099491e+03
2.939663480456608795e+02 3.700000000000000000e+03
2.953333103375678093e+02 3.668280721280808848e+03
2.962307577692957921e+02 3.649163394452884859e+03
2.971992650925849944e+02 3.630000000000000000e+03
2.980105200568866053e+02 3.614999772910571210e+03
2.984342431697691609e+02 3.607499829684217730e+03
2.988713858344790424e+02 3.600000000000000000e+03
3.003243636392948019e+02 3.576775986262010065e+03
3.011188265341997976e+02 3.565164474887929828e+03
3.019704758842563024e+02 3.553553293824999400e+03
3.042364700024539843e+02 3.526775768576072096e+03
3.072707237810426477e+02 3.500000000000000000e+03
3.085010937180973087e+02 3.492023793463924903e+03
3.112774342499342310e+02 3.480000000000000000e+03
3.140537747817712670e+02 3.492023793463924903e+03
3.152841447188259281e+02 3.500000000000000000e+03
3.183183984974145346e+02 3.526775768576072096e+03
3.205843926156122166e+02 3.553553293824999400e+03
3.214360419656687213e+02 3.565164474887929828e+03
3.222305048605737170e+02 3.576775986262010065e+03
3.236834826653895334e+02 3.600000000000000000e+03
3.241206253300993581e+02 3.607499829684217730e+03
3.245443484429819136e+02 3.614999772910571210e+03
3.253556034072835246e+02 3.630000000000000000e+03
3.263241107305727837e+02 3.649163394452884859e+03
3.272215581623007097e+02 3.668280721280808848e+03
3.285885204542076963e+02 3.700000000000000000e+03
3.300499514700729833e+02 3.737528294758099491e+03
3.311660485738146917e+02 3.768825250797792251e+03
3.316930253292539987e+02 3.784427856473555948e+03
3.322015244756136667e+02 3.800000000000000000e+03
3.323566608661825512e+02 3.804853485772945078e+03
3.325101782593919211e+02 3.809704043666336020e+03
3.338753843214615813e+02 3.854979169015443404e+03
3.345140195477721932e+02 3.877521237213616132e+03
3.351267900784266658e+02 3.900000000000000000e+03
3.354244177592275946e+02 3.911225605882083528e+03
3.357163529294771251e+02 3.922435527900394845e+03
3.360028194270952895e+02 3.933629798901071808e+03
3.362840267191836006e+02 3.944808451638598854e+03
3.363979703479598129e+02 3.949392145892666576e+03
3.364546264497741959e+02 3.951683009119788494e+03
3.365110742016414633e+02 3.953973216789043363e+03
3.369524172010107463e+02 3.972149362520172872e+03
3.373814430482006514e+02 3.990284269093446710e+03
3.374945613014233459e+02 3.995143612901741562e+03
3.376068541587973755e+02 4.000000000000000000e+03
3.379133666812493288e+02 4.013422300691796409e+03
3.380643642004334311e+02 4.020124987488006354e+03
3.382138948148912050e+02 4.026822041401353090e+03
3.390100222629010887e+02 4.063495247384585582e+03
3.397669268758106682e+02 4.100000000000000000e+03
3.401314263493287626e+02 4.118170185945573394e+03
3.404874302236134440e+02 4.136298565928655080e+03
3.405140010499768550e+02 4.137666949604132242e+03
3.411093119986566080e+02 4.168895314184890594e+03
3.416821439717848534e+02 4.200000000000000000e+03
3.419600519468972379e+02 4.215474635658658372e+03
3.422329108337760317e+02 4.230918457524750920e+03
3.426077174960514071e+02 4.252544907707078892e+03
3.434019540398620620e+02 4.300000000000000000e+03
3.439777261643375255e+02 4.335839642122849909e+03
3.445316325126015045e+02 4.371510725873732554e+03
3.447479499070839211e+02 4.385768783619147143e+03
3.449610679543120000e+02 4.400000000000000000e+03
3.450646616145699568e+02 4.406984467210255389e+03
3.457014362364291742e+02 4.450902561122331463e+03
3.460093695703497474e+02 4.472764117764656476e+03
3.463106781577998277e+02 4.494561065026764481e+03
3.463478864998325548e+02 4.497281034716017530e+03
3.463849955766322637e+02 4.500000000000000000e+03
3.466406295552644679e+02 4.518901882588699664e+03
3.468915913495856671e+02 4.537754164709254837e+03
3.469140937130840143e+02 4.539459058171074503e+03
3.469365590391761884e+02 4.541163546563089767e+03
3.472038443255588618e+02 4.561628604046322835e+03
3.473355389267217106e+02 4.571839253271146845e+03
3.474009084764059594e+02 4.576939121644680199e+03
3.474334749440317864e+02 4.579487693472211504e+03
3.474659629649086696e+02 4.582035357707135518e+03
3.476931723437949131e+02 4.600000000000000000e+03
3.479738529187116569e+02 4.622554150333280631e+03
3.482115509545527061e+02 4.641974078156351425e+03
3.485607474081887176e+02 4.671047855811226327e+03
3.489008112086331721e+02 4.700000000000000000e+03
3.489150228501259789e+02 4.701223933096043766e+03
3.489292186736307713e+02 4.702447642573829398e+03
3.492295359012194922e+02 4.728604880064525787e+03
3.494247344799725283e+02 4.745886131456858493e+03
3.496169477992085035e+02 4.763122760832113272e+03
3.497003276773679659e+02 4.770668521131959096e+03
3.497831535462943862e+02 4.778205745655412102e+03
3.499471668631260286e+02 4.793254645241781873e+03
3.499836883635289837e+02 4.796628177874657922e+03
3.500201022496728456e+02 4.800000000000000000e+03
3.501503603525734434e+02 4.812129562455151245e+03
3.502149700937717967e+02 4.818185765245956645e+03
3.502471464285196134e+02 4.821211725570394265e+03
3.502792375577425332e+02 4.824236259859541860e+03
3.506765005923916760e+02 4.862230287249800313e+03
3.510609803456900408e+02 4.900000000000000000e+03
3.512467052747071534e+02 4.918608118927849318e+03
3.514294953241114285e+02 4.937160013312628507e+03
3.517345769810942215e+02 4.968660727985812628e+03
3.518841060510440570e+02 4.984350466656896970e+03
3.520316821117941686e+02 5.000000000000000000e+03
3.521039175096478289e+02 5.007720659996419272e+03
3.521756835990410082e+02 5.015431166328467953e+03
3.523178267139527406e+02 5.030821798014501837e+03
3.524003490416865247e+02 5.039830148983069193e+03
3.524822522296167335e+02 5.048824642022135777e+03
3.525228236813019294e+02 5.053300105003316276e+03
3.525632441617564155e+02 5.057772140936690448e+03
3.525833980618321561e+02 5.060006874990323922e+03
3.526035145458598663e+02 5.062240753757101629e+03
3.526135587907398872e+02 5.063357372561343254e+03
3.526235937220636742e+02 5.064473777727936067e+03
3.526336193532580978e+02 5.065589969318183648e+03
3.526386286855104686e+02 5.066147985041328866e+03
3.526436356977529272e+02 5.066705947393367751e+03
3.526897479254612904e+02 5.071854175867099912e+03
3.527356638954157688e+02 5.076997862837097273e+03
3.527815256685924510e+02 5.082152863521321706e+03
3.528271925682830670e+02 5.087303306729801989e+03
3.528728076915102747e+02 5.092465273752032772e+03
3.528955426044543628e+02 5.095044541692768689e+03
3.529182292963540704e+02 5.097622666933323671e+03
3.529371427109724664e+02 5.099775307355141194e+03
3.529391153673969939e+02 5.100000000000000000e+03
3.529735983737703577e+02 5.103933093874856240e+03
3.530079684287077271e+02 5.107863416640710057e+03
3.530334458590006648e+02 5.110783377244053554e+03
3.530588614180691707e+02 5.113701809280693851e+03
3.530715738317327919e+02 5.115163646537939712e+03
3.530842707970375045e+02 5.116625100430052953e+03
3.530969523429535570e+02 5.118086171107819609e+03
3.531096184983732087e+02 5.119546858721945682e+03
3.531194926938190974e+02 5.120686536537831671e+03
3.531293575469131270e+02 5.121825981212500665e+03
3.531392130712900439e+02 5.122965192817484422e+03
3.531441373394788457e+02 5.123534711241189143e+03
3.531490592805884603e+02 5.124104171424285596e+03
3.533128508183251597e+02 5.143175607226947250e+03
3.534740877171878992e+02 5.162181835061464881e+03
3.536328307619131692e+02 5.181123188790137647e+03
3.537891386918493026e+02 5.200000000000000000e+03
3.540904305695892162e+02 5.237037856906376874e+03
3.543417812672481659e+02 5.268613070347176290e+03
3.545867709815947251e+02 5.300000000000000000e+03
3.548220165145086753e+02 5.330725577178969615e+03
3.548348157003972574e+02 5.332414195103907332e+03
3.550763911927778054e+02 5.364619688891984879e+03
3.552073032384130897e+02 5.382341283162184482e+03
3.553363542968342585e+02 5.400000000000000000e+03
3.553951491322404763e+02 5.408108483110237103e+03
3.554535539067279615e+02 5.416203119612529008e+03
3.555692085577795183e+02 5.432350994423984048e+03
3.556264660717505421e+02 5.440404303246951713e+03
3.556833486328894764e+02 5.448443906490607333e+03
3.557960033642173698e+02 5.464482135951820965e+03
3.558580835463342282e+02 5.473386772410306548e+03
3.559197171612880197e+02 5.482274596889916211e+03
3.560416635574355269e+02 5.500000000000000000e+03
3.560969228658326529e+02 5.508094375114532340e+03
3.561518151576382252e+02 5.516174135411034513e+03
3.562605129526697851e+02 5.532289969591510271e+03
3.563143255892486536e+02 5.540326122140537336e+03
3.563677853129929076e+02 5.548347817202922670e+03
3.564736595324702648e+02 5.564347990646462677e+03
3.565906750386619137e+02 5.582209796666496004e+03
3.566485485321346118e+02 5.591113821732636097e+03
3.566773286739687023e+02 5.595559138360928046e+03
3.567060051464863477e+02 5.600000000000000000e+03
3.568002912138047122e+02 5.614737222997924619e+03
3.568918252093877186e+02 5.629272204888298802e+03
3.570199050107906942e+02 5.650000000000000000e+03
3.570509048716638176e+02 5.655086888358275246e+03
3.570662852119071999e+02 5.657621033707950119e+03
3.570739457350759380e+02 5.658885791585033076e+03
3.570777686159682958e+02 5.659517593057181330e+03
3.570815865881235709e+02 5.660149010020322748e+03
3.570819961781376151e+02 5.660216773446381922e+03
3.570885784607093569e+02 5.661306434670083945e+03
3.570918641352859595e+02 5.661850836085401170e+03
3.570935056083632162e+02 5.662122929592526816e+03
3.570951461729002290e+02 5.662394951670154114e+03
3.571177932832412694e+02 5.666158182732464411e+03
3.572125364264115888e+02 5.682067792569701851e+03
3.572684061940981337e+02 5.691577756961269188e+03
3.572959378340100329e+02 5.696299767616116696e+03
3.573232054124525803e+02 5.701000000000000000e+03
3.574026191895483180e+02 5.716005170388375518e+03
3.574810233615902462e+02 5.730947898682818050e+03
3.574897170261438077e+02 5.732612718651146679e+03
3.574983983533826404e+02 5.734276765325053020e+03
3.575073797304133336e+02 5.736000000000000000e+03
3.575974308553021501e+02 5.753372645957148961e+03
3.576348754538030335e+02 5.760647581597568205e+03
3.576687098995374186e+02 5.767247208179240261e+03
3.576878926966344920e+02 5.771000000000000000e+03
3.577272787031512280e+02 5.778745214811430742e+03
3.577311763730019152e+02 5.779515157886744419e+03
3.577532002093192318e+02 5.783877590861345197e+03
3.577963177680804847e+02 5.792477131407868910e+03
3.578248422006315081e+02 5.798209559798375267e+03
3.578943423151258116e+02 5.812324404815953130e+03
3.579365471367131022e+02 5.821000000000000000e+03
3.579947221712975534e+02 5.833090747999037376e+03
3.580022348207758682e+02 5.834663479482633193e+03
3.580059816169977012e+02 5.835448831251936099e+03
3.580078526394206619e+02 5.835841254024722730e+03
3.580097220804883023e+02 5.836233508201259610e+03
3.580175270849521212e+02 5.837872951980803009e+03
3.580214192594828546e+02 5.838691570176271853e+03
3.580233627721051448e+02 5.839100603783760562e+03
3.580243338856631681e+02 5.839305051769019883e+03
3.580253045710628612e+02 5.839509453895870138e+03
3.580454239900025755e+02 5.843756106197040936e+03
3.580514119988879429e+02 5.845023708057446129e+03
3.581066677690276379e+02 5.856801948922146948e+03
3.581723648892588585e+02 5.871000000000000000e+03
3.582192117673125722e+02 5.881256383119759448e+03
3.582650268041853110e+02 5.891395956763047252e+03
3.583315815986795769e+02 5.906322774931001732e+03
3.583960029155360303e+02 5.921000000000000000e+03
3.584222898479625314e+02 5.927055336232162517e+03
3.584482276606794926e+02 5.933068701681323546e+03
3.584990808422610371e+02 5.944971253664713913e+03
3.585486115605838791e+02 5.956711063565764562e+03
3.585785777267388994e+02 5.963885586377381514e+03
3.586080673673803858e+02 5.971000000000000000e+03
3.586598763439164372e+02 5.984097967492593853e+03
3.587111272638607602e+02 5.997145694263439509e+03
3.587479863843096837e+02 6.006585953588864868e+03
3.587845590039016770e+02 6.016000000000000000e+03
3.588119842302724010e+02 6.023090516904660944e+03
3.588703677643324568e+02 6.038274581129143371e+03
3.589106966733780268e+02 6.048834999067952594e+03
3.589568744833912888e+02 6.061000000000000000e+03
3.589989642803163292e+02 6.072156670230864620e+03
3.590406685684361605e+02 6.083276379584152892e+03
3.590619344848148558e+02 6.088971767949280547e+03
3.590831007128706460e+02 6.094657484409988683e+03
3.591251366848898101e+02 6.106000000000000000e+03
3.591457376353967561e+02 6.111583532987353465e+03
3.591662439815380026e+02 6.117157741448922025e+03
3.592069752588186589e+02 6.128278278070941269e+03
3.592277426079910470e+02 6.133973282880642728e+03
3.592484127467111534e+02 6.139658554866933628e+03
3.592689863083094792e+02 6.145334118958759063e+03
3.592792370702491667e+02 6.148168268311272186e+03
3.592894639229696736e+02 6.151000000000000000e+03
3.593489199079243122e+02 6.168475816192898492e+03
3.594082735653405507e+02 6.186000000000000000e+03
3.594671987296528073e+02 6.203475292094711222e+03
3.595260300813324648e+02 6.221000000000000000e+03
3.595761180172897866e+02 6.235981114146495202e+03
3.596094523294956957e+02 6.245982315499501055e+03
3.596427587342731726e+02 6.256000000000000000e+03
3.596717193169902771e+02 6.264730751490902549e+03
3.597006603202889323e+02 6.273474316488087425e+03
3.597295818036636206e+02 6.282230723220483014e+03
3.597584838264797895e+02 6.291000000000000000e+03
3.597913390309566353e+02 6.300991482874092981e+03
3.598241707558220241e+02 6.311000000000000000e+03
3.598508852286427100e+02 6.319161558655203407e+03
3.598642369194519119e+02 6.323246641096669919e+03
3.598775849207665942e+02 6.327334596315524323e+03
3.598895420999513703e+02 6.331000000000000000e+03
3.599022401836718927e+02 6.334896038686511019e+03
3.599149350855166745e+02 6.338794716459812662e+03
3.599276268100910556e+02 6.342696036002298570e+03
3.599339714822980341e+02 6.344647687276229590e+03
3.599403153619126670e+02 6.346600000000000364e+03
3.599533586742246598e+02 6.351300000000000182e+03
3.599598727521602086e+02 6.353650000000000546e+03
3.599631278991827799e+02 6.354825000000000728e+03
3.599663817859013193e+02 6.356000000000000000e+03
3.599831430438787834e+02 6.363500000000000000e+03
3.599915084106811491e+02 6.367250000000000000e+03
3.599956872867251150e+02 6.369125000000000000e+03
3.599977757739291064e+02 6.370062500000000000e+03
3.599998636276430375e+02 6.371000000000000000e+03
