6.000000000000000000e+01 5.771000000000000000e+03
6.003938600651675017e+01 5.778745214811430742e+03
6.004328367636747998e+01 5.779515157886744419e+03
6.006530751268475399e+01 5.783877590861345197e+03
6.010842507144603530e+01 5.792477131407868910e+03
6.013694950399704453e+01 5.798209559798375267e+03
6.020644961849133381e+01 5.812324404815953130e+03
6.024865444007865989e+01 5.821000000000000000e+03
6.030682947466306132e+01 5.833090747999037376e+03
6.031434212414136908e+01 5.834663479482633193e+03
6.031808892036319492e+01 5.835448831251936099e+03
6.031995994278619833e+01 5.835841254024722730e+03
6.032182938385380311e+01 5.836233508201259610e+03
6.032963438831759362e+01 5.837872951980803009e+03
6.033352656284832705e+01 5.838691570176271853e+03
6.033547007547061725e+01 5.839100603783760562e+03
6.033644118902861209e+01 5.839305051769019883e+03
6.033741187442831233e+01 5.839509453895870138e+03
6.035753129336806211e+01 5.843756106197040936e+03
6.036351930225340823e+01 5.845023708057446129e+03
6.041877507239308898e+01 5.856801948922146948e+03
6.048447219262433805e+01 5.871000000000000000e+03
6.053131907067802331e+01 5.881256383119759448e+03
6.057713410755071948e+01 5.891395956763047252e+03
6.064368890204499252e+01 5.906322774931001732e+03
6.070811021890145298e+01 5.921000000000000000e+03
6.073439715132792571e+01 5.927055336232162517e+03
6.076033496404487266e+01 5.933068701681323546e+03
6.081118814562645269e+01 5.944971253664713913e+03
6.086071886394929464e+01 5.956711063565764562e+03
6.089068503010426525e+01 5.963885586377381514e+03
6.092017467074579429e+01 5.971000000000000000e+03
6.097198364728183861e+01 5.984097967492593853e+03
6.102323456722616157e+01 5.997145694263439509e+03
6.106009368767510637e+01 6.006585953588864868e+03
6.109666630726709968e+01 6.016000000000000000e+03
6.112409153363781655e+01 6.023090516904660944e+03
6.118247506769786526e+01 6.038274581129143371e+03
6.122280397674339270e+01 6.048834999067952594e+03
6.126898178675662621e+01 6.061000000000000000e+03
6.131107158368169507e+01 6.072156670230864620e+03
6.135277587180155479e+01 6.083276379584152892e+03
6.137404178818021450e+01 6.088971767949280547e+03
6.139520801623604740e+01 6.094657484409988683e+03
6.143724398825522570e+01 6.106000000000000000e+03
6.145784493876212196e+01 6.111583532987353465e+03
6.147835128490338263e+01 6.117157741448922025e+03
6.151908256218402471e+01 6.128278278070941269e+03
6.153984991135642701e+01 6.133973282880642728e+03
6.156052005007656902e+01 6.139658554866933628e+03
6.158109361167485218e+01 6.145334118958759063e+03
6.159134437361456804e+01 6.148168268311272186e+03
6.160157122633511051e+01 6.151000000000000000e+03
6.166102721128974906e+01 6.168475816192898492e+03
6.172038086870595919e+01 6.186000000000000000e+03
6.177930603301820867e+01 6.203475292094711222e+03
6.183813738469785193e+01 6.221000000000000000e+03
6.188822532065522353e+01 6.235981114146495202e+03
6.192155963286111842e+01 6.245982315499501055e+03
6.195486603763859534e+01 6.256000000000000000e+03
6.198382662035564294e+01 6.264730751490902549e+03
6.201276762365431239e+01 6.273474316488087425e+03
6.204168910702898643e+01 6.282230723220483014e+03
6.207059112984514826e+01 6.291000000000000000e+03
6.210344633432198691e+01 6.300991482874092981e+03
6.213627805918736868e+01 6.311000000000000000e+03
6.216299253200811847e+01 6.319161558655203407e+03
6.217634422281733464e+01 6.323246641096669919e+03
6.218969222413198139e+01 6.327334596315524323e+03
6.220164940331677172e+01 6.331000000000000000e+03
6.221434748703730122e+01 6.334896038686511019e+03
6.222704238888205452e+01 6.338794716459812662e+03
6.223973411345638596e+01 6.342696036002298570e+03
6.224607878566333596e+01 6.344647687276229590e+03
6.225242266527803991e+01 6.346600000000000364e+03
6.226546597758999013e+01 6.351300000000000182e+03
6.227198005552553894e+01 6.353650000000000546e+03
6.227523520254815992e+01 6.354825000000000728e+03
6.227848908926668514e+01 6.356000000000000000e+03
6.229525034724417765e+01 6.363500000000000000e+03
6.230361571404653631e+01 6.367250000000000000e+03
6.230779459009053767e+01 6.369125000000000000e+03
6.230988307729453624e+01 6.370062500000000000e+03
6.231197093100845308e+01 6.371000000000000000e+03
6.231405878472236992e+01 6.370062500000000000e+03
6.231614727192637559e+01 6.369125000000000000e+03
6.232032614797036985e+01 6.367250000000000000e+03
6.232869151477272851e+01 6.363500000000000000e+03
6.234545277275022102e+01 6.356000000000000000e+03
6.234870665946875334e+01 6.354825000000000728e+03
6.235196180649137432e+01 6.353650000000000546e+03
6.235847588442691602e+01 6.351300000000000182e+03
6.237151919673887335e+01 6.346600000000000364e+03
6.237786307635357019e+01 6.344647687276229590e+03
6.238420774856052731e+01 6.342696036002298570e+03
6.239689947313485874e+01 6.338794716459812662e+03
6.240959437497961204e+01 6.334896038686511019e+03
6.242229245870014154e+01 6.331000000000000000e+03
6.243424963788492477e+01 6.327334596315524323e+03
6.244759763919957862e+01 6.323246641096669919e+03
6.246094933000879479e+01 6.319161558655203407e+03
6.248766380282954458e+01 6.311000000000000000e+03
6.252049552769491925e+01 6.300991482874092981e+03
6.255335073217176500e+01 6.291000000000000000e+03
6.258225275498791973e+01 6.282230723220483014e+03
6.261117423836260087e+01 6.273474316488087425e+03
6.264011524166127032e+01 6.264730751490902549e+03
6.266907582437831792e+01 6.256000000000000000e+03
6.270238222915578774e+01 6.245982315499501055e+03
6.273571654136168263e+01 6.235981114146495202e+03
6.278580447731906133e+01 6.221000000000000000e+03
6.284463582899870460e+01 6.203475292094711222e+03
6.290356099331095407e+01 6.186000000000000000e+03
6.296291465072716420e+01 6.168475816192898492e+03
6.302237063568179565e+01 6.151000000000000000e+03
6.303259748840233812e+01 6.148168268311272186e+03
6.304284825034206108e+01 6.145334118958759063e+03
6.306342181194034424e+01 6.139658554866933628e+03
6.308409195066048625e+01 6.133973282880642728e+03
6.310485929983288145e+01 6.128278278070941269e+03
6.314559057711352352e+01 6.117157741448922025e+03
6.316609692325478420e+01 6.111583532987353465e+03
6.318669787376168046e+01 6.106000000000000000e+03
6.322873384578086586e+01 6.094657484409988683e+03
6.324990007383669877e+01 6.088971767949280547e+03
6.327116599021535137e+01 6.083276379584152892e+03
6.331287027833521819e+01 6.072156670230864620e+03
6.335496007526027995e+01 6.061000000000000000e+03
6.340113788527351346e+01 6.048834999067952594e+03
6.344146679431904090e+01 6.038274581129143371e+03
6.349985032837908960e+01 6.023090516904660944e+03
6.352727555474980647e+01 6.016000000000000000e+03
6.356384817434180690e+01 6.006585953588864868e+03
6.360070729479075169e+01 5.997145694263439509e+03
6.365195821473506754e+01 5.984097967492593853e+03
6.370376719127111187e+01 5.971000000000000000e+03
6.373325683191264801e+01 5.963885586377381514e+03
6.376322299806761862e+01 5.956711063565764562e+03
6.381275371639045346e+01 5.944971253664713913e+03
6.386360689797203349e+01 5.933068701681323546e+03
6.388954471068898044e+01 5.927055336232162517e+03
6.391583164311546028e+01 5.921000000000000000e+03
6.398025295997191364e+01 5.906322774931001732e+03
6.404680775446618668e+01 5.891395956763047252e+03
6.409262279133888285e+01 5.881256383119759448e+03
6.413946966939256811e+01 5.871000000000000000e+03
6.420516678962381718e+01 5.856801948922146948e+03
6.426042255976349793e+01 5.845023708057446129e+03
6.426641056864885115e+01 5.843756106197040936e+03
6.428652998758859383e+01 5.839509453895870138e+03
6.428750067298830118e+01 5.839305051769019883e+03
6.428847178654629602e+01 5.839100603783760562e+03
6.429041529916858622e+01 5.838691570176271853e+03
6.429430747369931964e+01 5.837872951980803009e+03
6.430211247816311015e+01 5.836233508201259610e+03
6.430398191923070783e+01 5.835841254024722730e+03
6.430585294165371124e+01 5.835448831251936099e+03
6.430959973787554418e+01 5.834663479482633193e+03
6.431711238735384484e+01 5.833090747999037376e+03
6.437528742193825337e+01 5.821000000000000000e+03
6.441749224352557235e+01 5.812324404815953130e+03
6.448699235801986163e+01 5.798209559798375267e+03
6.451551679057087085e+01 5.792477131407868910e+03
6.455863434933215217e+01 5.783877590861345197e+03
6.458065818564942617e+01 5.779515157886744419e+03
6.458455585550015599e+01 5.778745214811430742e+03
6.462394186201690616e+01 5.771000000000000000e+03
6.464312465911396544e+01 5.767247208179240261e+03
6.467695910484835053e+01 5.760647581597568205e+03
6.471440370334924808e+01 5.753372645957148961e+03
6.480445482823807879e+01 5.736000000000000000e+03
6.481343620526878624e+01 5.734276765325053020e+03
6.482211753250760466e+01 5.732612718651146679e+03
6.483081119706112361e+01 5.730947898682818050e+03
6.490921536910305178e+01 5.716005170388375518e+03
6.498862914619880371e+01 5.701000000000000000e+03
6.501589672464132263e+01 5.696299767616116696e+03
6.504342836455322185e+01 5.691577756961269188e+03
6.509929813223978101e+01 5.682067792569701851e+03
6.519404127541014304e+01 5.666158182732464411e+03
6.521668838575116922e+01 5.662394951670154114e+03
6.521832895028818200e+01 5.662122929592526816e+03
6.521997042336538186e+01 5.661850836085401170e+03
6.522325609794199863e+01 5.661306434670083945e+03
6.522983838051372629e+01 5.660216773446381922e+03
6.523024797052777046e+01 5.660149010020322748e+03
6.523406594268310243e+01 5.659517593057181330e+03
6.523788882357544594e+01 5.658885791585033076e+03
6.524554934674415563e+01 5.657621033707950119e+03
6.526092968698752372e+01 5.655086888358275246e+03
6.529192954786068981e+01 5.650000000000000000e+03
6.542000934926367961e+01 5.629272204888298802e+03
6.551154334484665753e+01 5.614737222997924619e+03
6.560582941216506470e+01 5.600000000000000000e+03
6.563450588468273850e+01 5.595559138360928046e+03
6.566328602651682900e+01 5.591113821732636097e+03
6.572115951998951289e+01 5.582209796666496004e+03
6.583817502618117601e+01 5.564347990646462677e+03
6.594404924565857584e+01 5.548347817202922670e+03
6.599750896940281564e+01 5.540326122140537336e+03
6.605132160598171254e+01 5.532289969591510271e+03
6.616001940101324408e+01 5.516174135411034513e+03
6.621491169281878797e+01 5.508094375114532340e+03
6.627017100121597082e+01 5.500000000000000000e+03
6.639211739736350637e+01 5.482274596889916211e+03
6.645375101231732629e+01 5.473386772410306548e+03
6.651583119443411363e+01 5.464482135951820965e+03
6.662848592576202122e+01 5.448443906490607333e+03
6.668536848690098395e+01 5.440404303246951713e+03
6.674262600087202202e+01 5.432350994423984048e+03
6.685828065192356462e+01 5.416203119612529008e+03
6.691668542641107820e+01 5.408108483110237103e+03
6.697548026181725334e+01 5.400000000000000000e+03
6.710453132023847900e+01 5.382341283162184482e+03
6.723544336587372072e+01 5.364619688891984879e+03
6.747701885825429713e+01 5.332414195103907332e+03
6.748981804414285079e+01 5.330725577178969615e+03
6.772506357705678681e+01 5.300000000000000000e+03
6.797005329140336016e+01 5.268613070347176290e+03
6.822140398906233827e+01 5.237037856906376874e+03
6.852269586680219504e+01 5.200000000000000000e+03
6.867900379673832845e+01 5.181123188790137647e+03
6.883774684146362688e+01 5.162181835061464881e+03
6.899898374032633797e+01 5.143175607226947250e+03
6.916277527806302317e+01 5.124104171424285596e+03
6.916769721917266622e+01 5.123534711241189143e+03
6.917262148736151062e+01 5.122965192817484422e+03
6.918247701173838493e+01 5.121825981212500665e+03
6.919234186483241444e+01 5.120686536537831671e+03
6.920221606027828898e+01 5.119546858721945682e+03
6.921488221569792643e+01 5.118086171107819609e+03
6.922756376161396474e+01 5.116625100430052953e+03
6.924026072691870581e+01 5.115163646537939712e+03
6.925297314058235543e+01 5.113701809280693851e+03
6.927838869965086133e+01 5.110783377244053554e+03
6.930386612994378481e+01 5.107863416640710057e+03
6.933823618488115414e+01 5.103933093874856240e+03
6.937271919125451802e+01 5.100000000000000000e+03
6.937469184767901709e+01 5.099775307355141194e+03
6.939360526229745574e+01 5.097622666933323671e+03
6.941629195419712062e+01 5.095044541692768689e+03
6.943902686714122297e+01 5.092465273752032772e+03
6.948464199036841649e+01 5.087303306729801989e+03
6.953030889005907511e+01 5.082152863521321706e+03
6.957617066323574306e+01 5.076997862837097273e+03
6.962208663319024993e+01 5.071854175867099912e+03
6.966819886089855629e+01 5.066705947393367751e+03
6.967320587314102909e+01 5.066147985041328866e+03
6.967821520539342828e+01 5.065589969318183648e+03
6.968824083658782342e+01 5.064473777727936067e+03
6.969827576791161050e+01 5.063357372561343254e+03
6.970832001279161716e+01 5.062240753757101629e+03
6.972843649681936995e+01 5.060006874990323922e+03
6.974859039689508222e+01 5.057772140936690448e+03
6.978901087734955411e+01 5.053300105003316276e+03
6.982958232903474993e+01 5.048824642022135777e+03
6.991148551696498714e+01 5.039830148983069193e+03
6.999400784469877124e+01 5.030821798014501837e+03
7.013615095961054635e+01 5.015431166328467953e+03
7.020791704900368302e+01 5.007720659996419272e+03
7.028015244685737173e+01 5.000000000000000000e+03
7.042772850760746906e+01 4.984350466656896970e+03
7.057725757755733298e+01 4.968660727985812628e+03
7.088233923454008334e+01 4.937160013312628507e+03
7.106512928394438688e+01 4.918608118927849318e+03
7.125085421296152788e+01 4.900000000000000000e+03
7.163533396625987848e+01 4.862230287249800313e+03
7.203259700090902129e+01 4.824236259859541860e+03
7.206468813013195529e+01 4.821211725570394265e+03
7.209686446487978628e+01 4.818185765245956645e+03
7.216147420607812535e+01 4.812129562455151245e+03
7.229173230897875158e+01 4.800000000000000000e+03
7.232814619512258503e+01 4.796628177874657922e+03
7.236466769552558276e+01 4.793254645241781873e+03
7.252868101235721099e+01 4.778205745655412102e+03
7.261150688128363129e+01 4.770668521131959096e+03
7.269488675944307943e+01 4.763122760832113272e+03
7.288710007867906882e+01 4.745886131456858493e+03
7.308229865743211917e+01 4.728604880064525787e+03
7.338261588502076904e+01 4.702447642573829398e+03
7.339681170852560399e+01 4.701223933096043766e+03
7.341102335001841084e+01 4.700000000000000000e+03
7.375108715046285113e+01 4.671047855811226327e+03
7.410028360409886261e+01 4.641974078156351425e+03
7.433798163993991182e+01 4.622554150333280631e+03
7.461866221485669826e+01 4.600000000000000000e+03
7.484587159374292753e+01 4.582035357707135518e+03
7.487835961461979650e+01 4.579487693472211504e+03
7.491092608224569460e+01 4.576939121644680199e+03
7.497629563192997182e+01 4.571839253271146845e+03
7.510799023309276379e+01 4.561628604046322835e+03
7.537527551947540871e+01 4.541163546563089767e+03
7.539774084556761125e+01 4.539459058171074503e+03
7.542024320906594426e+01 4.537754164709254837e+03
7.567120500338718614e+01 4.518901882588699664e+03
7.592683898201939030e+01 4.500000000000000000e+03
7.596394805881908496e+01 4.497281034716017530e+03
7.600115640085179791e+01 4.494561065026764481e+03
7.630246498830190660e+01 4.472764117764656476e+03
7.661039832222246559e+01 4.450902561122331463e+03
7.724717294408169721e+01 4.406984467210255389e+03
7.735076660433963980e+01 4.400000000000000000e+03
7.756388465156770451e+01 4.385768783619147143e+03
7.778020204605012111e+01 4.371510725873732554e+03
7.833410839431408590e+01 4.335839642122849909e+03
7.890988051878957776e+01 4.300000000000000000e+03
7.970411706260020424e+01 4.252544907707078892e+03
8.007892372487555122e+01 4.230918457524750920e+03
8.035178261175440184e+01 4.215474635658658372e+03
8.062969058686681478e+01 4.200000000000000000e+03
8.120252255999506019e+01 4.168895314184890594e+03
8.179783350867478475e+01 4.137666949604132242e+03
8.182440433503825261e+01 4.136298565928655080e+03
8.218040820932289137e+01 4.118170185945573394e+03
8.254490768284102842e+01 4.100000000000000000e+03
8.330181229575060797e+01 4.063495247384585582e+03
8.409793974376049164e+01 4.026822041401353090e+03
8.424747035821826557e+01 4.020124987488006354e+03
8.439846787740241041e+01 4.013422300691796409e+03
8.470498039985433536e+01 4.000000000000000000e+03
8.481727325722837918e+01 3.995143612901741562e+03
8.493039151045108781e+01 3.990284269093446710e+03
8.535941735764100713e+01 3.972149362520172872e+03
8.580076035701031856e+01 3.953973216789043363e+03
8.585720810887760024e+01 3.951683009119788494e+03
8.591386421069194057e+01 3.949392145892666576e+03
8.602780783946818133e+01 3.944808451638598854e+03
8.630901513155652083e+01 3.933629798901071808e+03
8.659548162917468517e+01 3.922435527900394845e+03
8.688741679942421570e+01 3.911225605882083528e+03
8.718504448022513031e+01 3.900000000000000000e+03
8.779781501087964557e+01 3.877521237213616132e+03
8.843645023719021481e+01 3.854979169015443404e+03
8.980165629925986082e+01 3.809704043666336020e+03
8.995517369246920225e+01 3.804853485772945078e+03
9.011031008303811518e+01 3.800000000000000000e+03
9.061880922939778316e+01 3.784427856473555948e+03
9.114578598483709015e+01 3.768825250797792251e+03
9.226188308857877018e+01 3.737528294758099491e+03
9.372331410444407140e+01 3.700000000000000000e+03
9.509027639635104379e+01 3.668280721280808848e+03
9.598772382807896975e+01 3.649163394452884859e+03
9.695623115136822889e+01 3.630000000000000000e+03
9.776748611566983982e+01 3.614999772910571210e+03
9.819120922855239542e+01 3.607499829684217730e+03
9.862835189326227692e+01 3.600000000000000000e+03
1.000813296980780649e+02 3.576775986262010065e+03
1.008757925929830606e+02 3.565164474887929828e+03
1.017274419430395938e+02 3.553553293824999400e+03
1.039934360612372899e+02 3.526775768576072096e+03
1.070276898398258822e+02 3.500000000000000000e+03
1.082580597768805291e+02 3.492023793463924903e+03
1.110344003087175224e+02 3.480000000000000000e+03
1.138107408405545016e+02 3.492023793463924903e+03
1.150411107776091484e+02 3.500000000000000000e+03
1.180753645561977407e+02 3.526775768576072096e+03
1.203413586743954511e+02 3.553553293824999400e+03
1.211930080244519843e+02 3.565164474887929828e+03
1.219874709193569799e+02 3.576775986262010065e+03
1.234404487241727679e+02 3.600000000000000000e+03
1.238775913888826210e+02 3.607499829684217730e+03
1.243013145017651908e+02 3.614999772910571210e+03
1.251125694660668017e+02 3.630000000000000000e+03
1.260810767893560751e+02 3.649163394452884859e+03
1.269785242210839868e+02 3.668280721280808848e+03
1.283454865129909308e+02 3.700000000000000000e+03
1.298069175288562462e+02 3.737528294758099491e+03
1.309230146325979547e+02 3.768825250797792251e+03
1.314499913880372617e+02 3.784427856473555948e+03
1.319584905343969297e+02 3.800000000000000000e+03
1.321136269249658426e+02 3.804853485772945078e+03
1.322671443181751556e+02 3.809704043666336020e+03
1.336323503802448158e+02 3.854979169015443404e+03
1.342709856065553709e+02 3.877521237213616132e+03
1.348837561372099003e+02 3.900000000000000000e+03
1.351813838180108007e+02 3.911225605882083528e+03
1.354733189882603597e+02 3.922435527900394845e+03
1.357597854858785240e+02 3.933629798901071808e+03
1.360409927779668351e+02 3.944808451638598854e+03
1.361549364067430758e+02 3.949392145892666576e+03
1.362115925085574304e+02 3.951683009119788494e+03
1.362680402604247263e+02 3.953973216789043363e+03
1.367093832597940377e+02 3.972149362520172872e+03
1.371384091069839428e+02 3.990284269093446710e+03
1.372515273602066372e+02 3.995143612901741562e+03
1.373638202175807237e+02 4.000000000000000000e+03
1.376703327400326202e+02 4.013422300691796409e+03
1.378213302592167793e+02 4.020124987488006354e+03
1.379708608736745532e+02 4.026822041401353090e+03
1.387669883216844369e+02 4.063495247384585582e+03
1.395238929345940164e+02 4.100000000000000000e+03
1.398883924081121677e+02 4.118170185945573394e+03
1.402443962823967922e+02 4.136298565928655080e+03
1.402709671087602601e+02 4.137666949604132242e+03
1.408662780574399847e+02 4.168895314184890594e+03
1.414391100305682585e+02 4.200000000000000000e+03
1.417170180056806430e+02 4.215474635658658372e+03
1.419898768925594936e+02 4.230918457524750920e+03
1.423646835548348690e+02 4.252544907707078892e+03
1.431589200986454671e+02 4.300000000000000000e+03
1.437346922231209874e+02 4.335839642122849909e+03
1.442885985713849379e+02 4.371510725873732554e+03
1.445049159658673261e+02 4.385768783619147143e+03
1.447180340130954050e+02 4.400000000000000000e+03
1.448216276733533618e+02 4.406984467210255389e+03
1.454584022952125792e+02 4.450902561122331463e+03
1.457663356291331525e+02 4.472764117764656476e+03
1.460676442165832611e+02 4.494561065026764481e+03
1.461048525586159599e+02 4.497281034716017530e+03
1.461419616354156688e+02 4.500000000000000000e+03
1.463975956140478729e+02 4.518901882588699664e+03
1.466485574083691290e+02 4.537754164709254837e+03
1.466710597718674478e+02 4.539459058171074503e+03
1.466935250979596503e+02 4.541163546563089767e+03
1.469608103843422953e+02 4.561628604046322835e+03
1.470925049855050872e+02 4.571839253271146845e+03
1.471578745351893645e+02 4.576939121644680199e+03
1.471904410028152483e+02 4.579487693472211504e+03
1.472229290236921315e+02 4.582035357707135518e+03
1.474501384025783466e+02 4.600000000000000000e+03
1.477308189774951472e+02 4.622554150333280631e+03
1.479685170133361964e+02 4.641974078156351425e+03
1.483177134669722079e+02 4.671047855811226327e+03
1.486577772674166340e+02 4.700000000000000000e+03
1.486719889089094409e+02 4.701223933096043766e+03
1.486861847324142900e+02 4.702447642573829398e+03
1.489865019600029257e+02 4.728604880064525787e+03
1.491817005387559902e+02 4.745886131456858493e+03
1.493739138579919654e+02 4.763122760832113272e+03
1.494572937361514278e+02 4.770668521131959096e+03
1.495401196050778481e+02 4.778205745655412102e+03
1.497041329219094905e+02 4.793254645241781873e+03
1.497406544223124740e+02 4.796628177874657922e+03
1.497770683084563075e+02 4.800000000000000000e+03
1.499073264113569337e+02 4.812129562455151245e+03
1.499719361525552586e+02 4.818185765245956645e+03
1.500041124873031038e+02 4.821211725570394265e+03
1.500362036165260236e+02 4.824236259859541860e+03
1.504334666511751664e+02 4.862230287249800313e+03
1.508179464044735028e+02 4.900000000000000000e+03
1.510036713334906722e+02 4.918608118927849318e+03
1.511864613828949473e+02 4.937160013312628507e+03
1.514915430398777119e+02 4.968660727985812628e+03
1.516410721098275758e+02 4.984350466656896970e+03
1.517886481705776873e+02 5.000000000000000000e+03
1.518608835684313760e+02 5.007720659996419272e+03
1.519326496578244985e+02 5.015431166328467953e+03
1.520747927727362878e+02 5.030821798014501837e+03
1.521573151004700435e+02 5.039830148983069193e+03
1.522392182884003091e+02 5.048824642022135777e+03
1.522797897400855049e+02 5.053300105003316276e+03
1.523202102205399342e+02 5.057772140936690448e+03
1.523403641206156749e+02 5.060006874990323922e+03
1.523604806046434419e+02 5.062240753757101629e+03
1.523705248495234343e+02 5.063357372561343254e+03
1.523805597808471930e+02 5.064473777727936067e+03
1.523905854120416166e+02 5.065589969318183648e+03
1.523955947442939873e+02 5.066147985041328866e+03
1.524006017565365028e+02 5.066705947393367751e+03
1.524467139842448091e+02 5.071854175867099912e+03
1.524926299541992876e+02 5.076997862837097273e+03
1.525384917273759697e+02 5.082152863521321706e+03
1.525841586270666141e+02 5.087303306729801989e+03
1.526297737502938219e+02 5.092465273752032772e+03
1.526525086632379100e+02 5.095044541692768689e+03
1.526751953551375891e+02 5.097622666933323671e+03
1.526941087697560135e+02 5.099775307355141194e+03
1.526960814261805126e+02 5.100000000000000000e+03
1.527305644325538765e+02 5.103933093874856240e+03
1.527649344874912458e+02 5.107863416640710057e+03
1.527904119177841835e+02 5.110783377244053554e+03
1.528158274768526610e+02 5.113701809280693851e+03
1.528285398905163106e+02 5.115163646537939712e+03
1.528412368558210801e+02 5.116625100430052953e+03
1.528539184017370758e+02 5.118086171107819609e+03
1.528665845571567274e+02 5.119546858721945682e+03
1.528764587526026162e+02 5.120686536537831671e+03
1.528863236056966457e+02 5.121825981212500665e+03
1.528961791300735058e+02 5.122965192817484422e+03
1.529011033982623644e+02 5.123534711241189143e+03
1.529060253393719790e+02 5.124104171424285596e+03
1.530698168771086785e+02 5.143175607226947250e+03
1.532310537759713611e+02 5.162181835061464881e+03
1.533897968206966880e+02 5.181123188790137647e+03
1.535461047506328214e+02 5.200000000000000000e+03
1.538473966283726782e+02 5.237037856906376874e+03
1.540987473260316278e+02 5.268613070347176290e+03
1.543437370403781870e+02 5.300000000000000000e+03
1.545789825732921372e+02 5.330725577178969615e+03
1.545917817591806909e+02 5.332414195103907332e+03
1.548333572515612673e+02 5.364619688891984879e+03
1.549642692971965232e+02 5.382341283162184482e+03
1.550933203556177489e+02 5.400000000000000000e+03
1.551521151910239382e+02 5.408108483110237103e+03
1.552105199655114234e+02 5.416203119612529008e+03
1.553261746165629802e+02 5.432350994423984048e+03
1.553834321305340040e+02 5.440404303246951713e+03
1.554403146916729668e+02 5.448443906490607333e+03
1.555529694230008886e+02 5.464482135951820965e+03
1.556150496051176617e+02 5.473386772410306548e+03
1.556766832200714816e+02 5.482274596889916211e+03
1.557986296162190172e+02 5.500000000000000000e+03
1.558538889246162000e+02 5.508094375114532340e+03
1.559087812164217439e+02 5.516174135411034513e+03
1.560174790114532470e+02 5.532289969591510271e+03
1.560712916480321724e+02 5.540326122140537336e+03
1.561247513717764264e+02 5.548347817202922670e+03
1.562306255912537836e+02 5.564347990646462677e+03
1.563476410974454609e+02 5.582209796666496004e+03
1.564055145909181590e+02 5.591113821732636097e+03
1.564342947327522495e+02 5.595559138360928046e+03
1.564629712052699233e+02 5.600000000000000000e+03
1.565572572725883163e+02 5.614737222997924619e+03
1.566487912681712942e+02 5.629272204888298802e+03
1.567768710695742698e+02 5.650000000000000000e+03
1.568078709304474501e+02 5.655086888358275246e+03
1.568232512706908324e+02 5.657621033707950119e+03
1.568309117938595421e+02 5.658885791585033076e+03
1.568347346747518714e+02 5.659517593057181330e+03
1.568385526469072033e+02 5.660149010020322748e+03
1.568389622369212475e+02 5.660216773446381922e+03
1.568455445194929894e+02 5.661306434670083945e+03
1.568488301940695919e+02 5.661850836085401170e+03
1.568504716671467918e+02 5.662122929592526816e+03
1.568521122316838046e+02 5.662394951670154114e+03
1.568747593420248450e+02 5.666158182732464411e+03
1.569695024851951928e+02 5.682067792569701851e+03
1.570253722528817661e+02 5.691577756961269188e+03
1.570529038927936654e+02 5.696299767616116696e+03
1.570801714712361843e+02 5.701000000000000000e+03
1.571595852483319220e+02 5.716005170388375518e+03
1.572379894203738502e+02 5.730947898682818050e+03
1.572466830849273833e+02 5.732612718651146679e+03
1.572553644121661875e+02 5.734276765325053020e+03
1.572643457891969092e+02 5.736000000000000000e+03
1.573543969140857257e+02 5.753372645957148961e+03
1.573918415125866090e+02 5.760647581597568205e+03
1.574256759583209941e+02 5.767247208179240261e+03
1.574448587554180676e+02 5.771000000000000000e+03
1.574842447619348036e+02 5.778745214811430742e+03
1.574881424317855476e+02 5.779515157886744419e+03
1.575101662681028074e+02 5.783877590861345197e+03
1.575532838268641171e+02 5.792477131407868910e+03
1.575818082594151122e+02 5.798209559798375267e+03
1.576513083739093872e+02 5.812324404815953130e+03
1.576935131954967346e+02 5.821000000000000000e+03
1.577516882300811289e+02 5.833090747999037376e+03
1.577592008795594438e+02 5.834663479482633193e+03
1.577629476757812768e+02 5.835448831251936099e+03
1.577648186982042944e+02 5.835841254024722730e+03
1.577666881392718778e+02 5.836233508201259610e+03
1.577744931437356684e+02 5.837872951980803009e+03
1.577783853182664018e+02 5.838691570176271853e+03
1.577803288308886920e+02 5.839100603783760562e+03
1.577812999444466868e+02 5.839305051769019883e+03
1.577822706298463800e+02 5.839509453895870138e+03
1.578023900487861226e+02 5.843756106197040936e+03
1.578083780576714616e+02 5.845023708057446129e+03
1.578636338278111566e+02 5.856801948922146948e+03
1.579293309480424341e+02 5.871000000000000000e+03
1.579761778260960909e+02 5.881256383119759448e+03
1.580219928629688013e+02 5.891395956763047252e+03
1.580885476574630957e+02 5.906322774931001732e+03
1.581529689743195490e+02 5.921000000000000000e+03
1.581792559067460218e+02 5.927055336232162517e+03
1.582051937194629545e+02 5.933068701681323546e+03
1.582560469010445559e+02 5.944971253664713913e+03
1.583055776193673978e+02 5.956711063565764562e+03
1.583355437855223613e+02 5.963885586377381514e+03
1.583650334261639046e+02 5.971000000000000000e+03
1.584168424026999276e+02 5.984097967492593853e+03
1.584680933226442505e+02 5.997145694263439509e+03
1.585049524430932024e+02 6.006585953588864868e+03
1.585415250626851957e+02 6.016000000000000000e+03
1.585689502890559197e+02 6.023090516904660944e+03
1.586273338231159471e+02 6.038274581129143371e+03
1.586676627321614887e+02 6.048834999067952594e+03
1.587138405421746938e+02 6.061000000000000000e+03
1.587559303390997627e+02 6.072156670230864620e+03
1.587976346272196224e+02 6.083276379584152892e+03
1.588189005435982608e+02 6.088971767949280547e+03
1.588400667716541079e+02 6.094657484409988683e+03
1.588821027436733004e+02 6.106000000000000000e+03
1.589027036941801896e+02 6.111583532987353465e+03
1.589232100403214645e+02 6.117157741448922025e+03
1.589639413176020923e+02 6.128278278070941269e+03
1.589847086667745089e+02 6.133973282880642728e+03
1.590053788054946438e+02 6.139658554866933628e+03
1.590259523670929411e+02 6.145334118958759063e+03
1.590362031290326286e+02 6.148168268311272186e+03
1.590464299817531924e+02 6.151000000000000000e+03
1.591058859667078309e+02 6.168475816192898492e+03
1.591652396241240126e+02 6.186000000000000000e+03
1.592241647884362692e+02 6.203475292094711222e+03
1.592829961401159267e+02 6.221000000000000000e+03
1.593330840760733054e+02 6.235981114146495202e+03
1.593664183882791860e+02 6.245982315499501055e+03
1.593997247930566630e+02 6.256000000000000000e+03
1.594286853757737390e+02 6.264730751490902549e+03
1.594576263790723942e+02 6.273474316488087425e+03
1.594865478624470825e+02 6.282230723220483014e+03
1.595154498852632230e+02 6.291000000000000000e+03
1.595483050897400688e+02 6.300991482874092981e+03
1.595811368146054292e+02 6.311000000000000000e+03
1.596078512874262003e+02 6.319161558655203407e+03
1.596212029782354307e+02 6.323246641096669919e+03
1.596345509795500561e+02 6.327334596315524323e+03
1.596465081587348323e+02 6.331000000000000000e+03
1.596592062424553546e+02 6.334896038686511019e+03
1.596719011443001364e+02 6.338794716459812662e+03
1.596845928688744607e+02 6.342696036002298570e+03
1.596909375410814107e+02 6.344647687276229590e+03
1.596972814206961289e+02 6.346600000000000364e+03
1.597103247330080649e+02 6.351300000000000182e+03
1.597168388109436137e+02 6.353650000000000546e+03
1.597200939579662418e+02 6.354825000000000728e+03
1.597233478446847812e+02 6.356000000000000000e+03
1.597401091026622453e+02 6.363500000000000000e+03
1.597484744694646110e+02 6.367250000000000000e+03
1.597526533455086337e+02 6.369125000000000000e+03
1.597547418327126252e+02 6.370062500000000000e+03
1.597568296864265562e+02 6.371000000000000000e+03
1.597589175401404873e+02 6.370062500000000000e+03
1.597610060273444788e+02 6.369125000000000000e+03
1.597651849033885014e+02 6.367250000000000000e+03
1.597735502701908672e+02 6.363500000000000000e+03
1.597903115281683313e+02 6.356000000000000000e+03
1.597935654148868707e+02 6.354825000000000728e+03
1.597968205619094988e+02 6.353650000000000546e+03
1.598033346398450476e+02 6.351300000000000182e+03
1.598163779521569836e+02 6.346600000000000364e+03
1.598227218317717018e+02 6.344647687276229590e+03
1.598290665039786518e+02 6.342696036002298570e+03
1.598417582285529761e+02 6.338794716459812662e+03
1.598544531303977578e+02 6.334896038686511019e+03
1.598671512141182802e+02 6.331000000000000000e+03
1.598791083933030563e+02 6.327334596315524323e+03
1.598924563946177102e+02 6.323246641096669919e+03
1.599058080854269406e+02 6.319161558655203407e+03
1.599325225582476833e+02 6.311000000000000000e+03
1.599653542831130437e+02 6.300991482874092981e+03
1.599982094875898895e+02 6.291000000000000000e+03
1.600271115104060584e+02 6.282230723220483014e+03
1.600560329937807182e+02 6.273474316488087425e+03
1.600849739970793735e+02 6.264730751490902549e+03
1.601139345797964495e+02 6.256000000000000000e+03
1.601472409845739264e+02 6.245982315499501055e+03
1.601805752967798071e+02 6.235981114146495202e+03
1.602306632327371858e+02 6.221000000000000000e+03
1.602894945844168433e+02 6.203475292094711222e+03
1.603484197487290999e+02 6.186000000000000000e+03
1.604077734061452816e+02 6.168475816192898492e+03
1.604672293910999201e+02 6.151000000000000000e+03
1.604774562438204839e+02 6.148168268311272186e+03
1.604877070057601713e+02 6.145334118958759063e+03
1.605082805673584971e+02 6.139658554866933628e+03
1.605289507060786036e+02 6.133973282880642728e+03
1.605497180552510201e+02 6.128278278070941269e+03
1.605904493325316480e+02 6.117157741448922025e+03
1.606109556786729229e+02 6.111583532987353465e+03
1.606315566291798120e+02 6.106000000000000000e+03
1.606735926011990045e+02 6.094657484409988683e+03
1.606947588292548517e+02 6.088971767949280547e+03
1.607160247456334901e+02 6.083276379584152892e+03
1.607577290337533498e+02 6.072156670230864620e+03
1.607998188306784186e+02 6.061000000000000000e+03
1.608459966406916237e+02 6.048834999067952594e+03
1.608863255497371654e+02 6.038274581129143371e+03
1.609447090837971928e+02 6.023090516904660944e+03
1.609721343101679167e+02 6.016000000000000000e+03
1.610087069297599101e+02 6.006585953588864868e+03
1.610455660502088904e+02 5.997145694263439509e+03
1.610968169701531849e+02 5.984097967492593853e+03
1.611486259466892079e+02 5.971000000000000000e+03
1.611781155873307512e+02 5.963885586377381514e+03
1.612080817534857147e+02 5.956711063565764562e+03
1.612576124718085566e+02 5.944971253664713913e+03
1.613084656533901580e+02 5.933068701681323546e+03
1.613344034661070907e+02 5.927055336232162517e+03
1.613606903985335634e+02 5.921000000000000000e+03
1.614251117153900168e+02 5.906322774931001732e+03
1.614916665098843112e+02 5.891395956763047252e+03
1.615374815467570215e+02 5.881256383119759448e+03
1.615843284248106784e+02 5.871000000000000000e+03
1.616500255450419559e+02 5.856801948922146948e+03
1.617052813151816508e+02 5.845023708057446129e+03
1.617112693240669898e+02 5.843756106197040936e+03
1.617313887430067325e+02 5.839509453895870138e+03
1.617323594284064256e+02 5.839305051769019883e+03
1.617333305419644205e+02 5.839100603783760562e+03
1.617352740545867107e+02 5.838691570176271853e+03
1.617391662291174441e+02 5.837872951980803009e+03
1.617469712335812346e+02 5.836233508201259610e+03
1.617488406746488465e+02 5.835841254024722730e+03
1.617507116970718357e+02 5.835448831251936099e+03
1.617544584932936687e+02 5.834663479482633193e+03
1.617619711427719835e+02 5.833090747999037376e+03
1.618201461773563778e+02 5.821000000000000000e+03
1.618623509989437252e+02 5.812324404815953130e+03
1.619318511134380003e+02 5.798209559798375267e+03
1.619603755459890237e+02 5.792477131407868910e+03
1.620034931047503051e+02 5.783877590861345197e+03
1.620255169410675649e+02 5.779515157886744419e+03
1.620294146109183089e+02 5.778745214811430742e+03
1.620688006174350448e+02 5.771000000000000000e+03
1.620879834145321183e+02 5.767247208179240261e+03
1.621218178602665034e+02 5.760647581597568205e+03
1.621592624587673868e+02 5.753372645957148961e+03
1.622493135836562033e+02 5.736000000000000000e+03
1.622582949606869249e+02 5.734276765325053020e+03
1.622669762879257291e+02 5.732612718651146679e+03
1.622756699524792623e+02 5.730947898682818050e+03
1.623540741245211905e+02 5.716005170388375518e+03
1.624334879016169566e+02 5.701000000000000000e+03
1.625129016787126943e+02 5.716005170388375518e+03
1.625913058507546225e+02 5.730947898682818050e+03
1.625999995153081272e+02 5.732612718651146679e+03
1.626086808425469599e+02 5.734276765325053020e+03
1.626176622195776531e+02 5.736000000000000000e+03
1.627077133444664696e+02 5.753372645957148961e+03
1.627451579429673814e+02 5.760647581597568205e+03
1.627789923887017665e+02 5.767247208179240261e+03
1.627981751857988115e+02 5.771000000000000000e+03
1.628375611923155759e+02 5.778745214811430742e+03
1.628414588621662915e+02 5.779515157886744419e+03
1.628634826984835797e+02 5.783877590861345197e+03
1.629066002572448610e+02 5.792477131407868910e+03
1.629351246897958845e+02 5.798209559798375267e+03
1.630046248042901311e+02 5.812324404815953130e+03
1.630468296258774785e+02 5.821000000000000000e+03
1.631050046604618728e+02 5.833090747999037376e+03
1.631125173099401877e+02 5.834663479482633193e+03
1.631162641061620207e+02 5.835448831251936099e+03
1.631181351285850383e+02 5.835841254024722730e+03
1.631200045696526217e+02 5.836233508201259610e+03
1.631278095741164407e+02 5.837872951980803009e+03
1.631317017486471741e+02 5.838691570176271853e+03
1.631336452612694643e+02 5.839100603783760562e+03
1.631346163748274307e+02 5.839305051769019883e+03
1.631355870602271239e+02 5.839509453895870138e+03
1.631557064791668950e+02 5.843756106197040936e+03
1.631616944880522340e+02 5.845023708057446129e+03
1.632169502581919289e+02 5.856801948922146948e+03
1.632826473784231780e+02 5.871000000000000000e+03
1.633294942564768633e+02 5.881256383119759448e+03
1.633753092933495736e+02 5.891395956763047252e+03
1.634418640878438396e+02 5.906322774931001732e+03
1.635062854047002929e+02 5.921000000000000000e+03
1.635325723371267941e+02 5.927055336232162517e+03
1.635585101498437268e+02 5.933068701681323546e+03
1.636093633314252997e+02 5.944971253664713913e+03
1.636588940497481417e+02 5.956711063565764562e+03
1.636888602159031052e+02 5.963885586377381514e+03
1.637183498565446484e+02 5.971000000000000000e+03
1.637701588330806999e+02 5.984097967492593853e+03
1.638214097530249944e+02 5.997145694263439509e+03
1.638582688734739463e+02 6.006585953588864868e+03
1.638948414930659396e+02 6.016000000000000000e+03
1.639222667194366636e+02 6.023090516904660944e+03
1.639806502534967194e+02 6.038274581129143371e+03
1.640209791625422326e+02 6.048834999067952594e+03
1.640671569725554662e+02 6.061000000000000000e+03
1.641092467694805350e+02 6.072156670230864620e+03
1.641509510576003663e+02 6.083276379584152892e+03
1.641722169739790331e+02 6.088971767949280547e+03
1.641933832020348802e+02 6.094657484409988683e+03
1.642354191740540728e+02 6.106000000000000000e+03
1.642560201245609619e+02 6.111583532987353465e+03
1.642765264707022084e+02 6.117157741448922025e+03
1.643172577479828647e+02 6.128278278070941269e+03
1.643380250971552528e+02 6.133973282880642728e+03
1.643586952358754161e+02 6.139658554866933628e+03
1.643792687974736850e+02 6.145334118958759063e+03
1.643895195594134009e+02 6.148168268311272186e+03
1.643997464121339362e+02 6.151000000000000000e+03
1.644592023970885748e+02 6.168475816192898492e+03
1.645185560545047849e+02 6.186000000000000000e+03
1.645774812188170131e+02 6.203475292094711222e+03
1.646363125704966706e+02 6.221000000000000000e+03
1.646864005064540493e+02 6.235981114146495202e+03
1.647197348186599584e+02 6.245982315499501055e+03
1.647530412234374353e+02 6.256000000000000000e+03
1.647820018061544829e+02 6.264730751490902549e+03
1.648109428094531381e+02 6.273474316488087425e+03
1.648398642928278264e+02 6.282230723220483014e+03
1.648687663156439953e+02 6.291000000000000000e+03
1.649016215201208411e+02 6.300991482874092981e+03
1.649344532449862015e+02 6.311000000000000000e+03
1.649611677178069442e+02 6.319161558655203407e+03
1.649745194086161746e+02 6.323246641096669919e+03
1.649878674099308284e+02 6.327334596315524323e+03
1.649998245891156046e+02 6.331000000000000000e+03
1.650125226728361270e+02 6.334896038686511019e+03
1.650252175746808803e+02 6.338794716459812662e+03
1.650379092992552046e+02 6.342696036002298570e+03
1.650442539714621830e+02 6.344647687276229590e+03
1.650505978510768728e+02 6.346600000000000364e+03
1.650636411633888372e+02 6.351300000000000182e+03
1.650701552413243576e+02 6.353650000000000546e+03
1.650734103883469857e+02 6.354825000000000728e+03
1.650766642750655251e+02 6.356000000000000000e+03
1.650934255330430176e+02 6.363500000000000000e+03
1.651017908998453834e+02 6.367250000000000000e+03
1.651059697758893776e+02 6.369125000000000000e+03
1.651080582630933975e+02 6.370062500000000000e+03
1.651101461168073001e+02 6.371000000000000000e+03
1.651122339705212312e+02 6.370062500000000000e+03
1.651143224577252511e+02 6.369125000000000000e+03
1.651185013337692453e+02 6.367250000000000000e+03
1.651268667005716111e+02 6.363500000000000000e+03
1.651436279585491036e+02 6.356000000000000000e+03
1.651468818452676146e+02 6.354825000000000728e+03
1.651501369922902427e+02 6.353650000000000546e+03
1.651566510702257915e+02 6.351300000000000182e+03
1.651696943825377559e+02 6.346600000000000364e+03
1.651760382621524741e+02 6.344647687276229590e+03
1.651823829343593957e+02 6.342696036002298570e+03
1.651950746589337200e+02 6.338794716459812662e+03
1.652077695607785017e+02 6.334896038686511019e+03
1.652204676444990241e+02 6.331000000000000000e+03
1.652324248236838002e+02 6.327334596315524323e+03
1.652457728249984541e+02 6.323246641096669919e+03
1.652591245158076845e+02 6.319161558655203407e+03
1.652858389886284272e+02 6.311000000000000000e+03
1.653186707134938160e+02 6.300991482874092981e+03
1.653515259179706618e+02 6.291000000000000000e+03
1.653804279407868023e+02 6.282230723220483014e+03
1.654093494241614906e+02 6.273474316488087425e+03
1.654382904274601458e+02 6.264730751490902549e+03
1.654672510101772218e+02 6.256000000000000000e+03
1.655005574149546987e+02 6.245982315499501055e+03
1.655338917271605794e+02 6.235981114146495202e+03
1.655839796631179297e+02 6.221000000000000000e+03
1.656428110147975872e+02 6.203475292094711222e+03
1.657017361791098438e+02 6.186000000000000000e+03
1.657610898365260539e+02 6.168475816192898492e+03
1.658205458214806924e+02 6.151000000000000000e+03
1.658307726742012278e+02 6.148168268311272186e+03
1.658410234361409437e+02 6.145334118958759063e+03
1.658615969977392410e+02 6.139658554866933628e+03
1.658822671364593759e+02 6.133973282880642728e+03
1.659030344856317924e+02 6.128278278070941269e+03
1.659437657629124203e+02 6.117157741448922025e+03
1.659642721090536952e+02 6.111583532987353465e+03
1.659848730595605844e+02 6.106000000000000000e+03
1.660269090315797484e+02 6.094657484409988683e+03
1.660480752596355956e+02 6.088971767949280547e+03
1.660693411760142340e+02 6.083276379584152892e+03
1.661110454641341221e+02 6.072156670230864620e+03
1.661531352610591625e+02 6.061000000000000000e+03
1.661993130710723960e+02 6.048834999067952594e+03
1.662396419801179377e+02 6.038274581129143371e+03
1.662980255141779651e+02 6.023090516904660944e+03
1.663254507405486891e+02 6.016000000000000000e+03
1.663620233601406824e+02 6.006585953588864868e+03
1.663988824805896343e+02 5.997145694263439509e+03
1.664501334005339572e+02 5.984097967492593853e+03
1.665019423770699802e+02 5.971000000000000000e+03
1.665314320177115235e+02 5.963885586377381514e+03
1.665613981838664870e+02 5.956711063565764562e+03
1.666109289021893289e+02 5.944971253664713913e+03
1.666617820837709019e+02 5.933068701681323546e+03
1.666877198964878630e+02 5.927055336232162517e+03
1.667140068289143358e+02 5.921000000000000000e+03
1.667784281457707891e+02 5.906322774931001732e+03
1.668449829402650835e+02 5.891395956763047252e+03
1.668907979771377654e+02 5.881256383119759448e+03
1.669376448551914507e+02 5.871000000000000000e+03
1.670033419754226998e+02 5.856801948922146948e+03
1.670585977455623947e+02 5.845023708057446129e+03
1.670645857544477622e+02 5.843756106197040936e+03
1.670847051733874764e+02 5.839509453895870138e+03
1.670856758587871980e+02 5.839305051769019883e+03
1.670866469723451928e+02 5.839100603783760562e+03
1.670885904849674830e+02 5.838691570176271853e+03
1.670924826594982164e+02 5.837872951980803009e+03
1.671002876639619785e+02 5.836233508201259610e+03
1.671021571050295904e+02 5.835841254024722730e+03
1.671040281274526080e+02 5.835448831251936099e+03
1.671077749236744125e+02 5.834663479482633193e+03
1.671152875731527274e+02 5.833090747999037376e+03
1.671734626077371502e+02 5.821000000000000000e+03
1.672156674293244691e+02 5.812324404815953130e+03
1.672851675438187726e+02 5.798209559798375267e+03
1.673136919763697676e+02 5.792477131407868910e+03
1.673568095351310490e+02 5.783877590861345197e+03
1.673788333714483088e+02 5.779515157886744419e+03
1.673827310412990528e+02 5.778745214811430742e+03
1.674221170478157887e+02 5.771000000000000000e+03
1.674412998449128622e+02 5.767247208179240261e+03
1.674751342906472473e+02 5.760647581597568205e+03
1.675125788891481307e+02 5.753372645957148961e+03
1.676026300140369472e+02 5.736000000000000000e+03
1.676116113910676972e+02 5.734276765325053020e+03
1.676202927183065015e+02 5.732612718651146679e+03
1.676289863828600346e+02 5.730947898682818050e+03
1.677073905549019628e+02 5.716005170388375518e+03
1.677868043319977005e+02 5.701000000000000000e+03
1.678140719104402194e+02 5.696299767616116696e+03
1.678416035503521186e+02 5.691577756961269188e+03
1.678974733180386920e+02 5.682067792569701851e+03
1.679922164612090398e+02 5.666158182732464411e+03
1.680148635715500518e+02 5.662394951670154114e+03
1.680165041360870646e+02 5.662122929592526816e+03
1.680181456091642644e+02 5.661850836085401170e+03
1.680214312837408954e+02 5.661306434670083945e+03
1.680280135663126089e+02 5.660216773446381922e+03
1.680284231563266530e+02 5.660149010020322748e+03
1.680322411284819850e+02 5.659517593057181330e+03
1.680360640093743427e+02 5.658885791585033076e+03
1.680437245325430524e+02 5.657621033707950119e+03
1.680591048727864347e+02 5.655086888358275246e+03
1.680901047336595866e+02 5.650000000000000000e+03
1.682181845350625622e+02 5.629272204888298802e+03
1.683097185306455685e+02 5.614737222997924619e+03
1.684040045979639615e+02 5.600000000000000000e+03
1.684326810704816353e+02 5.595559138360928046e+03
1.684614612123157258e+02 5.591113821732636097e+03
1.685193347057884239e+02 5.582209796666496004e+03
1.686363502119800728e+02 5.564347990646462677e+03
1.687422244314574584e+02 5.548347817202922670e+03
1.687956841552017124e+02 5.540326122140537336e+03
1.688494967917806093e+02 5.532289969591510271e+03
1.689581945868121409e+02 5.516174135411034513e+03
1.690130868786176848e+02 5.508094375114532340e+03
1.690683461870148676e+02 5.500000000000000000e+03
1.691902925831623747e+02 5.482274596889916211e+03
1.692519261981162231e+02 5.473386772410306548e+03
1.693140063802329962e+02 5.464482135951820965e+03
1.694266611115609180e+02 5.448443906490607333e+03
1.694835436726998523e+02 5.440404303246951713e+03
1.695408011866709046e+02 5.432350994423984048e+03
1.696564558377224330e+02 5.416203119612529008e+03
1.697148606122099466e+02 5.408108483110237103e+03
1.697736554476161359e+02 5.400000000000000000e+03
1.699027065060373616e+02 5.382341283162184482e+03
1.700336185516725891e+02 5.364619688891984879e+03
1.702751940440531939e+02 5.332414195103907332e+03
1.702879932299417192e+02 5.330725577178969615e+03
1.705232387628556694e+02 5.300000000000000000e+03
1.707682284772022285e+02 5.268613070347176290e+03
1.710195791748612066e+02 5.237037856906376874e+03
1.713208710526010634e+02 5.200000000000000000e+03
1.714771789825371968e+02 5.181123188790137647e+03
1.716359220272624952e+02 5.162181835061464881e+03
1.717971589261251779e+02 5.143175607226947250e+03
1.719609504638618773e+02 5.124104171424285596e+03
1.719658724049715204e+02 5.123534711241189143e+03
1.719707966731603506e+02 5.122965192817484422e+03
1.719806521975372107e+02 5.121825981212500665e+03
1.719905170506312686e+02 5.120686536537831671e+03
1.720003912460771289e+02 5.119546858721945682e+03
1.720130574014967806e+02 5.118086171107819609e+03
1.720257389474128047e+02 5.116625100430052953e+03
1.720384359127175458e+02 5.115163646537939712e+03
1.720511483263812238e+02 5.113701809280693851e+03
1.720765638854497013e+02 5.110783377244053554e+03
1.721020413157426390e+02 5.107863416640710057e+03
1.721364113706799799e+02 5.103933093874856240e+03
1.721708943770533438e+02 5.100000000000000000e+03
1.721728670334778712e+02 5.099775307355141194e+03
1.721917804480962957e+02 5.097622666933323671e+03
1.722144671399959748e+02 5.095044541692768689e+03
1.722372020529400629e+02 5.092465273752032772e+03
1.722828171761672706e+02 5.087303306729801989e+03
1.723284840758579151e+02 5.082152863521321706e+03
1.723743458490345688e+02 5.076997862837097273e+03
1.724202618189891041e+02 5.071854175867099912e+03
1.724663740466974104e+02 5.066705947393367751e+03
1.724713810589398690e+02 5.066147985041328866e+03
1.724763903911922398e+02 5.065589969318183648e+03
1.724864160223866634e+02 5.064473777727936067e+03
1.724964509537104504e+02 5.063357372561343254e+03
1.725064951985904429e+02 5.062240753757101629e+03
1.725266116826182099e+02 5.060006874990323922e+03
1.725467655826939222e+02 5.057772140936690448e+03
1.725871860631483798e+02 5.053300105003316276e+03
1.726277575148335757e+02 5.048824642022135777e+03
1.727096607027638129e+02 5.039830148983069193e+03
1.727921830304975970e+02 5.030821798014501837e+03
1.729343261454093863e+02 5.015431166328467953e+03
1.730060922348025088e+02 5.007720659996419272e+03
1.730783276326561975e+02 5.000000000000000000e+03
1.732259036934062806e+02 4.984350466656896970e+03
1.733754327633561729e+02 4.968660727985812628e+03
1.736805144203389091e+02 4.937160013312628507e+03
1.738633044697432126e+02 4.918608118927849318e+03
1.740490293987603536e+02 4.900000000000000000e+03
1.744335091520587184e+02 4.862230287249800313e+03
1.748307721867078612e+02 4.824236259859541860e+03
1.748628633159307810e+02 4.821211725570394265e+03
1.748950396506786262e+02 4.818185765245956645e+03
1.749596493918769511e+02 4.812129562455151245e+03
1.750899074947776057e+02 4.800000000000000000e+03
1.751263213809214392e+02 4.796628177874657922e+03
1.751628428813244511e+02 4.793254645241781873e+03
1.753268561981560651e+02 4.778205745655412102e+03
1.754096820670824854e+02 4.770668521131959096e+03
1.754930619452419478e+02 4.763122760832113272e+03
1.756852752644779230e+02 4.745886131456858493e+03
1.758804738432309591e+02 4.728604880064525787e+03
1.761807910708196232e+02 4.702447642573829398e+03
1.761949868943244724e+02 4.701223933096043766e+03
1.762091985358172792e+02 4.700000000000000000e+03
1.765492623362617053e+02 4.671047855811226327e+03
1.768984587898977168e+02 4.641974078156351425e+03
1.771361568257387660e+02 4.622554150333280631e+03
1.774168374006555382e+02 4.600000000000000000e+03
1.776440467795417817e+02 4.582035357707135518e+03
1.776765348004186365e+02 4.579487693472211504e+03
1.777091012680445203e+02 4.576939121644680199e+03
1.777744708177287976e+02 4.571839253271146845e+03
1.779061654188915895e+02 4.561628604046322835e+03
1.781734507052742060e+02 4.541163546563089767e+03
1.781959160313664086e+02 4.539459058171074503e+03
1.782184183948647274e+02 4.537754164709254837e+03
1.784693801891859550e+02 4.518901882588699664e+03
1.787250141678181876e+02 4.500000000000000000e+03
1.787621232446178681e+02 4.497281034716017530e+03
1.787993315866505668e+02 4.494561065026764481e+03
1.791006401741007039e+02 4.472764117764656476e+03
1.794085735080212487e+02 4.450902561122331463e+03
1.800453481298804945e+02 4.406984467210255389e+03
1.801489417901384229e+02 4.400000000000000000e+03
1.803620598373664734e+02 4.385768783619147143e+03
1.805783772318488900e+02 4.371510725873732554e+03
1.811322835801128690e+02 4.335839642122849909e+03
1.817080557045883609e+02 4.300000000000000000e+03
1.825022922483989873e+02 4.252544907707078892e+03
1.828770989106743627e+02 4.230918457524750920e+03
1.831499577975532134e+02 4.215474635658658372e+03
1.834278657726656263e+02 4.200000000000000000e+03
1.840006977457938717e+02 4.168895314184890594e+03
1.845960086944735963e+02 4.137666949604132242e+03
1.846225795208370641e+02 4.136298565928655080e+03
1.849785833951217171e+02 4.118170185945573394e+03
1.853430828686398399e+02 4.100000000000000000e+03
1.860999874815494195e+02 4.063495247384585582e+03
1.868961149295593032e+02 4.026822041401353090e+03
1.870456455440171055e+02 4.020124987488006354e+03
1.871966430632012361e+02 4.013422300691796409e+03
1.875031555856531611e+02 4.000000000000000000e+03
1.876154484430272191e+02 3.995143612901741562e+03
1.877285666962499135e+02 3.990284269093446710e+03
1.881575925434398471e+02 3.972149362520172872e+03
1.885989355428091301e+02 3.953973216789043363e+03
1.886553832946764260e+02 3.951683009119788494e+03
1.887120393964907805e+02 3.949392145892666576e+03
1.888259830252670213e+02 3.944808451638598854e+03
1.891071903173553608e+02 3.933629798901071808e+03
1.893936568149735251e+02 3.922435527900394845e+03
1.896855919852230556e+02 3.911225605882083528e+03
1.899832196660239561e+02 3.900000000000000000e+03
1.905959901966784855e+02 3.877521237213616132e+03
1.912346254229890690e+02 3.854979169015443404e+03
1.925998314850587008e+02 3.809704043666336020e+03
1.927533488782680422e+02 3.804853485772945078e+03
1.929084852688369267e+02 3.800000000000000000e+03
1.934169844151966231e+02 3.784427856473555948e+03
1.939439611706359301e+02 3.768825250797792251e+03
1.950600582743776101e+02 3.737528294758099491e+03
1.965214892902428971e+02 3.700000000000000000e+03
1.978884515821498837e+02 3.668280721280808848e+03
1.987858990138778097e+02 3.649163394452884859e+03
1.997544063371670688e+02 3.630000000000000000e+03
2.005656613014687082e+02 3.614999772910571210e+03
2.009893844143512638e+02 3.607499829684217730e+03
2.014265270790611169e+02 3.600000000000000000e+03
2.028795048838769333e+02 3.576775986262010065e+03
2.036739677787819289e+02 3.565164474887929828e+03
2.045256171288384621e+02 3.553553293824999400e+03
2.067916112470361725e+02 3.526775768576072096e+03
2.098258650256247790e+02 3.500000000000000000e+03
2.110562349626794116e+02 3.492023793463924903e+03
2.138325754945164192e+02 3.480000000000000000e+03
2.166089160263533984e+02 3.492023793463924903e+03
2.178392859634080594e+02 3.500000000000000000e+03
2.208735397419966660e+02 3.526775768576072096e+03
2.231395338601943763e+02 3.553553293824999400e+03
2.239911832102509095e+02 3.565164474887929828e+03
2.247856461051559052e+02 3.576775986262010065e+03
2.262386239099716931e+02 3.600000000000000000e+03
2.266757665746815746e+02 3.607499829684217730e+03
2.270994896875641302e+02 3.614999772910571210e+03
2.279107446518657412e+02 3.630000000000000000e+03
2.288792519751550003e+02 3.649163394452884859e+03
2.297766994068829263e+02 3.668280721280808848e+03
2.311436616987899129e+02 3.700000000000000000e+03
2.326050927146551999e+02 3.737528294758099491e+03
2.337211898183969083e+02 3.768825250797792251e+03
2.342481665738362153e+02 3.784427856473555948e+03
2.347566657201958833e+02 3.800000000000000000e+03
2.349118021107647962e+02 3.804853485772945078e+03
2.350653195039741092e+02 3.809704043666336020e+03
2.364305255660437695e+02 3.854979169015443404e+03
2.370691607923543245e+02 3.877521237213616132e+03
2.376819313230088540e+02 3.900000000000000000e+03
2.379795590038097544e+02 3.911225605882083528e+03
2.382714941740593133e+02 3.922435527900394845e+03
2.385579606716774492e+02 3.933629798901071808e+03
2.388391679637658171e+02 3.944808451638598854e+03
2.389531115925420579e+02 3.949392145892666576e+03
2.390097676943563840e+02 3.951683009119788494e+03
2.390662154462236799e+02 3.953973216789043363e+03
2.395075584455929913e+02 3.972149362520172872e+03
2.399365842927828965e+02 3.990284269093446710e+03
2.400497025460056193e+02 3.995143612901741562e+03
2.401619954033796773e+02 4.000000000000000000e+03
2.404685079258315739e+02 4.013422300691796409e+03
2.406195054450157045e+02 4.020124987488006354e+03
2.407690360594735068e+02 4.026822041401353090e+03
2.415651635074833905e+02 4.063495247384585582e+03
2.423220681203929701e+02 4.100000000000000000e+03
2.426865675939110929e+02 4.118170185945573394e+03
2.430425714681957743e+02 4.136298565928655080e+03
2.430691422945592421e+02 4.137666949604132242e+03
2.436644532432389383e+02 4.168895314184890594e+03
2.442372852163672121e+02 4.200000000000000000e+03
2.445151931914796251e+02 4.215474635658658372e+03
2.447880520783584757e+02 4.230918457524750920e+03
2.451628587406338227e+02 4.252544907707078892e+03
2.459570952844444491e+02 4.300000000000000000e+03
2.465328674089199694e+02 4.335839642122849909e+03
2.470867737571839200e+02 4.371510725873732554e+03
2.473030911516663366e+02 4.385768783619147143e+03
2.475162091988943871e+02 4.400000000000000000e+03
2.476198028591523439e+02 4.406984467210255389e+03
2.482565774810115613e+02 4.450902561122331463e+03
2.485645108149321345e+02 4.472764117764656476e+03
2.488658194023822432e+02 4.494561065026764481e+03
2.489030277444149419e+02 4.497281034716017530e+03
2.489401368212146508e+02 4.500000000000000000e+03
2.491957707998468550e+02 4.518901882588699664e+03
2.494467325941681111e+02 4.537754164709254837e+03
2.494692349576664014e+02 4.539459058171074503e+03
2.494917002837586040e+02 4.541163546563089767e+03
2.497589855701412205e+02 4.561628604046322835e+03
2.498906801713040124e+02 4.571839253271146845e+03
2.499560497209882897e+02 4.576939121644680199e+03
2.499886161886141736e+02 4.579487693472211504e+03
2.500211042094910567e+02 4.582035357707135518e+03
2.502483135883772718e+02 4.600000000000000000e+03
2.505289941632940440e+02 4.622554150333280631e+03
2.507666921991350932e+02 4.641974078156351425e+03
2.511158886527711047e+02 4.671047855811226327e+03
2.514559524532155592e+02 4.700000000000000000e+03
2.514701640947083661e+02 4.701223933096043766e+03
2.514843599182131868e+02 4.702447642573829398e+03
2.517846771458018509e+02 4.728604880064525787e+03
2.519798757245548870e+02 4.745886131456858493e+03
2.521720890437908906e+02 4.763122760832113272e+03
2.522554689219503246e+02 4.770668521131959096e+03
2.523382947908767449e+02 4.778205745655412102e+03
2.525023081077083589e+02 4.793254645241781873e+03
2.525388296081113708e+02 4.796628177874657922e+03
2.525752434942552327e+02 4.800000000000000000e+03
2.527055015971558589e+02 4.812129562455151245e+03
2.527701113383542122e+02 4.818185765245956645e+03
2.528022876731020290e+02 4.821211725570394265e+03
2.528343788023249772e+02 4.824236259859541860e+03
2.532316418369740916e+02 4.862230287249800313e+03
2.536161215902724564e+02 4.900000000000000000e+03
2.538018465192895974e+02 4.918608118927849318e+03
2.539846365686939009e+02 4.937160013312628507e+03
2.542897182256766371e+02 4.968660727985812628e+03
2.544392472956265294e+02 4.984350466656896970e+03
2.545868233563766125e+02 5.000000000000000000e+03
2.546590587542303012e+02 5.007720659996419272e+03
2.547308248436234237e+02 5.015431166328467953e+03
2.548729679585352130e+02 5.030821798014501837e+03
2.549554902862689971e+02 5.039830148983069193e+03
2.550373934741992343e+02 5.048824642022135777e+03
2.550779649258844302e+02 5.053300105003316276e+03
2.551183854063388878e+02 5.057772140936690448e+03
2.551385393064146001e+02 5.060006874990323922e+03
2.551586557904423671e+02 5.062240753757101629e+03
2.551687000353223596e+02 5.063357372561343254e+03
2.551787349666461466e+02 5.064473777727936067e+03
2.551887605978405418e+02 5.065589969318183648e+03
2.551937699300929125e+02 5.066147985041328866e+03
2.551987769423353996e+02 5.066705947393367751e+03
2.552448891700437059e+02 5.071854175867099912e+03
2.552908051399982128e+02 5.076997862837097273e+03
2.553366669131748949e+02 5.082152863521321706e+03
2.553823338128655394e+02 5.087303306729801989e+03
2.554279489360927471e+02 5.092465273752032772e+03
2.554506838490368352e+02 5.095044541692768689e+03
2.554733705409365143e+02 5.097622666933323671e+03
2.554922839555549672e+02 5.099775307355141194e+03
2.554942566119794662e+02 5.100000000000000000e+03
2.555287396183528301e+02 5.103933093874856240e+03
2.555631096732901995e+02 5.107863416640710057e+03
2.555885871035831087e+02 5.110783377244053554e+03
2.556140026626516146e+02 5.113701809280693851e+03
2.556267150763152642e+02 5.115163646537939712e+03
2.556394120416200053e+02 5.116625100430052953e+03
2.556520935875360578e+02 5.118086171107819609e+03
2.556647597429557095e+02 5.119546858721945682e+03
2.556746339384015698e+02 5.120686536537831671e+03
2.556844987914955709e+02 5.121825981212500665e+03
2.556943543158724310e+02 5.122965192817484422e+03
2.556992785840612896e+02 5.123534711241189143e+03
2.557042005251709327e+02 5.124104171424285596e+03
2.558679920629076037e+02 5.143175607226947250e+03
2.560292289617702863e+02 5.162181835061464881e+03
2.561879720064956132e+02 5.181123188790137647e+03
2.563442799364317466e+02 5.200000000000000000e+03
2.566455718141716034e+02 5.237037856906376874e+03
2.568969225118305530e+02 5.268613070347176290e+03
2.571419122261771690e+02 5.300000000000000000e+03
2.573771577590911193e+02 5.330725577178969615e+03
2.573899569449796445e+02 5.332414195103907332e+03
2.576315324373602493e+02 5.364619688891984879e+03
2.577624444829954768e+02 5.382341283162184482e+03
2.578914955414167025e+02 5.400000000000000000e+03
2.579502903768228634e+02 5.408108483110237103e+03
2.580086951513103486e+02 5.416203119612529008e+03
2.581243498023619622e+02 5.432350994423984048e+03
2.581816073163329293e+02 5.440404303246951713e+03
2.582384898774719204e+02 5.448443906490607333e+03
2.583511446087998138e+02 5.464482135951820965e+03
2.584132247909166153e+02 5.473386772410306548e+03
2.584748584058704637e+02 5.482274596889916211e+03
2.585968048020179708e+02 5.500000000000000000e+03
2.586520641104151537e+02 5.508094375114532340e+03
2.587069564022207260e+02 5.516174135411034513e+03
2.588156541972522291e+02 5.532289969591510271e+03
2.588694668338310976e+02 5.540326122140537336e+03
2.589229265575753516e+02 5.548347817202922670e+03
2.590288007770527656e+02 5.564347990646462677e+03
2.591458162832444714e+02 5.582209796666496004e+03
2.592036897767171695e+02 5.591113821732636097e+03
2.592324699185512600e+02 5.595559138360928046e+03
2.592611463910689054e+02 5.600000000000000000e+03
2.593554324583873267e+02 5.614737222997924619e+03
2.594469664539702762e+02 5.629272204888298802e+03
2.595750462553733087e+02 5.650000000000000000e+03
2.596060461162464321e+02 5.655086888358275246e+03
2.596214264564898144e+02 5.657621033707950119e+03
2.596290869796584957e+02 5.658885791585033076e+03
2.596329098605508534e+02 5.659517593057181330e+03
2.596367278327062422e+02 5.660149010020322748e+03
2.596371374227202296e+02 5.660216773446381922e+03
2.596437197052920283e+02 5.661306434670083945e+03
2.596470053798685740e+02 5.661850836085401170e+03
2.596486468529458307e+02 5.662122929592526816e+03
2.596502874174827866e+02 5.662394951670154114e+03
2.596729345278238270e+02 5.666158182732464411e+03
2.597676776709942033e+02 5.682067792569701851e+03
2.598235474386807482e+02 5.691577756961269188e+03
2.598510790785926474e+02 5.696299767616116696e+03
2.598783466570351948e+02 5.701000000000000000e+03
2.599577604341309325e+02 5.716005170388375518e+03
2.600361646061728607e+02 5.730947898682818050e+03
2.600448582707263085e+02 5.732612718651146679e+03
2.600535395979651412e+02 5.734276765325053020e+03
2.600625209749958913e+02 5.736000000000000000e+03
2.601525720998847078e+02 5.753372645957148961e+03
2.601900166983855911e+02 5.760647581597568205e+03
2.602238511441199762e+02 5.767247208179240261e+03
2.602430339412170497e+02 5.771000000000000000e+03
2.602824199477337856e+02 5.778745214811430742e+03
2.602863176175844728e+02 5.779515157886744419e+03
2.603083414539017895e+02 5.783877590861345197e+03
2.603514590126630992e+02 5.792477131407868910e+03
2.603799834452140658e+02 5.798209559798375267e+03
2.604494835597083693e+02 5.812324404815953130e+03
2.604916883812957167e+02 5.821000000000000000e+03
2.605498634158800542e+02 5.833090747999037376e+03
2.605573760653584259e+02 5.834663479482633193e+03
2.605611228615802020e+02 5.835448831251936099e+03
2.605629938840032196e+02 5.835841254024722730e+03
2.605648633250708031e+02 5.836233508201259610e+03
2.605726683295346220e+02 5.837872951980803009e+03
2.605765605040653554e+02 5.838691570176271853e+03
2.605785040166875888e+02 5.839100603783760562e+03
2.605794751302456120e+02 5.839305051769019883e+03
2.605804458156453052e+02 5.839509453895870138e+03
2.606005652345850194e+02 5.843756106197040936e+03
2.606065532434703869e+02 5.845023708057446129e+03
2.606618090136100818e+02 5.856801948922146948e+03
2.607275061338413025e+02 5.871000000000000000e+03
2.607743530118950162e+02 5.881256383119759448e+03
2.608201680487676981e+02 5.891395956763047252e+03
2.608867228432619640e+02 5.906322774931001732e+03
2.609511441601184174e+02 5.921000000000000000e+03
2.609774310925448617e+02 5.927055336232162517e+03
2.610033689052618229e+02 5.933068701681323546e+03
2.610542220868434242e+02 5.944971253664713913e+03
2.611037528051663230e+02 5.956711063565764562e+03
2.611337189713212865e+02 5.963885586377381514e+03
2.611632086119627729e+02 5.971000000000000000e+03
2.612150175884988244e+02 5.984097967492593853e+03
2.612662685084431473e+02 5.997145694263439509e+03
2.613031276288920708e+02 6.006585953588864868e+03
2.613397002484840641e+02 6.016000000000000000e+03
2.613671254748547881e+02 6.023090516904660944e+03
2.614255090089148439e+02 6.038274581129143371e+03
2.614658379179603571e+02 6.048834999067952594e+03
2.615120157279736191e+02 6.061000000000000000e+03
2.615541055248986595e+02 6.072156670230864620e+03
2.615958098130185476e+02 6.083276379584152892e+03
2.616170757293972429e+02 6.088971767949280547e+03
2.616382419574530331e+02 6.094657484409988683e+03
2.616802779294722541e+02 6.106000000000000000e+03
2.617008788799790864e+02 6.111583532987353465e+03
2.617213852261203328e+02 6.117157741448922025e+03
2.617621165034009891e+02 6.128278278070941269e+03
2.617828838525733772e+02 6.133973282880642728e+03
2.618035539912935405e+02 6.139658554866933628e+03
2.618241275528918095e+02 6.145334118958759063e+03
2.618343783148315538e+02 6.148168268311272186e+03
2.618446051675521176e+02 6.151000000000000000e+03
2.619040611525067561e+02 6.168475816192898492e+03
2.619634148099229378e+02 6.186000000000000000e+03
2.620223399742351944e+02 6.203475292094711222e+03
2.620811713259148519e+02 6.221000000000000000e+03
2.621312592618721737e+02 6.235981114146495202e+03
2.621645935740781397e+02 6.245982315499501055e+03
2.621978999788556166e+02 6.256000000000000000e+03
2.622268605615726074e+02 6.264730751490902549e+03
2.622558015648712626e+02 6.273474316488087425e+03
2.622847230482459508e+02 6.282230723220483014e+03
2.623136250710621198e+02 6.291000000000000000e+03
2.623464802755389655e+02 6.300991482874092981e+03
2.623793120004043544e+02 6.311000000000000000e+03
2.624060264732250971e+02 6.319161558655203407e+03
2.624193781640343559e+02 6.323246641096669919e+03
2.624327261653489813e+02 6.327334596315524323e+03
2.624446833445337575e+02 6.331000000000000000e+03
2.624573814282542799e+02 6.334896038686511019e+03
2.624700763300990047e+02 6.338794716459812662e+03
2.624827680546733291e+02 6.342696036002298570e+03
2.624891127268803075e+02 6.344647687276229590e+03
2.624954566064949972e+02 6.346600000000000364e+03
2.625084999188069332e+02 6.351300000000000182e+03
2.625150139967424820e+02 6.353650000000000546e+03
2.625182691437651101e+02 6.354825000000000728e+03
2.625215230304836496e+02 6.356000000000000000e+03
2.625382842884611136e+02 6.363500000000000000e+03
2.625466496552635363e+02 6.367250000000000000e+03
2.625508285313075021e+02 6.369125000000000000e+03
2.625529170185114936e+02 6.370062500000000000e+03
2.625550048722253678e+02 6.371000000000000000e+03
2.625570927259393557e+02 6.370062500000000000e+03
2.625591812131433471e+02 6.369125000000000000e+03
2.625633600891873130e+02 6.367250000000000000e+03
2.625717254559896219e+02 6.363500000000000000e+03
2.625884867139671996e+02 6.356000000000000000e+03
2.625917406006856822e+02 6.354825000000000728e+03
2.625949957477083103e+02 6.353650000000000546e+03
2.626015098256438591e+02 6.351300000000000182e+03
2.626145531379557951e+02 6.346600000000000364e+03
2.626208970175705417e+02 6.344647687276229590e+03
2.626272416897774633e+02 6.342696036002298570e+03
2.626399334143517876e+02 6.338794716459812662e+03
2.626526283161965125e+02 6.334896038686511019e+03
2.626653263999170349e+02 6.331000000000000000e+03
2.626772835791018679e+02 6.327334596315524323e+03
2.626906315804164933e+02 6.323246641096669919e+03
2.627039832712256953e+02 6.319161558655203407e+03
2.627306977440464379e+02 6.311000000000000000e+03
2.627635294689118837e+02 6.300991482874092981e+03
2.627963846733886726e+02 6.291000000000000000e+03
2.628252866962048415e+02 6.282230723220483014e+03
2.628542081795794729e+02 6.273474316488087425e+03
2.628831491828781850e+02 6.264730751490902549e+03
2.629121097655952326e+02 6.256000000000000000e+03
2.629454161703727095e+02 6.245982315499501055e+03
2.629787504825785618e+02 6.235981114146495202e+03
2.630288384185359973e+02 6.221000000000000000e+03
2.630876697702155980e+02 6.203475292094711222e+03
2.631465949345279114e+02 6.186000000000000000e+03
2.632059485919440931e+02 6.168475816192898492e+03
2.632654045768987316e+02 6.151000000000000000e+03
2.632756314296192386e+02 6.148168268311272186e+03
2.632858821915589829e+02 6.145334118958759063e+03
2.633064557531572518e+02 6.139658554866933628e+03
2.633271258918774151e+02 6.133973282880642728e+03
2.633478932410498032e+02 6.128278278070941269e+03
2.633886245183304027e+02 6.117157741448922025e+03
2.634091308644717060e+02 6.111583532987353465e+03
2.634297318149785951e+02 6.106000000000000000e+03
2.634717677869978161e+02 6.094657484409988683e+03
2.634929340150536063e+02 6.088971767949280547e+03
2.635141999314322447e+02 6.083276379584152892e+03
2.635559042195521329e+02 6.072156670230864620e+03
2.635979940164771733e+02 6.061000000000000000e+03
2.636441718264904353e+02 6.048834999067952594e+03
2.636845007355359485e+02 6.038274581129143371e+03
2.637428842695960043e+02 6.023090516904660944e+03
2.637703094959666714e+02 6.016000000000000000e+03
2.638068821155587216e+02 6.006585953588864868e+03
2.638437412360076451e+02 5.997145694263439509e+03
2.638949921559519680e+02 5.984097967492593853e+03
2.639468011324880194e+02 5.971000000000000000e+03
2.639762907731295627e+02 5.963885586377381514e+03
2.640062569392845262e+02 5.956711063565764562e+03
2.640557876576073681e+02 5.944971253664713913e+03
2.641066408391889695e+02 5.933068701681323546e+03
2.641325786519059307e+02 5.927055336232162517e+03
2.641588655843323750e+02 5.921000000000000000e+03
2.642232869011888283e+02 5.906322774931001732e+03
2.642898416956830943e+02 5.891395956763047252e+03
2.643356567325557762e+02 5.881256383119759448e+03
2.643825036106094899e+02 5.871000000000000000e+03
2.644482007308407674e+02 5.856801948922146948e+03
2.645034565009804055e+02 5.845023708057446129e+03
2.645094445098657161e+02 5.843756106197040936e+03
2.645295639288054872e+02 5.839509453895870138e+03
2.645305346142051803e+02 5.839305051769019883e+03
2.645315057277632036e+02 5.839100603783760562e+03
2.645334492403854938e+02 5.838691570176271853e+03
2.645373414149162272e+02 5.837872951980803009e+03
2.645451464193799893e+02 5.836233508201259610e+03
2.645470158604475728e+02 5.835841254024722730e+03
2.645488868828705904e+02 5.835448831251936099e+03
2.645526336790924233e+02 5.834663479482633193e+03
2.645601463285707382e+02 5.833090747999037376e+03
2.646183213631551325e+02 5.821000000000000000e+03
2.646605261847424799e+02 5.812324404815953130e+03
2.647300262992367834e+02 5.798209559798375267e+03
2.647585507317877500e+02 5.792477131407868910e+03
2.648016682905490597e+02 5.783877590861345197e+03
2.648236921268662627e+02 5.779515157886744419e+03
2.648275897967170067e+02 5.778745214811430742e+03
2.648669758032337995e+02 5.771000000000000000e+03
2.648861586003308730e+02 5.767247208179240261e+03
2.649199930460652013e+02 5.760647581597568205e+03
2.649574376445660846e+02 5.753372645957148961e+03
2.650474887694549579e+02 5.736000000000000000e+03
2.650564701464856512e+02 5.734276765325053020e+03
2.650651514737244270e+02 5.732612718651146679e+03
2.650738451382779886e+02 5.730947898682818050e+03
2.651522493103199167e+02 5.716005170388375518e+03
2.652316630874156544e+02 5.701000000000000000e+03
2.652589306658582018e+02 5.696299767616116696e+03
2.652864623057701010e+02 5.691577756961269188e+03
2.653423320734566460e+02 5.682067792569701851e+03
2.654370752166269654e+02 5.666158182732464411e+03
2.654597223269680057e+02 5.662394951670154114e+03
2.654613628915050185e+02 5.662122929592526816e+03
2.654630043645822184e+02 5.661850836085401170e+03
2.654662900391588209e+02 5.661306434670083945e+03
2.654728723217305628e+02 5.660216773446381922e+03
2.654732819117446070e+02 5.660149010020322748e+03
2.654770998838999390e+02 5.659517593057181330e+03
2.654809227647922967e+02 5.658885791585033076e+03
2.654885832879609779e+02 5.657621033707950119e+03
2.655039636282043602e+02 5.655086888358275246e+03
2.655349634890775405e+02 5.650000000000000000e+03
2.656630432904805161e+02 5.629272204888298802e+03
2.657545772860635225e+02 5.614737222997924619e+03
2.658488633533819439e+02 5.600000000000000000e+03
2.658775398258995892e+02 5.595559138360928046e+03
2.659063199677336797e+02 5.591113821732636097e+03
2.659641934612063778e+02 5.582209796666496004e+03
2.660812089673980267e+02 5.564347990646462677e+03
2.661870831868753839e+02 5.548347817202922670e+03
2.662405429106196380e+02 5.540326122140537336e+03
2.662943555471985633e+02 5.532289969591510271e+03
2.664030533422301232e+02 5.516174135411034513e+03
2.664579456340356387e+02 5.508094375114532340e+03
2.665132049424328216e+02 5.500000000000000000e+03
2.666351513385803855e+02 5.482274596889916211e+03
2.666967849535341770e+02 5.473386772410306548e+03
2.667588651356509786e+02 5.464482135951820965e+03
2.668715198669788720e+02 5.448443906490607333e+03
2.669284024281178063e+02 5.440404303246951713e+03
2.669856599420888870e+02 5.432350994423984048e+03
2.671013145931403869e+02 5.416203119612529008e+03
2.671597193676279289e+02 5.408108483110237103e+03
2.672185142030341467e+02 5.400000000000000000e+03
2.673475652614553155e+02 5.382341283162184482e+03
2.674784773070905430e+02 5.364619688891984879e+03
2.677200527994711479e+02 5.332414195103907332e+03
2.677328519853597300e+02 5.330725577178969615e+03
2.679680975182736802e+02 5.300000000000000000e+03
2.682130872326201825e+02 5.268613070347176290e+03
2.684644379302791890e+02 5.237037856906376874e+03
2.687657298080190458e+02 5.200000000000000000e+03
2.689220377379551792e+02 5.181123188790137647e+03
2.690807807826804492e+02 5.162181835061464881e+03
2.692420176815431887e+02 5.143175607226947250e+03
2.694058092192798881e+02 5.124104171424285596e+03
2.694107311603895027e+02 5.123534711241189143e+03
2.694156554285783614e+02 5.122965192817484422e+03
2.694255109529552215e+02 5.121825981212500665e+03
2.694353758060492510e+02 5.120686536537831671e+03
2.694452500014950829e+02 5.119546858721945682e+03
2.694579161569147345e+02 5.118086171107819609e+03
2.694705977028307871e+02 5.116625100430052953e+03
2.694832946681355565e+02 5.115163646537939712e+03
2.694960070817992346e+02 5.113701809280693851e+03
2.695214226408676836e+02 5.110783377244053554e+03
2.695469000711606213e+02 5.107863416640710057e+03
2.695812701260979338e+02 5.103933093874856240e+03
2.696157531324713545e+02 5.100000000000000000e+03
2.696177257888958820e+02 5.099775307355141194e+03
2.696366392035142781e+02 5.097622666933323671e+03
2.696593258954139856e+02 5.095044541692768689e+03
2.696820608083580737e+02 5.092465273752032772e+03
2.697276759315852814e+02 5.087303306729801989e+03
2.697733428312759543e+02 5.082152863521321706e+03
2.698192046044525796e+02 5.076997862837097273e+03
2.698651205744071149e+02 5.071854175867099912e+03
2.699112328021154212e+02 5.066705947393367751e+03
2.699162398143578798e+02 5.066147985041328866e+03
2.699212491466102506e+02 5.065589969318183648e+03
2.699312747778046742e+02 5.064473777727936067e+03
2.699413097091284044e+02 5.063357372561343254e+03
2.699513539540084821e+02 5.062240753757101629e+03
2.699714704380361923e+02 5.060006874990323922e+03
2.699916243381119330e+02 5.057772140936690448e+03
2.700320448185664191e+02 5.053300105003316276e+03
2.700726162702516149e+02 5.048824642022135777e+03
2.701545194581818237e+02 5.039830148983069193e+03
2.702370417859156078e+02 5.030821798014501837e+03
2.703791849008273402e+02 5.015431166328467953e+03
2.704509509902205195e+02 5.007720659996419272e+03
2.705231863880742367e+02 5.000000000000000000e+03
2.706707624488242914e+02 4.984350466656896970e+03
2.708202915187741837e+02 4.968660727985812628e+03
2.711253731757569199e+02 4.937160013312628507e+03
2.713081632251612518e+02 4.918608118927849318e+03
2.714938881541783644e+02 4.900000000000000000e+03
2.718783679074766724e+02 4.862230287249800313e+03
2.722756309421258720e+02 4.824236259859541860e+03
2.723077220713487350e+02 4.821211725570394265e+03
2.723398984060966086e+02 4.818185765245956645e+03
2.724045081472949619e+02 4.812129562455151245e+03
2.725347662501956165e+02 4.800000000000000000e+03
2.725711801363394216e+02 4.796628177874657922e+03
2.726077016367424335e+02 4.793254645241781873e+03
2.727717149535740759e+02 4.778205745655412102e+03
2.728545408225004394e+02 4.770668521131959096e+03
2.729379207006599017e+02 4.763122760832113272e+03
2.731301340198958769e+02 4.745886131456858493e+03
2.733253325986489699e+02 4.728604880064525787e+03
2.736256498262375771e+02 4.702447642573829398e+03
2.736398456497424831e+02 4.701223933096043766e+03
2.736540572912352900e+02 4.700000000000000000e+03
2.739941210916796877e+02 4.671047855811226327e+03
2.743433175453156991e+02 4.641974078156351425e+03
2.745810155811567483e+02 4.622554150333280631e+03
2.748616961560735490e+02 4.600000000000000000e+03
2.750889055349597356e+02 4.582035357707135518e+03
2.751213935558366188e+02 4.579487693472211504e+03
2.751539600234625027e+02 4.576939121644680199e+03
2.752193295731467515e+02 4.571839253271146845e+03
2.753510241743096003e+02 4.561628604046322835e+03
2.756183094606922168e+02 4.541163546563089767e+03
2.756407747867843909e+02 4.539459058171074503e+03
2.756632771502827381e+02 4.537754164709254837e+03
2.759142389446039374e+02 4.518901882588699664e+03
2.761698729232361984e+02 4.500000000000000000e+03
2.762069820000358504e+02 4.497281034716017530e+03
2.762441903420685776e+02 4.494561065026764481e+03
2.765454989295186579e+02 4.472764117764656476e+03
2.768534322634392311e+02 4.450902561122331463e+03
2.774902068852984485e+02 4.406984467210255389e+03
2.775938005455564053e+02 4.400000000000000000e+03
2.778069185927844273e+02 4.385768783619147143e+03
2.780232359872669008e+02 4.371510725873732554e+03
2.785771423355308798e+02 4.335839642122849909e+03
2.791529144600063432e+02 4.300000000000000000e+03
2.799471510038169981e+02 4.252544907707078892e+03
2.803219576660923167e+02 4.230918457524750920e+03
2.805948165529712242e+02 4.215474635658658372e+03
2.808727245280836087e+02 4.200000000000000000e+03
2.814455565012118541e+02 4.168895314184890594e+03
2.820408674498916071e+02 4.137666949604132242e+03
2.820674382762550749e+02 4.136298565928655080e+03
2.824234421505396995e+02 4.118170185945573394e+03
2.827879416240578507e+02 4.100000000000000000e+03
2.835448462369674303e+02 4.063495247384585582e+03
2.843409736849773140e+02 4.026822041401353090e+03
2.844905042994350879e+02 4.020124987488006354e+03
2.846415018186191901e+02 4.013422300691796409e+03
2.849480143410711435e+02 4.000000000000000000e+03
2.850603071984452299e+02 3.995143612901741562e+03
2.851734254516679243e+02 3.990284269093446710e+03
2.856024512988578294e+02 3.972149362520172872e+03
2.860437942982271124e+02 3.953973216789043363e+03
2.861002420500943799e+02 3.951683009119788494e+03
2.861568981519087629e+02 3.949392145892666576e+03
2.862708417806850321e+02 3.944808451638598854e+03
2.865520490727733431e+02 3.933629798901071808e+03
2.868385155703915075e+02 3.922435527900394845e+03
2.871304507406410949e+02 3.911225605882083528e+03
2.874280784214419100e+02 3.900000000000000000e+03
2.880408489520964395e+02 3.877521237213616132e+03
2.886794841784070513e+02 3.854979169015443404e+03
2.900446902404767116e+02 3.809704043666336020e+03
2.901982076336860814e+02 3.804853485772945078e+03
2.903533440242549659e+02 3.800000000000000000e+03
2.908618431706146339e+02 3.784427856473555948e+03
2.913888199260539977e+02 3.768825250797792251e+03
2.925049170297956493e+02 3.737528294758099491e+03
2.939663480456609932e+02 3.700000000000000000e+03
2.953333103375679229e+02 3.668280721280808848e+03
2.962307577692958489e+02 3.649163394452884859e+03
2.971992650925851081e+02 3.630000000000000000e+03
2.980105200568867190e+02 3.614999772910571210e+03
2.984342431697692746e+02 3.607499829684217730e+03
2.988713858344791561e+02 3.600000000000000000e+03
3.003243636392949156e+02 3.576775986262010065e+03
3.011188265341999113e+02 3.565164474887929828e+03
3.019704758842564161e+02 3.553553293824999400e+03
3.042364700024540980e+02 3.526775768576072096e+03
3.072707237810427614e+02 3.500000000000000000e+03
3.085010937180973656e+02 3.492023793463924903e+03
3.112774342499343447e+02 3.480000000000000000e+03
3.140537747817713807e+02 3.492023793463924903e+03
3.152841447188260418e+02 3.500000000000000000e+03
3.183183984974145915e+02 3.526775768576072096e+03
3.205843926156123302e+02 3.553553293824999400e+03
3.214360419656688350e+02 3.565164474887929828e+03
3.222305048605738307e+02 3.576775986262010065e+03
3.236834826653895902e+02 3.600000000000000000e+03
3.241206253300994717e+02 3.607499829684217730e+03
3.245443484429820273e+02 3.614999772910571210e+03
3.253556034072836383e+02 3.630000000000000000e+03
3.263241107305728974e+02 3.649163394452884859e+03
3.272215581623008234e+02 3.668280721280808848e+03
3.285885204542077531e+02 3.700000000000000000e+03
3.300499514700730970e+02 3.737528294758099491e+03
3.311660485738148054e+02 3.768825250797792251e+03
3.316930253292541124e+02 3.784427856473555948e+03
3.322015244756137804e+02 3.800000000000000000e+03
3.323566608661826649e+02 3.804853485772945078e+03
3.325101782593920348e+02 3.809704043666336020e+03
3.338753843214616950e+02 3.854979169015443404e+03
3.345140195477723069e+02 3.877521237213616132e+03
3.351267900784267795e+02 3.900000000000000000e+03
3.354244177592277083e+02 3.911225605882083528e+03
3.357163529294772388e+02 3.922435527900394845e+03
3.360028194270953463e+02 3.933629798901071808e+03
3.362840267191837142e+02 3.944808451638598854e+03
3.363979703479599266e+02 3.949392145892666576e+03
3.364546264497742527e+02 3.951683009119788494e+03
3.365110742016415202e+02 3.953973216789043363e+03
3.369524172010108600e+02 3.972149362520172872e+03
3.373814430482007651e+02 3.990284269093446710e+03
3.374945613014234596e+02 3.995143612901741562e+03
3.376068541587974892e+02 4.000000000000000000e+03
3.379133666812493857e+02 4.013422300691796409e+03
3.380643642004335447e+02 4.020124987488006354e+03
3.382138948148913187e+02 4.026822041401353090e+03
3.390100222629011455e+02 4.063495247384585582e+03
3.397669268758107819e+02 4.100000000000000000e+03
3.401314263493288763e+02 4.118170185945573394e+03
3.404874302236135009e+02 4.136298565928655080e+03
3.405140010499769687e+02 4.137666949604132242e+03
3.411093119986566649e+02 4.168895314184890594e+03
3.416821439717849103e+02 4.200000000000000000e+03
3.419600519468973516e+02 4.215474635658658372e+03
3.422329108337761454e+02 4.230918457524750920e+03
3.426077174960515208e+02 4.252544907707078892e+03
3.434019540398621189e+02 4.300000000000000000e+03
3.439777261643376391e+02 4.335839642122849909e+03
3.445316325126016181e+02 4.371510725873732554e+03
3.447479499070840347e+02 4.385768783619147143e+03
3.449610679543121137e+02 4.400000000000000000e+03
3.450646616145700705e+02 4.406984467210255389e+03
3.457014362364292879e+02 4.450902561122331463e+03
3.460093695703498042e+02 4.472764117764656476e+03
3.463106781577999413e+02 4.494561065026764481e+03
3.463478864998326685e+02 4.497281034716017530e+03
3.463849955766323774e+02 4.500000000000000000e+03
3.466406295552645247e+02 4.518901882588699664e+03
3.468915913495857808e+02 4.537754164709254837e+03
3.469140937130841280e+02 4.539459058171074503e+03
3.469365590391763021e+02 4.541163546563089767e+03
3.472038443255589755e+02 4.561628604046322835e+03
3.473355389267217674e+02 4.571839253271146845e+03
3.474009084764060162e+02 4.576939121644680199e+03
3.474334749440319001e+02 4.579487693472211504e+03
3.474659629649087833e+02 4.582035357707135518e+03
3.476931723437950268e+02 4.600000000000000000e+03
3.479738529187117706e+02 4.622554150333280631e+03
3.482115509545528198e+02 4.641974078156351425e+03
3.485607474081888313e+02 4.671047855811226327e+03
3.489008112086332858e+02 4.700000000000000000e+03
3.489150228501260926e+02 4.701223933096043766e+03
3.489292186736308850e+02 4.702447642573829398e+03
3.492295359012195490e+02 4.728604880064525787e+03
3.494247344799726420e+02 4.745886131456858493e+03
3.496169477992086172e+02 4.763122760832113272e+03
3.497003276773680795e+02 4.770668521131959096e+03
3.497831535462944998e+02 4.778205745655412102e+03
3.499471668631261423e+02 4.793254645241781873e+03
3.499836883635290974e+02 4.796628177874657922e+03
3.500201022496729593e+02 4.800000000000000000e+03
3.501503603525735571e+02 4.812129562455151245e+03
3.502149700937719103e+02 4.818185765245956645e+03
3.502471464285197271e+02 4.821211725570394265e+03
3.502792375577426469e+02 4.824236259859541860e+03
3.506765005923917897e+02 4.862230287249800313e+03
3.510609803456901545e+02 4.900000000000000000e+03
3.512467052747072671e+02 4.918608118927849318e+03
3.514294953241115422e+02 4.937160013312628507e+03
3.517345769810942784e+02 4.968660727985812628e+03
3.518841060510441707e+02 4.984350466656896970e+03
3.520316821117942254e+02 5.000000000000000000e+03
3.521039175096479426e+02 5.007720659996419272e+03
3.521756835990410650e+02 5.015431166328467953e+03
3.523178267139528543e+02 5.030821798014501837e+03
3.524003490416865816e+02 5.039830148983069193e+03
3.524822522296168472e+02 5.048824642022135777e+03
3.525228236813020430e+02 5.053300105003316276e+03
3.525632441617565291e+02 5.057772140936690448e+03
3.525833980618322698e+02 5.060006874990323922e+03
3.526035145458599800e+02 5.062240753757101629e+03
3.526135587907400009e+02 5.063357372561343254e+03
3.526235937220637879e+02 5.064473777727936067e+03
3.526336193532582115e+02 5.065589969318183648e+03
3.526386286855105823e+02 5.066147985041328866e+03
3.526436356977530409e+02 5.066705947393367751e+03
3.526897479254613472e+02 5.071854175867099912e+03
3.527356638954158825e+02 5.076997862837097273e+03
3.527815256685925647e+02 5.082152863521321706e+03
3.528271925682831807e+02 5.087303306729801989e+03
3.528728076915103884e+02 5.092465273752032772e+03
3.528955426044544765e+02 5.095044541692768689e+03
3.529182292963541272e+02 5.097622666933323671e+03
3.529371427109725801e+02 5.099775307355141194e+03
3.529391153673971075e+02 5.100000000000000000e+03
3.529735983737704714e+02 5.103933093874856240e+03
3.530079684287078408e+02 5.107863416640710057e+03
3.530334458590007216e+02 5.110783377244053554e+03
3.530588614180692275e+02 5.113701809280693851e+03
3.530715738317329055e+02 5.115163646537939712e+03
3.530842707970376182e+02 5.116625100430052953e+03
3.530969523429536707e+02 5.118086171107819609e+03
3.531096184983733224e+02 5.119546858721945682e+03
3.531194926938192111e+02 5.120686536537831671e+03
3.531293575469132406e+02 5.121825981212500665e+03
3.531392130712901007e+02 5.122965192817484422e+03
3.531441373394789593e+02 5.123534711241189143e+03
3.531490592805885740e+02 5.124104171424285596e+03
3.533128508183252734e+02 5.143175607226947250e+03
3.534740877171879561e+02 5.162181835061464881e+03
3.536328307619132829e+02 5.181123188790137647e+03
3.537891386918494163e+02 5.200000000000000000e+03
3.540904305695892731e+02 5.237037856906376874e+03
3.543417812672482796e+02 5.268613070347176290e+03
3.545867709815948388e+02 5.300000000000000000e+03
3.548220165145087890e+02 5.330725577178969615e+03
3.548348157003973142e+02 5.332414195103907332e+03
3.550763911927779191e+02 5.364619688891984879e+03
3.552073032384131466e+02 5.382341283162184482e+03
3.553363542968343722e+02 5.400000000000000000e+03
3.553951491322405900e+02 5.408108483110237103e+03
3.554535539067280752e+02 5.416203119612529008e+03
3.555692085577796320e+02 5.432350994423984048e+03
3.556264660717506558e+02 5.440404303246951713e+03
3.556833486328895901e+02 5.448443906490607333e+03
3.557960033642174835e+02 5.464482135951820965e+03
3.558580835463342851e+02 5.473386772410306548e+03
3.559197171612881334e+02 5.482274596889916211e+03
3.560416635574355837e+02 5.500000000000000000e+03
3.560969228658327665e+02 5.508094375114532340e+03
3.561518151576383389e+02 5.516174135411034513e+03
3.562605129526698988e+02 5.532289969591510271e+03
3.563143255892487673e+02 5.540326122140537336e+03
3.563677853129930213e+02 5.548347817202922670e+03
3.564736595324703785e+02 5.564347990646462677e+03
3.565906750386620274e+02 5.582209796666496004e+03
3.566485485321347255e+02 5.591113821732636097e+03
3.566773286739687592e+02 5.595559138360928046e+03
3.567060051464864614e+02 5.600000000000000000e+03
3.568002912138048259e+02 5.614737222997924619e+03
3.568918252093877754e+02 5.629272204888298802e+03
3.570199050107908079e+02 5.650000000000000000e+03
3.570509048716639313e+02 5.655086888358275246e+03
3.570662852119073136e+02 5.657621033707950119e+03
3.570739457350760517e+02 5.658885791585033076e+03
3.570777686159683526e+02 5.659517593057181330e+03
3.570815865881236846e+02 5.660149010020322748e+03
3.570819961781377287e+02 5.660216773446381922e+03
3.570885784607094706e+02 5.661306434670083945e+03
3.570918641352860732e+02 5.661850836085401170e+03
3.570935056083633299e+02 5.662122929592526816e+03
3.570951461729003427e+02 5.662394951670154114e+03
3.571177932832413831e+02 5.666158182732464411e+03
3.572125364264117025e+02 5.682067792569701851e+03
3.572684061940982474e+02 5.691577756961269188e+03
3.572959378340101466e+02 5.696299767616116696e+03
3.573232054124526371e+02 5.701000000000000000e+03
3.574026191895484317e+02 5.716005170388375518e+03
3.574810233615903599e+02 5.730947898682818050e+03
3.574897170261439214e+02 5.732612718651146679e+03
3.574983983533826972e+02 5.734276765325053020e+03
3.575073797304134473e+02 5.736000000000000000e+03
3.575974308553022638e+02 5.753372645957148961e+03
3.576348754538031471e+02 5.760647581597568205e+03
3.576687098995375322e+02 5.767247208179240261e+03
3.576878926966345489e+02 5.771000000000000000e+03
3.577272787031512848e+02 5.778745214811430742e+03
3.577311763730020289e+02 5.779515157886744419e+03
3.577532002093192887e+02 5.783877590861345197e+03
3.577963177680805984e+02 5.792477131407868910e+03
3.578248422006316218e+02 5.798209559798375267e+03
3.578943423151259253e+02 5.812324404815953130e+03
3.579365471367132159e+02 5.821000000000000000e+03
3.579947221712976102e+02 5.833090747999037376e+03
3.580022348207759251e+02 5.834663479482633193e+03
3.580059816169977580e+02 5.835448831251936099e+03
3.580078526394207756e+02 5.835841254024722730e+03
3.580097220804884159e+02 5.836233508201259610e+03
3.580175270849522349e+02 5.837872951980803009e+03
3.580214192594829683e+02 5.838691570176271853e+03
3.580233627721052585e+02 5.839100603783760562e+03
3.580243338856632818e+02 5.839305051769019883e+03
3.580253045710629181e+02 5.839509453895870138e+03
3.580454239900026892e+02 5.843756106197040936e+03
3.580514119988880566e+02 5.845023708057446129e+03
3.581066677690277515e+02 5.856801948922146948e+03
3.581723648892589722e+02 5.871000000000000000e+03
3.582192117673126859e+02 5.881256383119759448e+03
3.582650268041853678e+02 5.891395956763047252e+03
3.583315815986796338e+02 5.906322774931001732e+03
3.583960029155361440e+02 5.921000000000000000e+03
3.584222898479626451e+02 5.927055336232162517e+03
3.584482276606795494e+02 5.933068701681323546e+03
3.584990808422611508e+02 5.944971253664713913e+03
3.585486115605839927e+02 5.956711063565764562e+03
3.585785777267389562e+02 5.963885586377381514e+03
3.586080673673804995e+02 5.971000000000000000e+03
3.586598763439165509e+02 5.984097967492593853e+03
3.587111272638608739e+02 5.997145694263439509e+03
3.587479863843097974e+02 6.006585953588864868e+03
3.587845590039017907e+02 6.016000000000000000e+03
3.588119842302725147e+02 6.023090516904660944e+03
3.588703677643325705e+02 6.038274581129143371e+03
3.589106966733781405e+02 6.048834999067952594e+03
3.589568744833913456e+02 6.061000000000000000e+03
3.589989642803164429e+02 6.072156670230864620e+03
3.590406685684362742e+02 6.083276379584152892e+03
3.590619344848149126e+02 6.088971767949280547e+03
3.590831007128707597e+02 6.094657484409988683e+03
3.591251366848899238e+02 6.106000000000000000e+03
3.591457376353968698e+02 6.111583532987353465e+03
3.591662439815381163e+02 6.117157741448922025e+03
3.592069752588187725e+02 6.128278278070941269e+03
3.592277426079911606e+02 6.133973282880642728e+03
3.592484127467112671e+02 6.139658554866933628e+03
3.592689863083095361e+02 6.145334118958759063e+03
3.592792370702492804e+02 6.148168268311272186e+03
3.592894639229697873e+02 6.151000000000000000e+03
3.593489199079244258e+02 6.168475816192898492e+03
3.594082735653406644e+02 6.186000000000000000e+03
3.594671987296529210e+02 6.203475292094711222e+03
3.595260300813325784e+02 6.221000000000000000e+03
3.595761180172899003e+02 6.235981114146495202e+03
3.596094523294958094e+02 6.245982315499501055e+03
3.596427587342732863e+02 6.256000000000000000e+03
3.596717193169903339e+02 6.264730751490902549e+03
3.597006603202890460e+02 6.273474316488087425e+03
3.597295818036637343e+02 6.282230723220483014e+03
3.597584838264798464e+02 6.291000000000000000e+03
3.597913390309567490e+02 6.300991482874092981e+03
3.598241707558220810e+02 6.311000000000000000e+03
3.598508852286428237e+02 6.319161558655203407e+03
3.598642369194520256e+02 6.323246641096669919e+03
3.598775849207667079e+02 6.327334596315524323e+03
3.598895420999514840e+02 6.331000000000000000e+03
3.599022401836720064e+02 6.334896038686511019e+03
3.599149350855167881e+02 6.338794716459812662e+03
3.599276268100911693e+02 6.342696036002298570e+03
3.599339714822980909e+02 6.344647687276229590e+03
3.599403153619127806e+02 6.346600000000000364e+03
3.599533586742247167e+02 6.351300000000000182e+03
3.599598727521602655e+02 6.353650000000000546e+03
3.599631278991828935e+02 6.354825000000000728e+03
3.599663817859014330e+02 6.356000000000000000e+03
3.599831430438788971e+02 6.363500000000000000e+03
3.599915084106812628e+02 6.367250000000000000e+03
3.599956872867252287e+02 6.369125000000000000e+03
3.599977757739292201e+02 6.370062500000000000e+03
3.599998636276431512e+02 6.371000000000000000e+03
