6.000000000000000000e+01 5.771000000000000000e+03
6.003938600651675017e+01 5.778745214811430742e+03
6.004328367636747998e+01 5.779515157886744419e+03
6.006530751268475399e+01 5.783877590861345197e+03
6.010842507144603530e+01 5.792477131407868910e+03
6.013694950399704453e+01 5.798209559798375267e+03
6.020644961849133381e+01 5.812324404815953130e+03
6.024865444007865989e+01 5.821000000000000000e+03
6.030682947466306132e+01 5.833090747999037376e+03
6.031434212414136908e+01 5.834663479482633193e+03
6.031808892036319492e+01 5.835448831251936099e+03
6.031995994278619833e+01 5.835841254024722730e+03
6.032182938385380311e+01 5.836233508201259610e+03
6.032963438831759362e+01 5.837872951980803009e+03
6.033352656284832705e+01 5.838691570176271853e+03
6.033547007547061725e+01 5.839100603783760562e+03
6.033644118902861209e+01 5.839305051769019883e+03
6.033741187442831233e+01 5.839509453895870138e+03
6.035753129336806211e+01 5.843756106197040936e+03
6.036351930225340823e+01 5.845023708057446129e+03
6.041877507239308898e+01 5.856801948922146948e+03
6.048447219262433805e+01 5.871000000000000000e+03
6.053131907067802331e+01 5.881256383119759448e+03
6.057713410755071948e+01 5.891395956763047252e+03
6.064368890204499252e+01 5.906322774931001732e+03
6.070811021890145298e+01 5.921000000000000000e+03
6.073439715132792571e+01 5.927055336232162517e+03
6.076033496404487266e+01 5.933068701681323546e+03
6.081118814562645269e+01 5.944971253664713913e+03
6.086071886394929464e+01 5.956711063565764562e+03
6.089068503010426525e+01 5.963885586377381514e+03
6.092017467074579429e+01 5.971000000000000000e+03
6.097198364728183861e+01 5.984097967492593853e+03
6.102323456722616157e+01 5.997145694263439509e+03
6.106009368767510637e+01 6.006585953588864868e+03
6.109666630726709968e+01 6.016000000000000000e+03
6.112409153363781655e+01 6.023090516904660944e+03
6.118247506769786526e+01 6.038274581129143371e+03
6.122280397674339270e+01 6.048834999067952594e+03
6.126898178675662621e+01 6.061000000000000000e+03
6.131107158368169507e+01 6.072156670230864620e+03
6.135277587180155479e+01 6.083276379584152892e+03
6.137404178818021450e+01 6.088971767949280547e+03
6.139520801623604740e+01 6.094657484409988683e+03
6.143724398825522570e+01 6.106000000000000000e+03
6.145784493876212196e+01 6.111583532987353465e+03
6.147835128490338263e+01 6.117157741448922025e+03
6.151908256218402471e+01 6.128278278070941269e+03
6.153984991135642701e+01 6.133973282880642728e+03
6.156052005007656902e+01 6.139658554866933628e+03
6.158109361167485218e+01 6.145334118958759063e+03
6.159134437361456804e+01 6.148168268311272186e+03
6.160157122633511051e+01 6.151000000000000000e+03
6.166102721128974906e+01 6.168475816192898492e+03
6.172038086870595919e+01 6.186000000000000000e+03
6.177930603301820867e+01 6.203475292094711222e+03
6.183813738469785193e+01 6.221000000000000000e+03
6.188822532065522353e+01 6.235981114146495202e+03
6.192155963286111842e+01 6.245982315499501055e+03
6.195486603763859534e+01 6.256000000000000000e+03
6.198382662035564294e+01 6.264730751490902549e+03
6.201276762365431239e+01 6.273474316488087425e+03
6.204168910702898643e+01 6.282230723220483014e+03
6.207059112984514826e+01 6.291000000000000000e+03
6.210344633432198691e+01 6.300991482874092981e+03
6.213627805918736868e+01 6.311000000000000000e+03
6.216299253200811847e+01 6.319161558655203407e+03
6.217634422281733464e+01 6.323246641096669919e+03
6.218969222413198139e+01 6.327334596315524323e+03
6.220164940331677172e+01 6.331000000000000000e+03
6.221434748703730122e+01 6.334896038686511019e+03
6.222704238888205452e+01 6.338794716459812662e+03
6.223973411345638596e+01 6.342696036002298570e+03
6.224607878566333596e+01 6.344647687276229590e+03
6.225242266527803991e+01 6.346600000000000364e+03
6.226546597758999013e+01 6.351300000000000182e+03
6.227198005552553894e+01 6.353650000000000546e+03
6.227523520254815992e+01 6.354825000000000728e+03
6.227848908926668514e+01 6.356000000000000000e+03
6.229525034724417765e+01 6.363500000000000000e+03
6.230361571404653631e+01 6.367250000000000000e+03
6.230779459009053767e+01 6.369125000000000000e+03
6.230988307729453624e+01 6.370062500000000000e+03
6.231197093100845308e+01 6.371000000000000000e+03
6.231405878472236992e+01 6.370062500000000000e+03
6.231614727192637559e+01 6.369125000000000000e+03
6.232032614797036985e+01 6.367250000000000000e+03
6.232869151477272851e+01 6.363500000000000000e+03
6.234545277275022102e+01 6.356000000000000000e+03
6.234870665946875334e+01 6.354825000000000728e+03
6.235196180649137432e+01 6.353650000000000546e+03
6.235847588442691602e+01 6.351300000000000182e+03
6.237151919673887335e+01 6.346600000000000364e+03
6.237786307635357019e+01 6.344647687276229590e+03
6.238420774856052731e+01 6.342696036002298570e+03
6.239689947313485874e+01 6.338794716459812662e+03
6.240959437497961204e+01 6.334896038686511019e+03
6.242229245870014154e+01 6.331000000000000000e+03
6.243424963788492477e+01 6.327334596315524323e+03
6.244759763919957862e+01 6.323246641096669919e+03
6.246094933000879479e+01 6.319161558655203407e+03
6.248766380282954458e+01 6.311000000000000000e+03
6.252049552769491925e+01 6.300991482874092981e+03
6.255335073217176500e+01 6.291000000000000000e+03
6.258225275498791973e+01 6.282230723220483014e+03
6.261117423836260087e+01 6.273474316488087425e+03
6.264011524166127032e+01 6.264730751490902549e+03
6.266907582437831792e+01 6.256000000000000000e+03
6.270238222915578774e+01 6.245982315499501055e+03
6.273571654136168263e+01 6.235981114146495202e+03
6.278580447731906133e+01 6.221000000000000000e+03
6.284463582899870460e+01 6.203475292094711222e+03
6.290356099331095407e+01 6.186000000000000000e+03
6.296291465072716420e+01 6.168475816192898492e+03
6.302237063568179565e+01 6.151000000000000000e+03
6.303259748840233812e+01 6.148168268311272186e+03
6.304284825034206108e+01 6.145334118958759063e+03
6.306342181194034424e+01 6.139658554866933628e+03
6.308409195066048625e+01 6.133973282880642728e+03
6.310485929983288145e+01 6.128278278070941269e+03
6.314559057711352352e+01 6.117157741448922025e+03
6.316609692325478420e+01 6.111583532987353465e+03
6.318669787376168046e+01 6.106000000000000000e+03
6.322873384578086586e+01 6.094657484409988683e+03
6.324990007383669877e+01 6.088971767949280547e+03
6.327116599021535137e+01 6.083276379584152892e+03
6.331287027833521819e+01 6.072156670230864620e+03
6.335496007526027995e+01 6.061000000000000000e+03
6.340113788527351346e+01 6.048834999067952594e+03
6.344146679431904090e+01 6.038274581129143371e+03
6.349985032837908960e+01 6.023090516904660944e+03
6.352727555474980647e+01 6.016000000000000000e+03
6.356384817434180690e+01 6.006585953588864868e+03
6.360070729479075169e+01 5.997145694263439509e+03
6.365195821473506754e+01 5.984097967492593853e+03
6.370376719127111187e+01 5.971000000000000000e+03
6.373325683191264801e+01 5.963885586377381514e+03
6.376322299806761862e+01 5.956711063565764562e+03
6.381275371639045346e+01 5.944971253664713913e+03
6.386360689797203349e+01 5.933068701681323546e+03
6.388954471068898044e+01 5.927055336232162517e+03
6.391583164311546028e+01 5.921000000000000000e+03
6.398025295997191364e+01 5.906322774931001732e+03
6.404680775446618668e+01 5.891395956763047252e+03
6.409262279133888285e+01 5.881256383119759448e+03
6.413946966939256811e+01 5.871000000000000000e+03
6.420516678962381718e+01 5.856801948922146948e+03
6.426042255976349793e+01 5.845023708057446129e+03
6.426641056864885115e+01 5.843756106197040936e+03
6.428652998758859383e+01 5.839509453895870138e+03
6.428750067298830118e+01 5.839305051769019883e+03
6.428847178654629602e+01 5.839100603783760562e+03
6.429041529916858622e+01 5.838691570176271853e+03
6.429430747369931964e+01 5.837872951980803009e+03
6.430211247816311015e+01 5.836233508201259610e+03
6.430398191923070783e+01 5.835841254024722730e+03
6.430585294165371124e+01 5.835448831251936099e+03
6.430959973787554418e+01 5.834663479482633193e+03
6.431711238735384484e+01 5.833090747999037376e+03
6.437528742193825337e+01 5.821000000000000000e+03
6.441749224352557235e+01 5.812324404815953130e+03
6.448699235801986163e+01 5.798209559798375267e+03
6.451551679057087085e+01 5.792477131407868910e+03
6.455863434933215217e+01 5.783877590861345197e+03
6.458065818564942617e+01 5.779515157886744419e+03
6.458455585550015599e+01 5.778745214811430742e+03
6.462394186201690616e+01 5.771000000000000000e+03
6.464312465911396544e+01 5.767247208179240261e+03
6.467695910484835053e+01 5.760647581597568205e+03
6.471440370334924808e+01 5.753372645957148961e+03
6.480445482823807879e+01 5.736000000000000000e+03
6.481343620526878624e+01 5.734276765325053020e+03
6.482211753250760466e+01 5.732612718651146679e+03
6.483081119706112361e+01 5.730947898682818050e+03
6.490921536910305178e+01 5.716005170388375518e+03
6.498862914619880371e+01 5.701000000000000000e+03
6.501589672464132263e+01 5.696299767616116696e+03
6.504342836455322185e+01 5.691577756961269188e+03
6.509929813223978101e+01 5.682067792569701851e+03
6.519404127541014304e+01 5.666158182732464411e+03
6.521668838575116922e+01 5.662394951670154114e+03
6.521832895028818200e+01 5.662122929592526816e+03
6.521997042336538186e+01 5.661850836085401170e+03
6.522325609794199863e+01 5.661306434670083945e+03
6.522983838051372629e+01 5.660216773446381922e+03
6.523024797052777046e+01 5.660149010020322748e+03
6.523406594268310243e+01 5.659517593057181330e+03
6.523788882357544594e+01 5.658885791585033076e+03
6.524554934674415563e+01 5.657621033707950119e+03
6.526092968698752372e+01 5.655086888358275246e+03
6.529192954786068981e+01 5.650000000000000000e+03
6.542000934926367961e+01 5.629272204888298802e+03
6.551154334484665753e+01 5.614737222997924619e+03
6.560582941216506470e+01 5.600000000000000000e+03
6.563450588468273850e+01 5.595559138360928046e+03
6.566328602651682900e+01 5.591113821732636097e+03
6.572115951998951289e+01 5.582209796666496004e+03
6.583817502618117601e+01 5.564347990646462677e+03
6.594404924565857584e+01 5.548347817202922670e+03
6.599750896940281564e+01 5.540326122140537336e+03
6.605132160598171254e+01 5.532289969591510271e+03
6.616001940101324408e+01 5.516174135411034513e+03
6.621491169281878797e+01 5.508094375114532340e+03
6.627017100121597082e+01 5.500000000000000000e+03
6.639211739736350637e+01 5.482274596889916211e+03
6.645375101231732629e+01 5.473386772410306548e+03
6.651583119443411363e+01 5.464482135951820965e+03
6.662848592576202122e+01 5.448443906490607333e+03
6.668536848690098395e+01 5.440404303246951713e+03
6.674262600087202202e+01 5.432350994423984048e+03
6.685828065192356462e+01 5.416203119612529008e+03
6.691668542641107820e+01 5.408108483110237103e+03
6.697548026181725334e+01 5.400000000000000000e+03
6.710453132023847900e+01 5.382341283162184482e+03
6.723544336587372072e+01 5.364619688891984879e+03
6.747701885825429713e+01 5.332414195103907332e+03
6.748981804414285079e+01 5.330725577178969615e+03
6.772506357705678681e+01 5.300000000000000000e+03
6.797005329140336016e+01 5.268613070347176290e+03
6.822140398906233827e+01 5.237037856906376874e+03
6.852269586680219504e+01 5.200000000000000000e+03
6.867900379673832845e+01 5.181123188790137647e+03
6.883774684146362688e+01 5.162181835061464881e+03
6.899898374032633797e+01 5.143175607226947250e+03
6.916277527806302317e+01 5.124104171424285596e+03
6.916769721917266622e+01 5.123534711241189143e+03
6.917262148736151062e+01 5.122965192817484422e+03
6.918247701173838493e+01 5.121825981212500665e+03
6.919234186483241444e+01 5.120686536537831671e+03
6.920221606027828898e+01 5.119546858721945682e+03
6.921488221569792643e+01 5.118086171107819609e+03
6.922756376161396474e+01 5.116625100430052953e+03
6.924026072691870581e+01 5.115163646537939712e+03
6.925297314058235543e+01 5.113701809280693851e+03
6.927838869965086133e+01 5.110783377244053554e+03
6.930386612994378481e+01 5.107863416640710057e+03
6.933823618488115414e+01 5.103933093874856240e+03
6.937271919125451802e+01 5.100000000000000000e+03
6.937469184767901709e+01 5.099775307355141194e+03
6.939360526229745574e+01 5.097622666933323671e+03
6.941629195419712062e+01 5.095044541692768689e+03
6.943902686714122297e+01 5.092465273752032772e+03
6.948464199036841649e+01 5.087303306729801989e+03
6.953030889005907511e+01 5.082152863521321706e+03
6.957617066323574306e+01 5.076997862837097273e+03
6.962208663319024993e+01 5.071854175867099912e+03
6.966819886089855629e+01 5.066705947393367751e+03
6.967320587314102909e+01 5.066147985041328866e+03
6.967821520539342828e+01 5.065589969318183648e+03
6.968824083658782342e+01 5.064473777727936067e+03
6.969827576791161050e+01 5.063357372561343254e+03
6.970832001279161716e+01 5.062240753757101629e+03
6.972843649681936995e+01 5.060006874990323922e+03
6.974859039689508222e+01 5.057772140936690448e+03
6.978901087734955411e+01 5.053300105003316276e+03
6.982958232903474993e+01 5.048824642022135777e+03
6.991148551696498714e+01 5.039830148983069193e+03
6.999400784469877124e+01 5.030821798014501837e+03
7.013615095961054635e+01 5.015431166328467953e+03
7.020791704900368302e+01 5.007720659996419272e+03
7.028015244685737173e+01 5.000000000000000000e+03
7.042772850760746906e+01 4.984350466656896970e+03
7.057725757755733298e+01 4.968660727985812628e+03
7.088233923454008334e+01 4.937160013312628507e+03
7.106512928394438688e+01 4.918608118927849318e+03
7.125085421296152788e+01 4.900000000000000000e+03
7.163533396625987848e+01 4.862230287249800313e+03
7.203259700090902129e+01 4.824236259859541860e+03
7.206468813013195529e+01 4.821211725570394265e+03
7.209686446487978628e+01 4.818185765245956645e+03
7.216147420607812535e+01 4.812129562455151245e+03
7.229173230897875158e+01 4.800000000000000000e+03
7.232814619512258503e+01 4.796628177874657922e+03
7.236466769552558276e+01 4.793254645241781873e+03
7.252868101235721099e+01 4.778205745655412102e+03
7.261150688128363129e+01 4.770668521131959096e+03
7.269488675944307943e+01 4.763122760832113272e+03
7.288710007867906882e+01 4.745886131456858493e+03
7.308229865743211917e+01 4.728604880064525787e+03
7.338261588502076904e+01 4.702447642573829398e+03
7.339681170852560399e+01 4.701223933096043766e+03
7.341102335001841084e+01 4.700000000000000000e+03
7.375108715046285113e+01 4.671047855811226327e+03
7.410028360409886261e+01 4.641974078156351425e+03
7.433798163993991182e+01 4.622554150333280631e+03
7.461866221485669826e+01 4.600000000000000000e+03
7.484587159374292753e+01 4.582035357707135518e+03
7.487835961461979650e+01 4.579487693472211504e+03
7.491092608224569460e+01 4.576939121644680199e+03
7.497629563192997182e+01 4.571839253271146845e+03
7.510799023309276379e+01 4.561628604046322835e+03
7.537527551947540871e+01 4.541163546563089767e+03
7.539774084556761125e+01 4.539459058171074503e+03
7.542024320906594426e+01 4.537754164709254837e+03
7.567120500338718614e+01 4.518901882588699664e+03
7.592683898201939030e+01 4.500000000000000000e+03
7.596394805881908496e+01 4.497281034716017530e+03
7.600115640085179791e+01 4.494561065026764481e+03
7.630246498830190660e+01 4.472764117764656476e+03
7.661039832222246559e+01 4.450902561122331463e+03
7.724717294408169721e+01 4.406984467210255389e+03
7.735076660433963980e+01 4.400000000000000000e+03
7.756388465156770451e+01 4.385768783619147143e+03
7.778020204605012111e+01 4.371510725873732554e+03
7.833410839431408590e+01 4.335839642122849909e+03
7.890988051878957776e+01 4.300000000000000000e+03
7.970411706260020424e+01 4.252544907707078892e+03
8.007892372487555122e+01 4.230918457524750920e+03
8.035178261175440184e+01 4.215474635658658372e+03
8.062969058686681478e+01 4.200000000000000000e+03
8.120252255999506019e+01 4.168895314184890594e+03
8.179783350867478475e+01 4.137666949604132242e+03
8.182440433503825261e+01 4.136298565928655080e+03
8.218040820932289137e+01 4.118170185945573394e+03
8.254490768284102842e+01 4.100000000000000000e+03
8.330181229575060797e+01 4.063495247384585582e+03
8.409793974376049164e+01 4.026822041401353090e+03
8.424747035821826557e+01 4.020124987488006354e+03
8.439846787740241041e+01 4.013422300691796409e+03
8.470498039985433536e+01 4.000000000000000000e+03
8.481727325722837918e+01 3.995143612901741562e+03
8.493039151045108781e+01 3.990284269093446710e+03
8.535941735764100713e+01 3.972149362520172872e+03
8.580076035701031856e+01 3.953973216789043363e+03
8.585720810887760024e+01 3.951683009119788494e+03
8.591386421069194057e+01 3.949392145892666576e+03
8.602780783946818133e+01 3.944808451638598854e+03
8.630901513155652083e+01 3.933629798901071808e+03
8.659548162917468517e+01 3.922435527900394845e+03
8.688741679942421570e+01 3.911225605882083528e+03
8.718504448022513031e+01 3.900000000000000000e+03
8.779781501087964557e+01 3.877521237213616132e+03
8.843645023719021481e+01 3.854979169015443404e+03
8.980165629925986082e+01 3.809704043666336020e+03
8.995517369246920225e+01 3.804853485772945078e+03
9.011031008303811518e+01 3.800000000000000000e+03
9.061880922939778316e+01 3.784427856473555948e+03
9.114578598483709015e+01 3.768825250797792251e+03
9.226188308857877018e+01 3.737528294758099491e+03
9.372331410444407140e+01 3.700000000000000000e+03
9.509027639635104379e+01 3.668280721280808848e+03
9.598772382807896975e+01 3.649163394452884859e+03
9.695623115136822889e+01 3.630000000000000000e+03
9.776748611566983982e+01 3.614999772910571210e+03
9.819120922855239542e+01 3.607499829684217730e+03
9.862835189326227692e+01 3.600000000000000000e+03
1.000813296980780649e+02 3.576775986262010065e+03
1.008757925929830606e+02 3.565164474887929828e+03
1.017274419430395938e+02 3.553553293824999400e+03
1.039934360612372899e+02 3.526775768576072096e+03
1.070276898398258822e+02 3.500000000000000000e+03
1.082580597768805291e+02 3.492023793463924903e+03
1.110344003087175224e+02 3.480000000000000000e+03
1.138107408405545016e+02 3.492023793463924903e+03
1.150411107776091484e+02 3.500000000000000000e+03
1.180753645561977407e+02 3.526775768576072096e+03
1.203413586743954511e+02 3.553553293824999400e+03
1.211930080244519843e+02 3.565164474887929828e+03
1.219874709193569799e+02 3.576775986262010065e+03
1.234404487241727679e+02 3.600000000000000000e+03
1.238775913888826210e+02 3.607499829684217730e+03
1.243013145017651908e+02 3.614999772910571210e+03
1.251125694660668017e+02 3.630000000000000000e+03
1.260810767893560751e+02 3.649163394452884859e+03
1.269785242210839868e+02 3.668280721280808848e+03
1.283454865129909308e+02 3.700000000000000000e+03
1.298069175288562462e+02 3.737528294758099491e+03
1.309230146325979547e+02 3.768825250797792251e+03
1.314499913880372617e+02 3.784427856473555948e+03
1.319584905343969297e+02 3.800000000000000000e+03
1.321136269249658426e+02 3.804853485772945078e+03
1.322671443181751556e+02 3.809704043666336020e+03
1.336323503802448158e+02 3.854979169015443404e+03
1.342709856065553709e+02 3.877521237213616132e+03
1.348837561372099003e+02 3.900000000000000000e+03
1.351813838180108007e+02 3.911225605882083528e+03
1.354733189882603597e+02 3.922435527900394845e+03
1.357597854858785240e+02 3.933629798901071808e+03
1.360409927779668351e+02 3.944808451638598854e+03
1.361549364067430758e+02 3.949392145892666576e+03
1.362115925085574304e+02 3.951683009119788494e+03
1.362680402604247263e+02 3.953973216789043363e+03
1.367093832597940377e+02 3.972149362520172872e+03
1.371384091069839428e+02 3.990284269093446710e+03
1.372515273602066372e+02 3.995143612901741562e+03
1.373638202175807237e+02 4.000000000000000000e+03
1.376703327400326202e+02 4.013422300691796409e+03
1.378213302592167793e+02 4.020124987488006354e+03
1.379708608736745532e+02 4.026822041401353090e+03
1.387669883216844369e+02 4.063495247384585582e+03
1.395238929345940164e+02 4.100000000000000000e+03
1.398883924081121677e+02 4.118170185945573394e+03
1.402443962823967922e+02 4.136298565928655080e+03
1.402709671087602601e+02 4.137666949604132242e+03
1.408662780574399847e+02 4.168895314184890594e+03
1.414391100305682585e+02 4.200000000000000000e+03
1.417170180056806430e+02 4.215474635658658372e+03
1.419898768925594936e+02 4.230918457524750920e+03
1.423646835548348690e+02 4.252544907707078892e+03
1.431589200986454671e+02 4.300000000000000000e+03
1.437346922231209874e+02 4.335839642122849909e+03
1.442885985713849379e+02 4.371510725873732554e+03
1.445049159658673261e+02 4.385768783619147143e+03
1.447180340130954050e+02 4.400000000000000000e+03
1.448216276733533618e+02 4.406984467210255389e+03
1.454584022952125792e+02 4.450902561122331463e+03
1.457663356291331525e+02 4.472764117764656476e+03
1.460676442165832611e+02 4.494561065026764481e+03
1.461048525586159599e+02 4.497281034716017530e+03
1.461419616354156688e+02 4.500000000000000000e+03
1.463975956140478729e+02 4.518901882588699664e+03
1.466485574083691290e+02 4.537754164709254837e+03
1.466710597718674478e+02 4.539459058171074503e+03
1.466935250979596503e+02 4.541163546563089767e+03
1.469608103843422953e+02 4.561628604046322835e+03
1.470925049855050872e+02 4.571839253271146845e+03
1.471578745351893645e+02 4.576939121644680199e+03
1.471904410028152483e+02 4.579487693472211504e+03
1.472229290236921315e+02 4.582035357707135518e+03
1.474501384025783466e+02 4.600000000000000000e+03
1.477308189774951472e+02 4.622554150333280631e+03
1.479685170133361964e+02 4.641974078156351425e+03
1.483177134669722079e+02 4.671047855811226327e+03
1.486577772674166340e+02 4.700000000000000000e+03
1.486719889089094409e+02 4.701223933096043766e+03
1.486861847324142900e+02 4.702447642573829398e+03
1.489865019600029257e+02 4.728604880064525787e+03
1.491817005387559902e+02 4.745886131456858493e+03
1.493739138579919654e+02 4.763122760832113272e+03
1.494572937361514278e+02 4.770668521131959096e+03
1.495401196050778481e+02 4.778205745655412102e+03
1.497041329219094905e+02 4.793254645241781873e+03
1.497406544223124740e+02 4.796628177874657922e+03
1.497770683084563075e+02 4.800000000000000000e+03
1.499073264113569337e+02 4.812129562455151245e+03
1.499719361525552586e+02 4.818185765245956645e+03
1.500041124873031038e+02 4.821211725570394265e+03
1.500362036165260236e+02 4.824236259859541860e+03
1.504334666511751664e+02 4.862230287249800313e+03
1.508179464044735028e+02 4.900000000000000000e+03
1.510036713334906722e+02 4.918608118927849318e+03
1.511864613828949473e+02 4.937160013312628507e+03
1.514915430398777119e+02 4.968660727985812628e+03
1.516410721098275758e+02 4.984350466656896970e+03
1.517886481705776873e+02 5.000000000000000000e+03
1.518608835684313760e+02 5.007720659996419272e+03
1.519326496578244985e+02 5.015431166328467953e+03
1.520747927727362878e+02 5.030821798014501837e+03
1.521573151004700435e+02 5.039830148983069193e+03
1.522392182884003091e+02 5.048824642022135777e+03
1.522797897400855049e+02 5.053300105003316276e+03
1.523202102205399342e+02 5.057772140936690448e+03
1.523403641206156749e+02 5.060006874990323922e+03
1.523604806046434419e+02 5.062240753757101629e+03
1.523705248495234343e+02 5.063357372561343254e+03
1.523805597808471930e+02 5.064473777727936067e+03
1.523905854120416166e+02 5.065589969318183648e+03
1.523955947442939873e+02 5.066147985041328866e+03
1.524006017565365028e+02 5.066705947393367751e+03
1.524467139842448091e+02 5.071854175867099912e+03
1.524926299541992876e+02 5.076997862837097273e+03
1.525384917273759697e+02 5.082152863521321706e+03
1.525841586270666141e+02 5.087303306729801989e+03
1.526297737502938219e+02 5.092465273752032772e+03
1.526525086632379100e+02 5.095044541692768689e+03
1.526751953551375891e+02 5.097622666933323671e+03
1.526941087697560135e+02 5.099775307355141194e+03
1.526960814261805126e+02 5.100000000000000000e+03
1.527305644325538765e+02 5.103933093874856240e+03
1.527649344874912458e+02 5.107863416640710057e+03
1.527904119177841835e+02 5.110783377244053554e+03
1.528158274768526610e+02 5.113701809280693851e+03
1.528285398905163106e+02 5.115163646537939712e+03
1.528412368558210801e+02 5.116625100430052953e+03
1.528539184017370758e+02 5.118086171107819609e+03
1.528665845571567274e+02 5.119546858721945682e+03
1.528764587526026162e+02 5.120686536537831671e+03
1.528863236056966457e+02 5.121825981212500665e+03
1.528961791300735058e+02 5.122965192817484422e+03
1.529011033982623644e+02 5.123534711241189143e+03
1.529060253393719790e+02 5.124104171424285596e+03
1.530698168771086785e+02 5.143175607226947250e+03
1.532310537759713611e+02 5.162181835061464881e+03
1.533897968206966880e+02 5.181123188790137647e+03
1.535461047506328214e+02 5.200000000000000000e+03
1.538473966283726782e+02 5.237037856906376874e+03
1.540987473260316278e+02 5.268613070347176290e+03
1.543437370403781870e+02 5.300000000000000000e+03
1.545789825732921372e+02 5.330725577178969615e+03
1.545917817591806909e+02 5.332414195103907332e+03
1.548333572515612673e+02 5.364619688891984879e+03
1.549642692971965232e+02 5.382341283162184482e+03
1.550933203556177489e+02 5.400000000000000000e+03
1.551521151910239382e+02 5.408108483110237103e+03
1.552105199655114234e+02 5.416203119612529008e+03
1.553261746165629802e+02 5.432350994423984048e+03
1.553834321305340040e+02 5.440404303246951713e+03
1.554403146916729668e+02 5.448443906490607333e+03
1.555529694230008886e+02 5.464482135951820965e+03
1.556150496051176617e+02 5.473386772410306548e+03
1.556766832200714816e+02 5.482274596889916211e+03
1.557986296162190172e+02 5.500000000000000000e+03
1.558538889246162000e+02 5.508094375114532340e+03
1.559087812164217439e+02 5.516174135411034513e+03
1.560174790114532470e+02 5.532289969591510271e+03
1.560712916480321724e+02 5.540326122140537336e+03
1.561247513717764264e+02 5.548347817202922670e+03
1.562306255912537836e+02 5.564347990646462677e+03
1.563476410974454609e+02 5.582209796666496004e+03
1.564055145909181590e+02 5.591113821732636097e+03
1.564342947327522495e+02 5.595559138360928046e+03
1.564629712052699233e+02 5.600000000000000000e+03
1.565572572725883163e+02 5.614737222997924619e+03
1.566487912681712942e+02 5.629272204888298802e+03
1.567768710695742698e+02 5.650000000000000000e+03
1.568078709304474501e+02 5.655086888358275246e+03
1.568232512706908324e+02 5.657621033707950119e+03
1.568309117938595421e+02 5.658885791585033076e+03
1.568347346747518714e+02 5.659517593057181330e+03
1.568385526469072033e+02 5.660149010020322748e+03
1.568389622369212475e+02 5.660216773446381922e+03
1.568455445194929894e+02 5.661306434670083945e+03
1.568488301940695919e+02 5.661850836085401170e+03
1.568504716671467918e+02 5.662122929592526816e+03
1.568521122316838046e+02 5.662394951670154114e+03
1.568747593420248450e+02 5.666158182732464411e+03
1.569695024851951928e+02 5.682067792569701851e+03
1.570253722528817661e+02 5.691577756961269188e+03
1.570529038927936654e+02 5.696299767616116696e+03
1.570801714712361843e+02 5.701000000000000000e+03
1.571595852483319220e+02 5.716005170388375518e+03
1.572379894203738502e+02 5.730947898682818050e+03
1.572466830849273833e+02 5.732612718651146679e+03
1.572553644121661875e+02 5.734276765325053020e+03
1.572643457891969092e+02 5.736000000000000000e+03
1.573543969140857257e+02 5.753372645957148961e+03
1.573918415125866090e+02 5.760647581597568205e+03
1.574256759583209941e+02 5.767247208179240261e+03
1.574448587554180676e+02 5.771000000000000000e+03
1.574842447619348036e+02 5.778745214811430742e+03
1.574881424317855476e+02 5.779515157886744419e+03
1.575101662681028074e+02 5.783877590861345197e+03
1.575532838268641171e+02 5.792477131407868910e+03
1.575818082594151122e+02 5.798209559798375267e+03
1.576513083739093872e+02 5.812324404815953130e+03
1.576935131954967346e+02 5.821000000000000000e+03
1.577516882300811289e+02 5.833090747999037376e+03
1.577592008795594438e+02 5.834663479482633193e+03
1.577629476757812768e+02 5.835448831251936099e+03
1.577648186982042944e+02 5.835841254024722730e+03
1.577666881392718778e+02 5.836233508201259610e+03
1.577744931437356684e+02 5.837872951980803009e+03
1.577783853182664018e+02 5.838691570176271853e+03
1.577803288308886920e+02 5.839100603783760562e+03
1.577812999444466868e+02 5.839305051769019883e+03
1.577822706298463800e+02 5.839509453895870138e+03
1.578023900487861226e+02 5.843756106197040936e+03
1.578083780576714616e+02 5.845023708057446129e+03
1.578636338278111566e+02 5.856801948922146948e+03
1.579293309480424341e+02 5.871000000000000000e+03
1.579761778260960909e+02 5.881256383119759448e+03
1.580219928629688013e+02 5.891395956763047252e+03
1.580885476574630957e+02 5.906322774931001732e+03
1.581529689743195490e+02 5.921000000000000000e+03
1.581792559067460218e+02 5.927055336232162517e+03
1.582051937194629545e+02 5.933068701681323546e+03
1.582560469010445559e+02 5.944971253664713913e+03
1.583055776193673978e+02 5.956711063565764562e+03
1.583355437855223613e+02 5.963885586377381514e+03
1.583650334261639046e+02 5.971000000000000000e+03
1.584168424026999276e+02 5.984097967492593853e+03
1.584680933226442505e+02 5.997145694263439509e+03
1.585049524430932024e+02 6.006585953588864868e+03
1.585415250626851957e+02 6.016000000000000000e+03
1.585689502890559197e+02 6.023090516904660944e+03
1.586273338231159471e+02 6.038274581129143371e+03
1.586676627321614887e+02 6.048834999067952594e+03
1.587138405421746938e+02 6.061000000000000000e+03
1.587559303390997627e+02 6.072156670230864620e+03
1.587976346272196224e+02 6.083276379584152892e+03
1.588189005435982608e+02 6.088971767949280547e+03
1.588400667716541079e+02 6.094657484409988683e+03
1.588821027436733004e+02 6.106000000000000000e+03
1.589027036941801896e+02 6.111583532987353465e+03
1.589232100403214645e+02 6.117157741448922025e+03
1.589639413176020923e+02 6.128278278070941269e+03
1.589847086667745089e+02 6.133973282880642728e+03
1.590053788054946438e+02 6.139658554866933628e+03
1.590259523670929411e+02 6.145334118958759063e+03
1.590362031290326286e+02 6.148168268311272186e+03
1.590464299817531924e+02 6.151000000000000000e+03
1.591058859667078309e+02 6.168475816192898492e+03
1.591652396241240126e+02 6.186000000000000000e+03
1.592241647884362692e+02 6.203475292094711222e+03
1.592829961401159267e+02 6.221000000000000000e+03
1.593330840760733054e+02 6.235981114146495202e+03
1.593664183882791860e+02 6.245982315499501055e+03
1.593997247930566630e+02 6.256000000000000000e+03
1.594286853757737390e+02 6.264730751490902549e+03
1.594576263790723942e+02 6.273474316488087425e+03
1.594865478624470825e+02 6.282230723220483014e+03
1.595154498852632230e+02 6.291000000000000000e+03
1.595483050897400688e+02 6.300991482874092981e+03
1.595811368146054292e+02 6.311000000000000000e+03
1.596078512874262003e+02 6.319161558655203407e+03
1.596212029782354307e+02 6.323246641096669919e+03
1.596345509795500561e+02 6.327334596315524323e+03
1.596465081587348323e+02 6.331000000000000000e+03
1.596592062424553546e+02 6.334896038686511019e+03
1.596719011443001364e+02 6.338794716459812662e+03
1.596845928688744607e+02 6.342696036002298570e+03
1.596909375410814107e+02 6.344647687276229590e+03
1.596972814206961289e+02 6.346600000000000364e+03
1.597103247330080649e+02 6.351300000000000182e+03
1.597168388109436137e+02 6.353650000000000546e+03
1.597200939579662418e+02 6.354825000000000728e+03
1.597233478446847812e+02 6.356000000000000000e+03
1.597401091026622453e+02 6.363500000000000000e+03
1.597484744694646110e+02 6.367250000000000000e+03
1.597526533455086337e+02 6.369125000000000000e+03
1.597547418327126252e+02 6.370062500000000000e+03
1.597568296864265562e+02 6.371000000000000000e+03
1.597589175401404873e+02 6.370062500000000000e+03
1.597610060273444788e+02 6.369125000000000000e+03
1.597651849033885014e+02 6.367250000000000000e+03
1.597735502701908672e+02 6.363500000000000000e+03
1.597903115281683313e+02 6.356000000000000000e+03
1.597935654148868707e+02 6.354825000000000728e+03
1.597968205619094988e+02 6.353650000000000546e+03
1.598033346398450476e+02 6.351300000000000182e+03
1.598163779521569836e+02 6.346600000000000364e+03
1.598227218317717018e+02 6.344647687276229590e+03
1.598290665039786518e+02 6.342696036002298570e+03
1.598417582285529761e+02 6.338794716459812662e+03
1.598544531303977578e+02 6.334896038686511019e+03
1.598671512141182802e+02 6.331000000000000000e+03
1.598791083933030563e+02 6.327334596315524323e+03
1.598924563946177102e+02 6.323246641096669919e+03
1.599058080854269406e+02 6.319161558655203407e+03
1.599325225582476833e+02 6.311000000000000000e+03
1.599653542831130437e+02 6.300991482874092981e+03
1.599982094875898895e+02 6.291000000000000000e+03
1.600271115104060584e+02 6.282230723220483014e+03
1.600560329937807182e+02 6.273474316488087425e+03
1.600849739970793735e+02 6.264730751490902549e+03
1.601139345797964495e+02 6.256000000000000000e+03
1.601472409845739264e+02 6.245982315499501055e+03
1.601805752967798071e+02 6.235981114146495202e+03
1.602306632327371858e+02 6.221000000000000000e+03
1.602894945844168433e+02 6.203475292094711222e+03
1.603484197487290999e+02 6.186000000000000000e+03
1.604077734061452816e+02 6.168475816192898492e+03
1.604672293910999201e+02 6.151000000000000000e+03
1.604774562438204839e+02 6.148168268311272186e+03
1.604877070057601713e+02 6.145334118958759063e+03
1.605082805673584971e+02 6.139658554866933628e+03
1.605289507060786036e+02 6.133973282880642728e+03
1.605497180552510201e+02 6.128278278070941269e+03
1.605904493325316480e+02 6.117157741448922025e+03
1.606109556786729229e+02 6.111583532987353465e+03
1.606315566291798120e+02 6.106000000000000000e+03
1.606735926011990045e+02 6.094657484409988683e+03
1.606947588292548517e+02 6.088971767949280547e+03
1.607160247456334901e+02 6.083276379584152892e+03
1.607577290337533498e+02 6.072156670230864620e+03
1.607998188306784186e+02 6.061000000000000000e+03
1.608459966406916237e+02 6.048834999067952594e+03
1.608863255497371654e+02 6.038274581129143371e+03
1.609447090837971928e+02 6.023090516904660944e+03
1.609721343101679167e+02 6.016000000000000000e+03
1.610087069297599101e+02 6.006585953588864868e+03
1.610455660502088904e+02 5.997145694263439509e+03
1.610968169701531849e+02 5.984097967492593853e+03
1.611486259466892079e+02 5.971000000000000000e+03
1.611781155873307512e+02 5.963885586377381514e+03
1.612080817534857147e+02 5.956711063565764562e+03
1.612576124718085566e+02 5.944971253664713913e+03
1.613084656533901580e+02 5.933068701681323546e+03
1.613344034661070907e+02 5.927055336232162517e+03
1.613606903985335634e+02 5.921000000000000000e+03
1.614251117153900168e+02 5.906322774931001732e+03
1.614916665098843112e+02 5.891395956763047252e+03
1.615374815467570215e+02 5.881256383119759448e+03
1.615843284248106784e+02 5.871000000000000000e+03
1.616500255450419559e+02 5.856801948922146948e+03
1.617052813151816508e+02 5.845023708057446129e+03
1.617112693240669898e+02 5.843756106197040936e+03
1.617313887430067325e+02 5.839509453895870138e+03
1.617323594284064256e+02 5.839305051769019883e+03
1.617333305419644205e+02 5.839100603783760562e+03
1.617352740545867107e+02 5.838691570176271853e+03
1.617391662291174441e+02 5.837872951980803009e+03
1.617469712335812346e+02 5.836233508201259610e+03
1.617488406746488465e+02 5.835841254024722730e+03
1.617507116970718357e+02 5.835448831251936099e+03
1.617544584932936687e+02 5.834663479482633193e+03
1.617619711427719835e+02 5.833090747999037376e+03
1.618201461773563778e+02 5.821000000000000000e+03
1.618623509989437252e+02 5.812324404815953130e+03
1.619318511134380003e+02 5.798209559798375267e+03
1.619603755459890237e+02 5.792477131407868910e+03
1.620034931047503051e+02 5.783877590861345197e+03
1.620255169410675649e+02 5.779515157886744419e+03
1.620294146109183089e+02 5.778745214811430742e+03
1.620688006174350448e+02 5.771000000000000000e+03
1.620879834145321183e+02 5.767247208179240261e+03
1.621218178602665034e+02 5.760647581597568205e+03
1.621592624587673868e+02 5.753372645957148961e+03
1.622493135836562033e+02 5.736000000000000000e+03
1.622582949606869249e+02 5.734276765325053020e+03
1.622669762879257291e+02 5.732612718651146679e+03
1.622756699524792623e+02 5.730947898682818050e+03
1.623540741245211905e+02 5.716005170388375518e+03
1.624334879016169566e+02 5.701000000000000000e+03
1.624607554800594471e+02 5.696299767616116696e+03
1.624882871199713463e+02 5.691577756961269188e+03
1.625441568876579197e+02 5.682067792569701851e+03
1.626389000308282675e+02 5.666158182732464411e+03
1.626615471411693079e+02 5.662394951670154114e+03
1.626631877057063207e+02 5.662122929592526816e+03
1.626648291787835205e+02 5.661850836085401170e+03
1.626681148533601231e+02 5.661306434670083945e+03
1.626746971359318650e+02 5.660216773446381922e+03
1.626751067259459091e+02 5.660149010020322748e+03
1.626789246981012411e+02 5.659517593057181330e+03
1.626827475789935988e+02 5.658885791585033076e+03
1.626904081021622801e+02 5.657621033707950119e+03
1.627057884424056624e+02 5.655086888358275246e+03
1.627367883032788427e+02 5.650000000000000000e+03
1.628648681046818183e+02 5.629272204888298802e+03
1.629564021002647962e+02 5.614737222997924619e+03
1.630506881675831892e+02 5.600000000000000000e+03
1.630793646401008914e+02 5.595559138360928046e+03
1.631081447819349535e+02 5.591113821732636097e+03
1.631660182754076516e+02 5.582209796666496004e+03
1.632830337815993289e+02 5.564347990646462677e+03
1.633889080010767145e+02 5.548347817202922670e+03
1.634423677248209401e+02 5.540326122140537336e+03
1.634961803613998654e+02 5.532289969591510271e+03
1.636048781564313686e+02 5.516174135411034513e+03
1.636597704482369124e+02 5.508094375114532340e+03
1.637150297566340953e+02 5.500000000000000000e+03
1.638369761527816308e+02 5.482274596889916211e+03
1.638986097677354508e+02 5.473386772410306548e+03
1.639606899498522239e+02 5.464482135951820965e+03
1.640733446811801741e+02 5.448443906490607333e+03
1.641302272423191084e+02 5.440404303246951713e+03
1.641874847562901323e+02 5.432350994423984048e+03
1.643031394073416891e+02 5.416203119612529008e+03
1.643615441818291742e+02 5.408108483110237103e+03
1.644203390172353636e+02 5.400000000000000000e+03
1.645493900756565893e+02 5.382341283162184482e+03
1.646803021212918452e+02 5.364619688891984879e+03
1.649218776136724216e+02 5.332414195103907332e+03
1.649346767995609753e+02 5.330725577178969615e+03
1.651699223324749255e+02 5.300000000000000000e+03
1.654149120468214846e+02 5.268613070347176290e+03
1.656662627444804343e+02 5.237037856906376874e+03
1.659675546222202911e+02 5.200000000000000000e+03
1.661238625521564245e+02 5.181123188790137647e+03
1.662826055968817514e+02 5.162181835061464881e+03
1.664438424957444340e+02 5.143175607226947250e+03
1.666076340334811334e+02 5.124104171424285596e+03
1.666125559745907481e+02 5.123534711241189143e+03
1.666174802427796067e+02 5.122965192817484422e+03
1.666273357671564668e+02 5.121825981212500665e+03
1.666372006202504963e+02 5.120686536537831671e+03
1.666470748156963850e+02 5.119546858721945682e+03
1.666597409711160367e+02 5.118086171107819609e+03
1.666724225170320324e+02 5.116625100430052953e+03
1.666851194823368019e+02 5.115163646537939712e+03
1.666978318960004515e+02 5.113701809280693851e+03
1.667232474550689290e+02 5.110783377244053554e+03
1.667487248853618667e+02 5.107863416640710057e+03
1.667830949402992360e+02 5.103933093874856240e+03
1.668175779466725999e+02 5.100000000000000000e+03
1.668195506030971274e+02 5.099775307355141194e+03
1.668384640177155234e+02 5.097622666933323671e+03
1.668611507096152025e+02 5.095044541692768689e+03
1.668838856225592906e+02 5.092465273752032772e+03
1.669295007457864983e+02 5.087303306729801989e+03
1.669751676454771427e+02 5.082152863521321706e+03
1.670210294186538249e+02 5.076997862837097273e+03
1.670669453886083318e+02 5.071854175867099912e+03
1.671130576163166381e+02 5.066705947393367751e+03
1.671180646285591251e+02 5.066147985041328866e+03
1.671230739608114959e+02 5.065589969318183648e+03
1.671330995920059195e+02 5.064473777727936067e+03
1.671431345233296781e+02 5.063357372561343254e+03
1.671531787682096706e+02 5.062240753757101629e+03
1.671732952522374376e+02 5.060006874990323922e+03
1.671934491523131783e+02 5.057772140936690448e+03
1.672338696327676075e+02 5.053300105003316276e+03
1.672744410844528034e+02 5.048824642022135777e+03
1.673563442723830690e+02 5.039830148983069193e+03
1.674388666001168247e+02 5.030821798014501837e+03
1.675810097150286140e+02 5.015431166328467953e+03
1.676527758044217649e+02 5.007720659996419272e+03
1.677250112022754251e+02 5.000000000000000000e+03
1.678725872630255367e+02 4.984350466656896970e+03
1.680221163329754006e+02 4.968660727985812628e+03
1.683271979899581652e+02 4.937160013312628507e+03
1.685099880393624403e+02 4.918608118927849318e+03
1.686957129683796097e+02 4.900000000000000000e+03
1.690801927216779461e+02 4.862230287249800313e+03
1.694774557563271173e+02 4.824236259859541860e+03
1.695095468855500087e+02 4.821211725570394265e+03
1.695417232202978539e+02 4.818185765245956645e+03
1.696063329614961788e+02 4.812129562455151245e+03
1.697365910643968050e+02 4.800000000000000000e+03
1.697730049505406384e+02 4.796628177874657922e+03
1.698095264509436220e+02 4.793254645241781873e+03
1.699735397677752644e+02 4.778205745655412102e+03
1.700563656367016847e+02 4.770668521131959096e+03
1.701397455148611471e+02 4.763122760832113272e+03
1.703319588340971222e+02 4.745886131456858493e+03
1.705271574128501868e+02 4.728604880064525787e+03
1.708274746404388225e+02 4.702447642573829398e+03
1.708416704639436716e+02 4.701223933096043766e+03
1.708558821054364785e+02 4.700000000000000000e+03
1.711959459058809045e+02 4.671047855811226327e+03
1.715451423595169160e+02 4.641974078156351425e+03
1.717828403953579937e+02 4.622554150333280631e+03
1.720635209702747659e+02 4.600000000000000000e+03
1.722907303491609809e+02 4.582035357707135518e+03
1.723232183700378641e+02 4.579487693472211504e+03
1.723557848376637480e+02 4.576939121644680199e+03
1.724211543873480252e+02 4.571839253271146845e+03
1.725528489885108172e+02 4.561628604046322835e+03
1.728201342748934621e+02 4.541163546563089767e+03
1.728425996009856647e+02 4.539459058171074503e+03
1.728651019644839835e+02 4.537754164709254837e+03
1.731160637588052396e+02 4.518901882588699664e+03
1.733716977374374437e+02 4.500000000000000000e+03
1.734088068142371526e+02 4.497281034716017530e+03
1.734460151562698798e+02 4.494561065026764481e+03
1.737473237437199600e+02 4.472764117764656476e+03
1.740552570776405332e+02 4.450902561122331463e+03
1.746920316994997506e+02 4.406984467210255389e+03
1.747956253597577074e+02 4.400000000000000000e+03
1.750087434069857295e+02 4.385768783619147143e+03
1.752250608014681745e+02 4.371510725873732554e+03
1.757789671497321251e+02 4.335839642122849909e+03
1.763547392742076454e+02 4.300000000000000000e+03
1.771489758180182719e+02 4.252544907707078892e+03
1.775237824802936188e+02 4.230918457524750920e+03
1.777966413671724695e+02 4.215474635658658372e+03
1.780745493422849108e+02 4.200000000000000000e+03
1.786473813154131562e+02 4.168895314184890594e+03
1.792426922640928524e+02 4.137666949604132242e+03
1.792692630904563202e+02 4.136298565928655080e+03
1.796252669647410016e+02 4.118170185945573394e+03
1.799897664382591245e+02 4.100000000000000000e+03
1.807466710511687040e+02 4.063495247384585582e+03
1.815427984991785877e+02 4.026822041401353090e+03
1.816923291136363900e+02 4.020124987488006354e+03
1.818433266328204923e+02 4.013422300691796409e+03
1.821498391552724456e+02 4.000000000000000000e+03
1.822621320126464752e+02 3.995143612901741562e+03
1.823752502658691981e+02 3.990284269093446710e+03
1.828042761130591032e+02 3.972149362520172872e+03
1.832456191124284146e+02 3.953973216789043363e+03
1.833020668642956821e+02 3.951683009119788494e+03
1.833587229661100650e+02 3.949392145892666576e+03
1.834726665948862774e+02 3.944808451638598854e+03
1.837538738869746453e+02 3.933629798901071808e+03
1.840403403845928096e+02 3.922435527900394845e+03
1.843322755548423402e+02 3.911225605882083528e+03
1.846299032356432122e+02 3.900000000000000000e+03
1.852426737662977416e+02 3.877521237213616132e+03
1.858813089926083251e+02 3.854979169015443404e+03
1.872465150546779569e+02 3.809704043666336020e+03
1.874000324478872983e+02 3.804853485772945078e+03
1.875551688384562112e+02 3.800000000000000000e+03
1.880636679848158792e+02 3.784427856473555948e+03
1.885906447402551862e+02 3.768825250797792251e+03
1.897067418439968947e+02 3.737528294758099491e+03
1.911681728598621817e+02 3.700000000000000000e+03
1.925351351517691398e+02 3.668280721280808848e+03
1.934325825834970658e+02 3.649163394452884859e+03
1.944010899067862965e+02 3.630000000000000000e+03
1.952123448710879359e+02 3.614999772910571210e+03
1.956360679839704915e+02 3.607499829684217730e+03
1.960732106486803730e+02 3.600000000000000000e+03
1.975261884534961609e+02 3.576775986262010065e+03
1.983206513484011566e+02 3.565164474887929828e+03
1.991723006984576898e+02 3.553553293824999400e+03
2.014382948166554002e+02 3.526775768576072096e+03
2.044725485952440067e+02 3.500000000000000000e+03
2.057029185322986677e+02 3.492023793463924903e+03
2.084792590641356469e+02 3.480000000000000000e+03
2.112555995959726545e+02 3.492023793463924903e+03
2.124859695330272871e+02 3.500000000000000000e+03
2.155202233116158936e+02 3.526775768576072096e+03
2.177862174298136040e+02 3.553553293824999400e+03
2.186378667798701372e+02 3.565164474887929828e+03
2.194323296747751328e+02 3.576775986262010065e+03
2.208853074795909492e+02 3.600000000000000000e+03
2.213224501443008023e+02 3.607499829684217730e+03
2.217461732571833579e+02 3.614999772910571210e+03
2.225574282214849973e+02 3.630000000000000000e+03
2.235259355447742564e+02 3.649163394452884859e+03
2.244233829765021824e+02 3.668280721280808848e+03
2.257903452684091690e+02 3.700000000000000000e+03
2.272517762842744560e+02 3.737528294758099491e+03
2.283678733880161360e+02 3.768825250797792251e+03
2.288948501434554430e+02 3.784427856473555948e+03
2.294033492898151394e+02 3.800000000000000000e+03
2.295584856803840239e+02 3.804853485772945078e+03
2.297120030735933653e+02 3.809704043666336020e+03
2.310772091356629971e+02 3.854979169015443404e+03
2.317158443619735806e+02 3.877521237213616132e+03
2.323286148926281101e+02 3.900000000000000000e+03
2.326262425734290105e+02 3.911225605882083528e+03
2.329181777436785410e+02 3.922435527900394845e+03
2.332046442412967053e+02 3.933629798901071808e+03
2.334858515333850448e+02 3.944808451638598854e+03
2.335997951621612856e+02 3.949392145892666576e+03
2.336564512639756401e+02 3.951683009119788494e+03
2.337128990158429360e+02 3.953973216789043363e+03
2.341542420152122190e+02 3.972149362520172872e+03
2.345832678624021241e+02 3.990284269093446710e+03
2.346963861156248470e+02 3.995143612901741562e+03
2.348086789729989050e+02 4.000000000000000000e+03
2.351151914954508300e+02 4.013422300691796409e+03
2.352661890146349606e+02 4.020124987488006354e+03
2.354157196290927345e+02 4.026822041401353090e+03
2.362118470771026182e+02 4.063495247384585582e+03
2.369687516900121977e+02 4.100000000000000000e+03
2.373332511635303490e+02 4.118170185945573394e+03
2.376892550378150020e+02 4.136298565928655080e+03
2.377158258641784698e+02 4.137666949604132242e+03
2.383111368128581944e+02 4.168895314184890594e+03
2.388839687859864398e+02 4.200000000000000000e+03
2.391618767610988527e+02 4.215474635658658372e+03
2.394347356479777034e+02 4.230918457524750920e+03
2.398095423102530788e+02 4.252544907707078892e+03
2.406037788540637052e+02 4.300000000000000000e+03
2.411795509785391971e+02 4.335839642122849909e+03
2.417334573268031761e+02 4.371510725873732554e+03
2.419497747212855927e+02 4.385768783619147143e+03
2.421628927685136432e+02 4.400000000000000000e+03
2.422664864287715716e+02 4.406984467210255389e+03
2.429032610506308174e+02 4.450902561122331463e+03
2.432111943845513622e+02 4.472764117764656476e+03
2.435125029720014709e+02 4.494561065026764481e+03
2.435497113140341980e+02 4.497281034716017530e+03
2.435868203908338785e+02 4.500000000000000000e+03
2.438424543694661111e+02 4.518901882588699664e+03
2.440934161637873387e+02 4.537754164709254837e+03
2.441159185272856575e+02 4.539459058171074503e+03
2.441383838533778601e+02 4.541163546563089767e+03
2.444056691397604766e+02 4.561628604046322835e+03
2.445373637409232686e+02 4.571839253271146845e+03
2.446027332906075458e+02 4.576939121644680199e+03
2.446352997582334297e+02 4.579487693472211504e+03
2.446677877791102844e+02 4.582035357707135518e+03
2.448949971579964995e+02 4.600000000000000000e+03
2.451756777329133001e+02 4.622554150333280631e+03
2.454133757687543493e+02 4.641974078156351425e+03
2.457625722223903608e+02 4.671047855811226327e+03
2.461026360228347869e+02 4.700000000000000000e+03
2.461168476643275937e+02 4.701223933096043766e+03
2.461310434878324429e+02 4.702447642573829398e+03
2.464313607154210786e+02 4.728604880064525787e+03
2.466265592941741431e+02 4.745886131456858493e+03
2.468187726134101467e+02 4.763122760832113272e+03
2.469021524915695807e+02 4.770668521131959096e+03
2.469849783604960010e+02 4.778205745655412102e+03
2.471489916773276150e+02 4.793254645241781873e+03
2.471855131777306269e+02 4.796628177874657922e+03
2.472219270638744604e+02 4.800000000000000000e+03
2.473521851667750866e+02 4.812129562455151245e+03
2.474167949079734399e+02 4.818185765245956645e+03
2.474489712427212851e+02 4.821211725570394265e+03
2.474810623719442049e+02 4.824236259859541860e+03
2.478783254065933477e+02 4.862230287249800313e+03
2.482628051598916841e+02 4.900000000000000000e+03
2.484485300889088535e+02 4.918608118927849318e+03
2.486313201383131286e+02 4.937160013312628507e+03
2.489364017952958932e+02 4.968660727985812628e+03
2.490859308652457571e+02 4.984350466656896970e+03
2.492335069259958686e+02 5.000000000000000000e+03
2.493057423238495289e+02 5.007720659996419272e+03
2.493775084132426798e+02 5.015431166328467953e+03
2.495196515281544407e+02 5.030821798014501837e+03
2.496021738558882248e+02 5.039830148983069193e+03
2.496840770438184620e+02 5.048824642022135777e+03
2.497246484955036578e+02 5.053300105003316276e+03
2.497650689759581439e+02 5.057772140936690448e+03
2.497852228760338562e+02 5.060006874990323922e+03
2.498053393600615948e+02 5.062240753757101629e+03
2.498153836049416157e+02 5.063357372561343254e+03
2.498254185362653743e+02 5.064473777727936067e+03
2.498354441674597979e+02 5.065589969318183648e+03
2.498404534997121687e+02 5.066147985041328866e+03
2.498454605119546272e+02 5.066705947393367751e+03
2.498915727396629620e+02 5.071854175867099912e+03
2.499374887096174689e+02 5.076997862837097273e+03
2.499833504827941226e+02 5.082152863521321706e+03
2.500290173824847955e+02 5.087303306729801989e+03
2.500746325057120032e+02 5.092465273752032772e+03
2.500973674186560913e+02 5.095044541692768689e+03
2.501200541105557704e+02 5.097622666933323671e+03
2.501389675251741949e+02 5.099775307355141194e+03
2.501409401815987223e+02 5.100000000000000000e+03
2.501754231879720862e+02 5.103933093874856240e+03
2.502097932429094271e+02 5.107863416640710057e+03
2.502352706732023648e+02 5.110783377244053554e+03
2.502606862322708707e+02 5.113701809280693851e+03
2.502733986459344919e+02 5.115163646537939712e+03
2.502860956112392614e+02 5.116625100430052953e+03
2.502987771571552855e+02 5.118086171107819609e+03
2.503114433125749372e+02 5.119546858721945682e+03
2.503213175080207975e+02 5.120686536537831671e+03
2.503311823611148270e+02 5.121825981212500665e+03
2.503410378854916871e+02 5.122965192817484422e+03
2.503459621536805457e+02 5.123534711241189143e+03
2.503508840947901604e+02 5.124104171424285596e+03
2.505146756325268598e+02 5.143175607226947250e+03
2.506759125313895709e+02 5.162181835061464881e+03
2.508346555761148693e+02 5.181123188790137647e+03
2.509909635060510027e+02 5.200000000000000000e+03
2.512922553837908595e+02 5.237037856906376874e+03
2.515436060814498376e+02 5.268613070347176290e+03
2.517885957957963967e+02 5.300000000000000000e+03
2.520238413287103754e+02 5.330725577178969615e+03
2.520366405145989006e+02 5.332414195103907332e+03
2.522782160069794770e+02 5.364619688891984879e+03
2.524091280526147330e+02 5.382341283162184482e+03
2.525381791110359586e+02 5.400000000000000000e+03
2.525969739464421195e+02 5.408108483110237103e+03
2.526553787209296331e+02 5.416203119612529008e+03
2.527710333719811615e+02 5.432350994423984048e+03
2.528282908859522138e+02 5.440404303246951713e+03
2.528851734470911765e+02 5.448443906490607333e+03
2.529978281784190699e+02 5.464482135951820965e+03
2.530599083605358715e+02 5.473386772410306548e+03
2.531215419754896914e+02 5.482274596889916211e+03
2.532434883716372269e+02 5.500000000000000000e+03
2.532987476800344098e+02 5.508094375114532340e+03
2.533536399718399537e+02 5.516174135411034513e+03
2.534623377668714852e+02 5.532289969591510271e+03
2.535161504034503821e+02 5.540326122140537336e+03
2.535696101271946361e+02 5.548347817202922670e+03
2.536754843466720217e+02 5.564347990646462677e+03
2.537924998528636991e+02 5.582209796666496004e+03
2.538503733463363687e+02 5.591113821732636097e+03
2.538791534881704877e+02 5.595559138360928046e+03
2.539078299606881330e+02 5.600000000000000000e+03
2.540021160280065544e+02 5.614737222997924619e+03
2.540936500235895323e+02 5.629272204888298802e+03
2.542217298249925364e+02 5.650000000000000000e+03
2.542527296858656882e+02 5.655086888358275246e+03
2.542681100261090421e+02 5.657621033707950119e+03
2.542757705492777802e+02 5.658885791585033076e+03
2.542795934301701095e+02 5.659517593057181330e+03
2.542834114023254699e+02 5.660149010020322748e+03
2.542838209923394857e+02 5.660216773446381922e+03
2.542904032749112275e+02 5.661306434670083945e+03
2.542936889494878301e+02 5.661850836085401170e+03
2.542953304225650299e+02 5.662122929592526816e+03
2.542969709871020427e+02 5.662394951670154114e+03
2.543196180974430831e+02 5.666158182732464411e+03
2.544143612406134309e+02 5.682067792569701851e+03
2.544702310082999759e+02 5.691577756961269188e+03
2.544977626482118751e+02 5.696299767616116696e+03
2.545250302266543940e+02 5.701000000000000000e+03
2.546044440037501602e+02 5.716005170388375518e+03
2.546828481757920599e+02 5.730947898682818050e+03
2.546915418403455931e+02 5.732612718651146679e+03
2.547002231675843973e+02 5.734276765325053020e+03
2.547092045446151189e+02 5.736000000000000000e+03
2.547992556695039355e+02 5.753372645957148961e+03
2.548367002680048188e+02 5.760647581597568205e+03
2.548705347137392039e+02 5.767247208179240261e+03
2.548897175108362774e+02 5.771000000000000000e+03
2.549291035173530133e+02 5.778745214811430742e+03
2.549330011872037574e+02 5.779515157886744419e+03
2.549550250235210171e+02 5.783877590861345197e+03
2.549981425822822985e+02 5.792477131407868910e+03
2.550266670148332935e+02 5.798209559798375267e+03
2.550961671293275970e+02 5.812324404815953130e+03
2.551383719509149444e+02 5.821000000000000000e+03
2.551965469854993103e+02 5.833090747999037376e+03
2.552040596349776251e+02 5.834663479482633193e+03
2.552078064311994581e+02 5.835448831251936099e+03
2.552096774536224473e+02 5.835841254024722730e+03
2.552115468946900592e+02 5.836233508201259610e+03
2.552193518991538497e+02 5.837872951980803009e+03
2.552232440736845547e+02 5.838691570176271853e+03
2.552251875863068449e+02 5.839100603783760562e+03
2.552261586998648397e+02 5.839305051769019883e+03
2.552271293852645613e+02 5.839509453895870138e+03
2.552472488042043040e+02 5.843756106197040936e+03
2.552532368130896430e+02 5.845023708057446129e+03
2.553084925832293095e+02 5.856801948922146948e+03
2.553741897034605586e+02 5.871000000000000000e+03
2.554210365815142438e+02 5.881256383119759448e+03
2.554668516183869542e+02 5.891395956763047252e+03
2.555334064128812201e+02 5.906322774931001732e+03
2.555978277297376735e+02 5.921000000000000000e+03
2.556241146621641462e+02 5.927055336232162517e+03
2.556500524748810790e+02 5.933068701681323546e+03
2.557009056564626803e+02 5.944971253664713913e+03
2.557504363747855223e+02 5.956711063565764562e+03
2.557804025409404858e+02 5.963885586377381514e+03
2.558098921815820290e+02 5.971000000000000000e+03
2.558617011581180520e+02 5.984097967492593853e+03
2.559129520780623750e+02 5.997145694263439509e+03
2.559498111985113269e+02 6.006585953588864868e+03
2.559863838181033486e+02 6.016000000000000000e+03
2.560138090444740442e+02 6.023090516904660944e+03
2.560721925785341000e+02 6.038274581129143371e+03
2.561125214875796132e+02 6.048834999067952594e+03
2.561586992975928752e+02 6.061000000000000000e+03
2.562007890945179156e+02 6.072156670230864620e+03
2.562424933826378037e+02 6.083276379584152892e+03
2.562637592990164421e+02 6.088971767949280547e+03
2.562849255270722324e+02 6.094657484409988683e+03
2.563269614990914533e+02 6.106000000000000000e+03
2.563475624495983425e+02 6.111583532987353465e+03
2.563680687957396458e+02 6.117157741448922025e+03
2.564088000730202452e+02 6.128278278070941269e+03
2.564295674221926333e+02 6.133973282880642728e+03
2.564502375609127967e+02 6.139658554866933628e+03
2.564708111225110656e+02 6.145334118958759063e+03
2.564810618844508099e+02 6.148168268311272186e+03
2.564912887371713168e+02 6.151000000000000000e+03
2.565507447221259554e+02 6.168475816192898492e+03
2.566100983795421371e+02 6.186000000000000000e+03
2.566690235438544505e+02 6.203475292094711222e+03
2.567278548955340511e+02 6.221000000000000000e+03
2.567779428314914867e+02 6.235981114146495202e+03
2.568112771436973389e+02 6.245982315499501055e+03
2.568445835484748159e+02 6.256000000000000000e+03
2.568735441311918635e+02 6.264730751490902549e+03
2.569024851344905755e+02 6.273474316488087425e+03
2.569314066178652070e+02 6.282230723220483014e+03
2.569603086406813759e+02 6.291000000000000000e+03
2.569931638451582216e+02 6.300991482874092981e+03
2.570259955700236105e+02 6.311000000000000000e+03
2.570527100428443532e+02 6.319161558655203407e+03
2.570660617336535552e+02 6.323246641096669919e+03
2.570794097349681806e+02 6.327334596315524323e+03
2.570913669141530136e+02 6.331000000000000000e+03
2.571040649978735360e+02 6.334896038686511019e+03
2.571167598997182608e+02 6.338794716459812662e+03
2.571294516242926420e+02 6.342696036002298570e+03
2.571357962964995068e+02 6.344647687276229590e+03
2.571421401761142533e+02 6.346600000000000364e+03
2.571551834884261893e+02 6.351300000000000182e+03
2.571616975663617382e+02 6.353650000000000546e+03
2.571649527133843662e+02 6.354825000000000728e+03
2.571682066001028488e+02 6.356000000000000000e+03
2.571849678580804266e+02 6.363500000000000000e+03
2.571933332248827355e+02 6.367250000000000000e+03
2.571975121009267014e+02 6.369125000000000000e+03
2.571996005881307497e+02 6.370062500000000000e+03
2.572016884418446807e+02 6.371000000000000000e+03
2.572037762955585549e+02 6.370062500000000000e+03
2.572058647827625464e+02 6.369125000000000000e+03
2.572100436588065122e+02 6.367250000000000000e+03
2.572184090256089348e+02 6.363500000000000000e+03
2.572351702835863989e+02 6.356000000000000000e+03
2.572384241703049383e+02 6.354825000000000728e+03
2.572416793173275664e+02 6.353650000000000546e+03
2.572481933952631152e+02 6.351300000000000182e+03
2.572612367075750512e+02 6.346600000000000364e+03
2.572675805871897410e+02 6.344647687276229590e+03
2.572739252593967194e+02 6.342696036002298570e+03
2.572866169839710437e+02 6.338794716459812662e+03
2.572993118858157686e+02 6.334896038686511019e+03
2.573120099695362910e+02 6.331000000000000000e+03
2.573239671487210671e+02 6.327334596315524323e+03
2.573373151500356926e+02 6.323246641096669919e+03
2.573506668408449514e+02 6.319161558655203407e+03
2.573773813136656941e+02 6.311000000000000000e+03
2.574102130385310829e+02 6.300991482874092981e+03
2.574430682430079287e+02 6.291000000000000000e+03
2.574719702658240976e+02 6.282230723220483014e+03
2.575008917491987859e+02 6.273474316488087425e+03
2.575298327524974411e+02 6.264730751490902549e+03
2.575587933352144319e+02 6.256000000000000000e+03
2.575920997399919656e+02 6.245982315499501055e+03
2.576254340521978747e+02 6.235981114146495202e+03
2.576755219881551966e+02 6.221000000000000000e+03
2.577343533398348541e+02 6.203475292094711222e+03
2.577932785041471107e+02 6.186000000000000000e+03
2.578526321615632924e+02 6.168475816192898492e+03
2.579120881465179309e+02 6.151000000000000000e+03
2.579223149992384947e+02 6.148168268311272186e+03
2.579325657611782390e+02 6.145334118958759063e+03
2.579531393227765079e+02 6.139658554866933628e+03
2.579738094614966712e+02 6.133973282880642728e+03
2.579945768106690593e+02 6.128278278070941269e+03
2.580353080879497156e+02 6.117157741448922025e+03
2.580558144340909621e+02 6.111583532987353465e+03
2.580764153845977944e+02 6.106000000000000000e+03
2.581184513566170153e+02 6.094657484409988683e+03
2.581396175846728056e+02 6.088971767949280547e+03
2.581608835010515008e+02 6.083276379584152892e+03
2.582025877891713890e+02 6.072156670230864620e+03
2.582446775860964294e+02 6.061000000000000000e+03
2.582908553961096914e+02 6.048834999067952594e+03
2.583311843051552046e+02 6.038274581129143371e+03
2.583895678392152604e+02 6.023090516904660944e+03
2.584169930655859844e+02 6.016000000000000000e+03
2.584535656851779777e+02 6.006585953588864868e+03
2.584904248056269012e+02 5.997145694263439509e+03
2.585416757255712241e+02 5.984097967492593853e+03
2.585934847021072756e+02 5.971000000000000000e+03
2.586229743427487620e+02 5.963885586377381514e+03
2.586529405089037255e+02 5.956711063565764562e+03
2.587024712272266243e+02 5.944971253664713913e+03
2.587533244088082256e+02 5.933068701681323546e+03
2.587792622215251868e+02 5.927055336232162517e+03
2.588055491539516311e+02 5.921000000000000000e+03
2.588699704708080844e+02 5.906322774931001732e+03
2.589365252653023504e+02 5.891395956763047252e+03
2.589823403021750323e+02 5.881256383119759448e+03
2.590291871802287460e+02 5.871000000000000000e+03
2.590948843004599667e+02 5.856801948922146948e+03
2.591501400705996616e+02 5.845023708057446129e+03
2.591561280794850290e+02 5.843756106197040936e+03
2.591762474984247433e+02 5.839509453895870138e+03
2.591772181838244933e+02 5.839305051769019883e+03
2.591781892973824597e+02 5.839100603783760562e+03
2.591801328100046931e+02 5.838691570176271853e+03
2.591840249845354265e+02 5.837872951980803009e+03
2.591918299889992454e+02 5.836233508201259610e+03
2.591936994300668289e+02 5.835841254024722730e+03
2.591955704524898465e+02 5.835448831251936099e+03
2.591993172487116226e+02 5.834663479482633193e+03
2.592068298981899943e+02 5.833090747999037376e+03
2.592650049327743318e+02 5.821000000000000000e+03
2.593072097543616792e+02 5.812324404815953130e+03
2.593767098688559827e+02 5.798209559798375267e+03
2.594052343014070061e+02 5.792477131407868910e+03
2.594483518601682590e+02 5.783877590861345197e+03
2.594703756964855756e+02 5.779515157886744419e+03
2.594742733663362628e+02 5.778745214811430742e+03
2.595136593728529988e+02 5.771000000000000000e+03
2.595328421699500723e+02 5.767247208179240261e+03
2.595666766156844574e+02 5.760647581597568205e+03
2.596041212141853975e+02 5.753372645957148961e+03
2.596941723390741572e+02 5.736000000000000000e+03
2.597031537161049073e+02 5.734276765325053020e+03
2.597118350433437399e+02 5.732612718651146679e+03
2.597205287078971878e+02 5.730947898682818050e+03
2.597989328799391160e+02 5.716005170388375518e+03
2.598783466570349105e+02 5.701000000000000000e+03
2.599577604341306483e+02 5.716005170388375518e+03
2.600361646061725764e+02 5.730947898682818050e+03
2.600448582707260812e+02 5.732612718651146679e+03
2.600535395979649138e+02 5.734276765325053020e+03
2.600625209749956070e+02 5.736000000000000000e+03
2.601525720998844236e+02 5.753372645957148961e+03
2.601900166983853069e+02 5.760647581597568205e+03
2.602238511441197488e+02 5.767247208179240261e+03
2.602430339412168223e+02 5.771000000000000000e+03
2.602824199477335014e+02 5.778745214811430742e+03
2.602863176175842455e+02 5.779515157886744419e+03
2.603083414539015621e+02 5.783877590861345197e+03
2.603514590126628150e+02 5.792477131407868910e+03
2.603799834452138384e+02 5.798209559798375267e+03
2.604494835597081419e+02 5.812324404815953130e+03
2.604916883812954325e+02 5.821000000000000000e+03
2.605498634158798268e+02 5.833090747999037376e+03
2.605573760653581417e+02 5.834663479482633193e+03
2.605611228615799746e+02 5.835448831251936099e+03
2.605629938840029354e+02 5.835841254024722730e+03
2.605648633250705188e+02 5.836233508201259610e+03
2.605726683295343378e+02 5.837872951980803009e+03
2.605765605040650712e+02 5.838691570176271853e+03
2.605785040166873614e+02 5.839100603783760562e+03
2.605794751302453278e+02 5.839305051769019883e+03
2.605804458156450210e+02 5.839509453895870138e+03
2.606005652345847921e+02 5.843756106197040936e+03
2.606065532434701026e+02 5.845023708057446129e+03
2.606618090136097976e+02 5.856801948922146948e+03
2.607275061338410751e+02 5.871000000000000000e+03
2.607743530118947319e+02 5.881256383119759448e+03
2.608201680487674139e+02 5.891395956763047252e+03
2.608867228432617367e+02 5.906322774931001732e+03
2.609511441601181332e+02 5.921000000000000000e+03
2.609774310925446343e+02 5.927055336232162517e+03
2.610033689052615955e+02 5.933068701681323546e+03
2.610542220868431968e+02 5.944971253664713913e+03
2.611037528051660388e+02 5.956711063565764562e+03
2.611337189713210023e+02 5.963885586377381514e+03
2.611632086119625455e+02 5.971000000000000000e+03
2.612150175884985401e+02 5.984097967492593853e+03
2.612662685084428631e+02 5.997145694263439509e+03
2.613031276288918434e+02 6.006585953588864868e+03
2.613397002484838367e+02 6.016000000000000000e+03
2.613671254748545607e+02 6.023090516904660944e+03
2.614255090089146165e+02 6.038274581129143371e+03
2.614658379179601297e+02 6.048834999067952594e+03
2.615120157279733348e+02 6.061000000000000000e+03
2.615541055248984321e+02 6.072156670230864620e+03
2.615958098130182634e+02 6.083276379584152892e+03
2.616170757293969586e+02 6.088971767949280547e+03
2.616382419574528058e+02 6.094657484409988683e+03
2.616802779294719699e+02 6.106000000000000000e+03
2.617008788799788590e+02 6.111583532987353465e+03
2.617213852261201055e+02 6.117157741448922025e+03
2.617621165034007618e+02 6.128278278070941269e+03
2.617828838525731499e+02 6.133973282880642728e+03
2.618035539912932563e+02 6.139658554866933628e+03
2.618241275528915821e+02 6.145334118958759063e+03
2.618343783148312696e+02 6.148168268311272186e+03
2.618446051675518333e+02 6.151000000000000000e+03
2.619040611525064719e+02 6.168475816192898492e+03
2.619634148099227104e+02 6.186000000000000000e+03
2.620223399742349102e+02 6.203475292094711222e+03
2.620811713259145677e+02 6.221000000000000000e+03
2.621312592618719464e+02 6.235981114146495202e+03
2.621645935740778555e+02 6.245982315499501055e+03
2.621978999788553324e+02 6.256000000000000000e+03
2.622268605615723800e+02 6.264730751490902549e+03
2.622558015648710352e+02 6.273474316488087425e+03
2.622847230482457235e+02 6.282230723220483014e+03
2.623136250710618924e+02 6.291000000000000000e+03
2.623464802755387382e+02 6.300991482874092981e+03
2.623793120004040702e+02 6.311000000000000000e+03
2.624060264732248697e+02 6.319161558655203407e+03
2.624193781640340717e+02 6.323246641096669919e+03
2.624327261653486971e+02 6.327334596315524323e+03
2.624446833445334732e+02 6.331000000000000000e+03
2.624573814282540525e+02 6.334896038686511019e+03
2.624700763300987774e+02 6.338794716459812662e+03
2.624827680546731017e+02 6.342696036002298570e+03
2.624891127268800801e+02 6.344647687276229590e+03
2.624954566064947130e+02 6.346600000000000364e+03
2.625084999188067059e+02 6.351300000000000182e+03
2.625150139967422547e+02 6.353650000000000546e+03
2.625182691437648828e+02 6.354825000000000728e+03
2.625215230304834222e+02 6.356000000000000000e+03
2.625382842884608863e+02 6.363500000000000000e+03
2.625466496552632520e+02 6.367250000000000000e+03
2.625508285313072747e+02 6.369125000000000000e+03
2.625529170185112662e+02 6.370062500000000000e+03
2.625550048722251404e+02 6.371000000000000000e+03
2.625570927259390714e+02 6.370062500000000000e+03
2.625591812131430629e+02 6.369125000000000000e+03
2.625633600891870856e+02 6.367250000000000000e+03
2.625717254559893945e+02 6.363500000000000000e+03
2.625884867139669154e+02 6.356000000000000000e+03
2.625917406006853980e+02 6.354825000000000728e+03
2.625949957477080261e+02 6.353650000000000546e+03
2.626015098256435749e+02 6.351300000000000182e+03
2.626145531379555678e+02 6.346600000000000364e+03
2.626208970175702575e+02 6.344647687276229590e+03
2.626272416897771791e+02 6.342696036002298570e+03
2.626399334143515034e+02 6.338794716459812662e+03
2.626526283161962283e+02 6.334896038686511019e+03
2.626653263999168075e+02 6.331000000000000000e+03
2.626772835791015837e+02 6.327334596315524323e+03
2.626906315804162659e+02 6.323246641096669919e+03
2.627039832712254110e+02 6.319161558655203407e+03
2.627306977440462106e+02 6.311000000000000000e+03
2.627635294689115995e+02 6.300991482874092981e+03
2.627963846733883884e+02 6.291000000000000000e+03
2.628252866962045573e+02 6.282230723220483014e+03
2.628542081795792456e+02 6.273474316488087425e+03
2.628831491828779008e+02 6.264730751490902549e+03
2.629121097655950052e+02 6.256000000000000000e+03
2.629454161703724822e+02 6.245982315499501055e+03
2.629787504825783344e+02 6.235981114146495202e+03
2.630288384185357700e+02 6.221000000000000000e+03
2.630876697702153706e+02 6.203475292094711222e+03
2.631465949345276272e+02 6.186000000000000000e+03
2.632059485919438657e+02 6.168475816192898492e+03
2.632654045768985043e+02 6.151000000000000000e+03
2.632756314296190112e+02 6.148168268311272186e+03
2.632858821915586987e+02 6.145334118958759063e+03
2.633064557531570244e+02 6.139658554866933628e+03
2.633271258918771309e+02 6.133973282880642728e+03
2.633478932410495190e+02 6.128278278070941269e+03
2.633886245183301753e+02 6.117157741448922025e+03
2.634091308644714218e+02 6.111583532987353465e+03
2.634297318149783678e+02 6.106000000000000000e+03
2.634717677869975319e+02 6.094657484409988683e+03
2.634929340150533790e+02 6.088971767949280547e+03
2.635141999314320174e+02 6.083276379584152892e+03
2.635559042195518487e+02 6.072156670230864620e+03
2.635979940164769459e+02 6.061000000000000000e+03
2.636441718264901510e+02 6.048834999067952594e+03
2.636845007355357211e+02 6.038274581129143371e+03
2.637428842695957201e+02 6.023090516904660944e+03
2.637703094959664440e+02 6.016000000000000000e+03
2.638068821155584374e+02 6.006585953588864868e+03
2.638437412360074177e+02 5.997145694263439509e+03
2.638949921559517406e+02 5.984097967492593853e+03
2.639468011324877352e+02 5.971000000000000000e+03
2.639762907731293353e+02 5.963885586377381514e+03
2.640062569392842988e+02 5.956711063565764562e+03
2.640557876576070839e+02 5.944971253664713913e+03
2.641066408391886853e+02 5.933068701681323546e+03
2.641325786519056464e+02 5.927055336232162517e+03
2.641588655843321476e+02 5.921000000000000000e+03
2.642232869011885441e+02 5.906322774931001732e+03
2.642898416956828669e+02 5.891395956763047252e+03
2.643356567325555488e+02 5.881256383119759448e+03
2.643825036106092057e+02 5.871000000000000000e+03
2.644482007308404832e+02 5.856801948922146948e+03
2.645034565009801781e+02 5.845023708057446129e+03
2.645094445098654887e+02 5.843756106197040936e+03
2.645295639288052598e+02 5.839509453895870138e+03
2.645305346142049530e+02 5.839305051769019883e+03
2.645315057277629194e+02 5.839100603783760562e+03
2.645334492403852664e+02 5.838691570176271853e+03
2.645373414149159430e+02 5.837872951980803009e+03
2.645451464193797619e+02 5.836233508201259610e+03
2.645470158604473454e+02 5.835841254024722730e+03
2.645488868828703062e+02 5.835448831251936099e+03
2.645526336790921960e+02 5.834663479482633193e+03
2.645601463285704540e+02 5.833090747999037376e+03
2.646183213631549052e+02 5.821000000000000000e+03
2.646605261847421957e+02 5.812324404815953130e+03
2.647300262992364992e+02 5.798209559798375267e+03
2.647585507317875226e+02 5.792477131407868910e+03
2.648016682905487755e+02 5.783877590861345197e+03
2.648236921268660353e+02 5.779515157886744419e+03
2.648275897967167793e+02 5.778745214811430742e+03
2.648669758032335153e+02 5.771000000000000000e+03
2.648861586003305888e+02 5.767247208179240261e+03
2.649199930460649739e+02 5.760647581597568205e+03
2.649574376445658572e+02 5.753372645957148961e+03
2.650474887694546737e+02 5.736000000000000000e+03
2.650564701464853670e+02 5.734276765325053020e+03
2.650651514737241996e+02 5.732612718651146679e+03
2.650738451382777612e+02 5.730947898682818050e+03
2.651522493103196325e+02 5.716005170388375518e+03
2.652316630874154271e+02 5.701000000000000000e+03
2.652589306658579176e+02 5.696299767616116696e+03
2.652864623057698168e+02 5.691577756961269188e+03
2.653423320734563617e+02 5.682067792569701851e+03
2.654370752166266811e+02 5.666158182732464411e+03
2.654597223269677215e+02 5.662394951670154114e+03
2.654613628915047912e+02 5.662122929592526816e+03
2.654630043645819342e+02 5.661850836085401170e+03
2.654662900391585936e+02 5.661306434670083945e+03
2.654728723217302786e+02 5.660216773446381922e+03
2.654732819117443228e+02 5.660149010020322748e+03
2.654770998838996547e+02 5.659517593057181330e+03
2.654809227647920125e+02 5.658885791585033076e+03
2.654885832879607506e+02 5.657621033707950119e+03
2.655039636282041329e+02 5.655086888358275246e+03
2.655349634890773132e+02 5.650000000000000000e+03
2.656630432904802319e+02 5.629272204888298802e+03
2.657545772860632383e+02 5.614737222997924619e+03
2.658488633533816596e+02 5.600000000000000000e+03
2.658775398258993619e+02 5.595559138360928046e+03
2.659063199677334524e+02 5.591113821732636097e+03
2.659641934612060936e+02 5.582209796666496004e+03
2.660812089673977425e+02 5.564347990646462677e+03
2.661870831868751566e+02 5.548347817202922670e+03
2.662405429106194106e+02 5.540326122140537336e+03
2.662943555471982791e+02 5.532289969591510271e+03
2.664030533422298390e+02 5.516174135411034513e+03
2.664579456340353545e+02 5.508094375114532340e+03
2.665132049424325942e+02 5.500000000000000000e+03
2.666351513385801013e+02 5.482274596889916211e+03
2.666967849535338928e+02 5.473386772410306548e+03
2.667588651356506944e+02 5.464482135951820965e+03
2.668715198669786446e+02 5.448443906490607333e+03
2.669284024281175789e+02 5.440404303246951713e+03
2.669856599420886596e+02 5.432350994423984048e+03
2.671013145931401596e+02 5.416203119612529008e+03
2.671597193676276447e+02 5.408108483110237103e+03
2.672185142030338625e+02 5.400000000000000000e+03
2.673475652614550881e+02 5.382341283162184482e+03
2.674784773070903157e+02 5.364619688891984879e+03
2.677200527994708636e+02 5.332414195103907332e+03
2.677328519853594457e+02 5.330725577178969615e+03
2.679680975182733960e+02 5.300000000000000000e+03
2.682130872326199551e+02 5.268613070347176290e+03
2.684644379302789048e+02 5.237037856906376874e+03
2.687657298080188184e+02 5.200000000000000000e+03
2.689220377379549518e+02 5.181123188790137647e+03
2.690807807826802218e+02 5.162181835061464881e+03
2.692420176815429613e+02 5.143175607226947250e+03
2.694058092192796039e+02 5.124104171424285596e+03
2.694107311603892185e+02 5.123534711241189143e+03
2.694156554285781340e+02 5.122965192817484422e+03
2.694255109529549372e+02 5.121825981212500665e+03
2.694353758060490236e+02 5.120686536537831671e+03
2.694452500014948555e+02 5.119546858721945682e+03
2.694579161569145072e+02 5.118086171107819609e+03
2.694705977028305597e+02 5.116625100430052953e+03
2.694832946681352723e+02 5.115163646537939712e+03
2.694960070817989504e+02 5.113701809280693851e+03
2.695214226408673994e+02 5.110783377244053554e+03
2.695469000711603940e+02 5.107863416640710057e+03
2.695812701260977065e+02 5.103933093874856240e+03
2.696157531324710703e+02 5.100000000000000000e+03
2.696177257888955978e+02 5.099775307355141194e+03
2.696366392035140507e+02 5.097622666933323671e+03
2.696593258954137013e+02 5.095044541692768689e+03
2.696820608083578463e+02 5.092465273752032772e+03
2.697276759315849972e+02 5.087303306729801989e+03
2.697733428312756701e+02 5.082152863521321706e+03
2.698192046044523522e+02 5.076997862837097273e+03
2.698651205744068307e+02 5.071854175867099912e+03
2.699112328021151370e+02 5.066705947393367751e+03
2.699162398143575956e+02 5.066147985041328866e+03
2.699212491466099664e+02 5.065589969318183648e+03
2.699312747778044468e+02 5.064473777727936067e+03
2.699413097091281770e+02 5.063357372561343254e+03
2.699513539540081979e+02 5.062240753757101629e+03
2.699714704380359080e+02 5.060006874990323922e+03
2.699916243381117056e+02 5.057772140936690448e+03
2.700320448185661348e+02 5.053300105003316276e+03
2.700726162702513307e+02 5.048824642022135777e+03
2.701545194581815394e+02 5.039830148983069193e+03
2.702370417859153804e+02 5.030821798014501837e+03
2.703791849008271129e+02 5.015431166328467953e+03
2.704509509902202353e+02 5.007720659996419272e+03
2.705231863880739525e+02 5.000000000000000000e+03
2.706707624488240072e+02 4.984350466656896970e+03
2.708202915187738995e+02 4.968660727985812628e+03
2.711253731757566356e+02 4.937160013312628507e+03
2.713081632251609676e+02 4.918608118927849318e+03
2.714938881541780802e+02 4.900000000000000000e+03
2.718783679074764450e+02 4.862230287249800313e+03
2.722756309421255878e+02 4.824236259859541860e+03
2.723077220713485076e+02 4.821211725570394265e+03
2.723398984060963812e+02 4.818185765245956645e+03
2.724045081472946777e+02 4.812129562455151245e+03
2.725347662501953323e+02 4.800000000000000000e+03
2.725711801363391942e+02 4.796628177874657922e+03
2.726077016367421493e+02 4.793254645241781873e+03
2.727717149535737917e+02 4.778205745655412102e+03
2.728545408225002120e+02 4.770668521131959096e+03
2.729379207006596744e+02 4.763122760832113272e+03
2.731301340198956495e+02 4.745886131456858493e+03
2.733253325986487425e+02 4.728604880064525787e+03
2.736256498262373498e+02 4.702447642573829398e+03
2.736398456497421989e+02 4.701223933096043766e+03
2.736540572912350058e+02 4.700000000000000000e+03
2.739941210916794034e+02 4.671047855811226327e+03
2.743433175453154718e+02 4.641974078156351425e+03
2.745810155811565210e+02 4.622554150333280631e+03
2.748616961560733216e+02 4.600000000000000000e+03
2.750889055349595083e+02 4.582035357707135518e+03
2.751213935558363346e+02 4.579487693472211504e+03
2.751539600234622185e+02 4.576939121644680199e+03
2.752193295731465241e+02 4.571839253271146845e+03
2.753510241743093161e+02 4.561628604046322835e+03
2.756183094606919894e+02 4.541163546563089767e+03
2.756407747867841636e+02 4.539459058171074503e+03
2.756632771502824539e+02 4.537754164709254837e+03
2.759142389446036532e+02 4.518901882588699664e+03
2.761698729232359142e+02 4.500000000000000000e+03
2.762069820000356231e+02 4.497281034716017530e+03
2.762441903420683502e+02 4.494561065026764481e+03
2.765454989295184305e+02 4.472764117764656476e+03
2.768534322634390037e+02 4.450902561122331463e+03
2.774902068852982211e+02 4.406984467210255389e+03
2.775938005455561779e+02 4.400000000000000000e+03
2.778069185927842000e+02 4.385768783619147143e+03
2.780232359872666166e+02 4.371510725873732554e+03
2.785771423355305956e+02 4.335839642122849909e+03
2.791529144600060590e+02 4.300000000000000000e+03
2.799471510038167708e+02 4.252544907707078892e+03
2.803219576660920893e+02 4.230918457524750920e+03
2.805948165529709399e+02 4.215474635658658372e+03
2.808727245280833813e+02 4.200000000000000000e+03
2.814455565012116267e+02 4.168895314184890594e+03
2.820408674498913228e+02 4.137666949604132242e+03
2.820674382762547907e+02 4.136298565928655080e+03
2.824234421505394721e+02 4.118170185945573394e+03
2.827879416240575665e+02 4.100000000000000000e+03
2.835448462369671461e+02 4.063495247384585582e+03
2.843409736849770297e+02 4.026822041401353090e+03
2.844905042994348605e+02 4.020124987488006354e+03
2.846415018186189627e+02 4.013422300691796409e+03
2.849480143410709161e+02 4.000000000000000000e+03
2.850603071984449457e+02 3.995143612901741562e+03
2.851734254516676401e+02 3.990284269093446710e+03
2.856024512988575452e+02 3.972149362520172872e+03
2.860437942982268851e+02 3.953973216789043363e+03
2.861002420500941525e+02 3.951683009119788494e+03
2.861568981519085355e+02 3.949392145892666576e+03
2.862708417806847478e+02 3.944808451638598854e+03
2.865520490727731158e+02 3.933629798901071808e+03
2.868385155703912233e+02 3.922435527900394845e+03
2.871304507406408106e+02 3.911225605882083528e+03
2.874280784214416826e+02 3.900000000000000000e+03
2.880408489520962121e+02 3.877521237213616132e+03
2.886794841784068240e+02 3.854979169015443404e+03
2.900446902404764842e+02 3.809704043666336020e+03
2.901982076336857972e+02 3.804853485772945078e+03
2.903533440242547385e+02 3.800000000000000000e+03
2.908618431706144065e+02 3.784427856473555948e+03
2.913888199260537135e+02 3.768825250797792251e+03
2.925049170297953651e+02 3.737528294758099491e+03
2.939663480456607090e+02 3.700000000000000000e+03
2.953333103375676956e+02 3.668280721280808848e+03
2.962307577692955647e+02 3.649163394452884859e+03
2.971992650925848238e+02 3.630000000000000000e+03
2.980105200568864348e+02 3.614999772910571210e+03
2.984342431697690472e+02 3.607499829684217730e+03
2.988713858344788719e+02 3.600000000000000000e+03
3.003243636392946883e+02 3.576775986262010065e+03
3.011188265341996839e+02 3.565164474887929828e+03
3.019704758842561887e+02 3.553553293824999400e+03
3.042364700024538706e+02 3.526775768576072096e+03
3.072707237810424772e+02 3.500000000000000000e+03
3.085010937180970814e+02 3.492023793463924903e+03
3.112774342499341174e+02 3.480000000000000000e+03
3.140537747817711534e+02 3.492023793463924903e+03
3.152841447188257575e+02 3.500000000000000000e+03
3.183183984974143641e+02 3.526775768576072096e+03
3.205843926156120460e+02 3.553553293824999400e+03
3.214360419656685508e+02 3.565164474887929828e+03
3.222305048605735465e+02 3.576775986262010065e+03
3.236834826653893629e+02 3.600000000000000000e+03
3.241206253300991875e+02 3.607499829684217730e+03
3.245443484429818000e+02 3.614999772910571210e+03
3.253556034072834109e+02 3.630000000000000000e+03
3.263241107305726132e+02 3.649163394452884859e+03
3.272215581623005960e+02 3.668280721280808848e+03
3.285885204542075257e+02 3.700000000000000000e+03
3.300499514700728128e+02 3.737528294758099491e+03
3.311660485738145212e+02 3.768825250797792251e+03
3.316930253292538282e+02 3.784427856473555948e+03
3.322015244756134962e+02 3.800000000000000000e+03
3.323566608661824375e+02 3.804853485772945078e+03
3.325101782593917505e+02 3.809704043666336020e+03
3.338753843214614108e+02 3.854979169015443404e+03
3.345140195477720226e+02 3.877521237213616132e+03
3.351267900784265521e+02 3.900000000000000000e+03
3.354244177592274809e+02 3.911225605882083528e+03
3.357163529294769546e+02 3.922435527900394845e+03
3.360028194270951190e+02 3.933629798901071808e+03
3.362840267191834869e+02 3.944808451638598854e+03
3.363979703479596992e+02 3.949392145892666576e+03
3.364546264497740253e+02 3.951683009119788494e+03
3.365110742016412928e+02 3.953973216789043363e+03
3.369524172010105758e+02 3.972149362520172872e+03
3.373814430482004809e+02 3.990284269093446710e+03
3.374945613014231753e+02 3.995143612901741562e+03
3.376068541587972049e+02 4.000000000000000000e+03
3.379133666812491583e+02 4.013422300691796409e+03
3.380643642004332605e+02 4.020124987488006354e+03
3.382138948148910345e+02 4.026822041401353090e+03
3.390100222629009181e+02 4.063495247384585582e+03
3.397669268758104977e+02 4.100000000000000000e+03
3.401314263493286489e+02 4.118170185945573394e+03
3.404874302236132735e+02 4.136298565928655080e+03
3.405140010499767413e+02 4.137666949604132242e+03
3.411093119986564375e+02 4.168895314184890594e+03
3.416821439717846829e+02 4.200000000000000000e+03
3.419600519468970674e+02 4.215474635658658372e+03
3.422329108337759180e+02 4.230918457524750920e+03
3.426077174960512366e+02 4.252544907707078892e+03
3.434019540398618915e+02 4.300000000000000000e+03
3.439777261643374118e+02 4.335839642122849909e+03
3.445316325126013339e+02 4.371510725873732554e+03
3.447479499070837505e+02 4.385768783619147143e+03
3.449610679543118295e+02 4.400000000000000000e+03
3.450646616145697863e+02 4.406984467210255389e+03
3.457014362364290037e+02 4.450902561122331463e+03
3.460093695703495769e+02 4.472764117764656476e+03
3.463106781577996571e+02 4.494561065026764481e+03
3.463478864998323843e+02 4.497281034716017530e+03
3.463849955766320932e+02 4.500000000000000000e+03
3.466406295552642973e+02 4.518901882588699664e+03
3.468915913495855534e+02 4.537754164709254837e+03
3.469140937130838438e+02 4.539459058171074503e+03
3.469365590391760747e+02 4.541163546563089767e+03
3.472038443255586913e+02 4.561628604046322835e+03
3.473355389267215401e+02 4.571839253271146845e+03
3.474009084764057889e+02 4.576939121644680199e+03
3.474334749440316727e+02 4.579487693472211504e+03
3.474659629649085559e+02 4.582035357707135518e+03
3.476931723437947426e+02 4.600000000000000000e+03
3.479738529187115432e+02 4.622554150333280631e+03
3.482115509545525356e+02 4.641974078156351425e+03
3.485607474081885471e+02 4.671047855811226327e+03
3.489008112086330016e+02 4.700000000000000000e+03
3.489150228501258084e+02 4.701223933096043766e+03
3.489292186736306576e+02 4.702447642573829398e+03
3.492295359012193217e+02 4.728604880064525787e+03
3.494247344799723578e+02 4.745886131456858493e+03
3.496169477992083898e+02 4.763122760832113272e+03
3.497003276773677953e+02 4.770668521131959096e+03
3.497831535462942156e+02 4.778205745655412102e+03
3.499471668631258581e+02 4.793254645241781873e+03
3.499836883635288700e+02 4.796628177874657922e+03
3.500201022496726750e+02 4.800000000000000000e+03
3.501503603525733297e+02 4.812129562455151245e+03
3.502149700937716261e+02 4.818185765245956645e+03
3.502471464285194429e+02 4.821211725570394265e+03
3.502792375577424195e+02 4.824236259859541860e+03
3.506765005923915055e+02 4.862230287249800313e+03
3.510609803456898703e+02 4.900000000000000000e+03
3.512467052747070397e+02 4.918608118927849318e+03
3.514294953241113149e+02 4.937160013312628507e+03
3.517345769810940510e+02 4.968660727985812628e+03
3.518841060510438865e+02 4.984350466656896970e+03
3.520316821117939980e+02 5.000000000000000000e+03
3.521039175096477152e+02 5.007720659996419272e+03
3.521756835990408376e+02 5.015431166328467953e+03
3.523178267139525701e+02 5.030821798014501837e+03
3.524003490416863542e+02 5.039830148983069193e+03
3.524822522296165630e+02 5.048824642022135777e+03
3.525228236813018157e+02 5.053300105003316276e+03
3.525632441617562449e+02 5.057772140936690448e+03
3.525833980618319856e+02 5.060006874990323922e+03
3.526035145458597526e+02 5.062240753757101629e+03
3.526135587907397166e+02 5.063357372561343254e+03
3.526235937220635037e+02 5.064473777727936067e+03
3.526336193532579273e+02 5.065589969318183648e+03
3.526386286855103549e+02 5.066147985041328866e+03
3.526436356977528135e+02 5.066705947393367751e+03
3.526897479254611198e+02 5.071854175867099912e+03
3.527356638954156551e+02 5.076997862837097273e+03
3.527815256685922805e+02 5.082152863521321706e+03
3.528271925682829533e+02 5.087303306729801989e+03
3.528728076915101042e+02 5.092465273752032772e+03
3.528955426044541923e+02 5.095044541692768689e+03
3.529182292963538998e+02 5.097622666933323671e+03
3.529371427109723527e+02 5.099775307355141194e+03
3.529391153673968233e+02 5.100000000000000000e+03
3.529735983737701872e+02 5.103933093874856240e+03
3.530079684287075565e+02 5.107863416640710057e+03
3.530334458590004942e+02 5.110783377244053554e+03
3.530588614180690001e+02 5.113701809280693851e+03
3.530715738317326213e+02 5.115163646537939712e+03
3.530842707970373340e+02 5.116625100430052953e+03
3.530969523429533865e+02 5.118086171107819609e+03
3.531096184983730950e+02 5.119546858721945682e+03
3.531194926938189269e+02 5.120686536537831671e+03
3.531293575469129564e+02 5.121825981212500665e+03
3.531392130712898734e+02 5.122965192817484422e+03
3.531441373394786751e+02 5.123534711241189143e+03
3.531490592805883466e+02 5.124104171424285596e+03
3.533128508183249892e+02 5.143175607226947250e+03
3.534740877171877287e+02 5.162181835061464881e+03
3.536328307619129987e+02 5.181123188790137647e+03
3.537891386918491889e+02 5.200000000000000000e+03
3.540904305695890457e+02 5.237037856906376874e+03
3.543417812672479954e+02 5.268613070347176290e+03
3.545867709815946114e+02 5.300000000000000000e+03
3.548220165145085048e+02 5.330725577178969615e+03
3.548348157003970869e+02 5.332414195103907332e+03
3.550763911927776917e+02 5.364619688891984879e+03
3.552073032384129192e+02 5.382341283162184482e+03
3.553363542968341449e+02 5.400000000000000000e+03
3.553951491322403058e+02 5.408108483110237103e+03
3.554535539067277909e+02 5.416203119612529008e+03
3.555692085577794046e+02 5.432350994423984048e+03
3.556264660717504285e+02 5.440404303246951713e+03
3.556833486328893628e+02 5.448443906490607333e+03
3.557960033642172561e+02 5.464482135951820965e+03
3.558580835463340577e+02 5.473386772410306548e+03
3.559197171612878492e+02 5.482274596889916211e+03
3.560416635574353563e+02 5.500000000000000000e+03
3.560969228658325392e+02 5.508094375114532340e+03
3.561518151576381115e+02 5.516174135411034513e+03
3.562605129526696714e+02 5.532289969591510271e+03
3.563143255892484831e+02 5.540326122140537336e+03
3.563677853129927371e+02 5.548347817202922670e+03
3.564736595324700943e+02 5.564347990646462677e+03
3.565906750386618000e+02 5.582209796666496004e+03
3.566485485321344413e+02 5.591113821732636097e+03
3.566773286739685318e+02 5.595559138360928046e+03
3.567060051464861772e+02 5.600000000000000000e+03
3.568002912138045986e+02 5.614737222997924619e+03
3.568918252093875481e+02 5.629272204888298802e+03
3.570199050107905236e+02 5.650000000000000000e+03
3.570509048716637039e+02 5.655086888358275246e+03
3.570662852119070862e+02 5.657621033707950119e+03
3.570739457350758244e+02 5.658885791585033076e+03
3.570777686159681252e+02 5.659517593057181330e+03
3.570815865881234572e+02 5.660149010020322748e+03
3.570819961781374445e+02 5.660216773446381922e+03
3.570885784607092432e+02 5.661306434670083945e+03
3.570918641352858458e+02 5.661850836085401170e+03
3.570935056083630457e+02 5.662122929592526816e+03
3.570951461729000584e+02 5.662394951670154114e+03
3.571177932832410988e+02 5.666158182732464411e+03
3.572125364264114751e+02 5.682067792569701851e+03
3.572684061940980200e+02 5.691577756961269188e+03
3.572959378340099192e+02 5.696299767616116696e+03
3.573232054124524097e+02 5.701000000000000000e+03
3.574026191895481475e+02 5.716005170388375518e+03
3.574810233615901325e+02 5.730947898682818050e+03
3.574897170261436372e+02 5.732612718651146679e+03
3.574983983533824698e+02 5.734276765325053020e+03
3.575073797304131631e+02 5.736000000000000000e+03
3.575974308553020364e+02 5.753372645957148961e+03
3.576348754538028629e+02 5.760647581597568205e+03
3.576687098995372480e+02 5.767247208179240261e+03
3.576878926966343215e+02 5.771000000000000000e+03
3.577272787031510575e+02 5.778745214811430742e+03
3.577311763730018015e+02 5.779515157886744419e+03
3.577532002093190613e+02 5.783877590861345197e+03
3.577963177680803710e+02 5.792477131407868910e+03
3.578248422006313945e+02 5.798209559798375267e+03
3.578943423151256411e+02 5.812324404815953130e+03
3.579365471367129885e+02 5.821000000000000000e+03
3.579947221712973828e+02 5.833090747999037376e+03
3.580022348207756977e+02 5.834663479482633193e+03
3.580059816169975306e+02 5.835448831251936099e+03
3.580078526394205483e+02 5.835841254024722730e+03
3.580097220804881317e+02 5.836233508201259610e+03
3.580175270849519507e+02 5.837872951980803009e+03
3.580214192594826841e+02 5.838691570176271853e+03
3.580233627721049743e+02 5.839100603783760562e+03
3.580243338856629975e+02 5.839305051769019883e+03
3.580253045710626907e+02 5.839509453895870138e+03
3.580454239900024049e+02 5.843756106197040936e+03
3.580514119988877724e+02 5.845023708057446129e+03
3.581066677690274673e+02 5.856801948922146948e+03
3.581723648892587448e+02 5.871000000000000000e+03
3.582192117673124017e+02 5.881256383119759448e+03
3.582650268041851405e+02 5.891395956763047252e+03
3.583315815986794064e+02 5.906322774931001732e+03
3.583960029155358598e+02 5.921000000000000000e+03
3.584222898479623609e+02 5.927055336232162517e+03
3.584482276606793221e+02 5.933068701681323546e+03
3.584990808422608666e+02 5.944971253664713913e+03
3.585486115605837654e+02 5.956711063565764562e+03
3.585785777267387289e+02 5.963885586377381514e+03
3.586080673673802153e+02 5.971000000000000000e+03
3.586598763439162667e+02 5.984097967492593853e+03
3.587111272638605897e+02 5.997145694263439509e+03
3.587479863843095700e+02 6.006585953588864868e+03
3.587845590039015065e+02 6.016000000000000000e+03
3.588119842302722304e+02 6.023090516904660944e+03
3.588703677643322862e+02 6.038274581129143371e+03
3.589106966733778563e+02 6.048834999067952594e+03
3.589568744833911182e+02 6.061000000000000000e+03
3.589989642803161587e+02 6.072156670230864620e+03
3.590406685684360468e+02 6.083276379584152892e+03
3.590619344848146852e+02 6.088971767949280547e+03
3.590831007128705323e+02 6.094657484409988683e+03
3.591251366848896964e+02 6.106000000000000000e+03
3.591457376353965856e+02 6.111583532987353465e+03
3.591662439815378320e+02 6.117157741448922025e+03
3.592069752588184883e+02 6.128278278070941269e+03
3.592277426079908764e+02 6.133973282880642728e+03
3.592484127467110397e+02 6.139658554866933628e+03
3.592689863083093087e+02 6.145334118958759063e+03
3.592792370702489961e+02 6.148168268311272186e+03
3.592894639229695599e+02 6.151000000000000000e+03
3.593489199079241985e+02 6.168475816192898492e+03
3.594082735653403802e+02 6.186000000000000000e+03
3.594671987296526368e+02 6.203475292094711222e+03
3.595260300813322942e+02 6.221000000000000000e+03
3.595761180172896729e+02 6.235981114146495202e+03
3.596094523294955252e+02 6.245982315499501055e+03
3.596427587342730590e+02 6.256000000000000000e+03
3.596717193169901066e+02 6.264730751490902549e+03
3.597006603202887618e+02 6.273474316488087425e+03
3.597295818036634500e+02 6.282230723220483014e+03
3.597584838264796190e+02 6.291000000000000000e+03
3.597913390309564647e+02 6.300991482874092981e+03
3.598241707558218536e+02 6.311000000000000000e+03
3.598508852286425963e+02 6.319161558655203407e+03
3.598642369194517983e+02 6.323246641096669919e+03
3.598775849207664237e+02 6.327334596315524323e+03
3.598895420999512567e+02 6.331000000000000000e+03
3.599022401836717791e+02 6.334896038686511019e+03
3.599149350855165608e+02 6.338794716459812662e+03
3.599276268100908851e+02 6.342696036002298570e+03
3.599339714822978635e+02 6.344647687276229590e+03
3.599403153619125533e+02 6.346600000000000364e+03
3.599533586742244893e+02 6.351300000000000182e+03
3.599598727521600381e+02 6.353650000000000546e+03
3.599631278991826662e+02 6.354825000000000728e+03
3.599663817859011488e+02 6.356000000000000000e+03
3.599831430438786128e+02 6.363500000000000000e+03
3.599915084106809786e+02 6.367250000000000000e+03
3.599956872867249444e+02 6.369125000000000000e+03
3.599977757739289359e+02 6.370062500000000000e+03
3.599998636276428670e+02 6.371000000000000000e+03
