-4.499999695892127249e+01 5.771000000000000000e+03
-4.497216471557275241e+01 5.778745214811430742e+03
-4.496940933248583860e+01 5.779515157886744419e+03
-4.495383634308539911e+01 5.783877590861345197e+03
-4.492333007416282697e+01 5.792477131407868910e+03
-4.490313561317002211e+01 5.798209559798375267e+03
-4.485388826870138246e+01 5.812324404815953130e+03
-4.482395239242605811e+01 5.821000000000000000e+03
-4.478265208686699594e+01 5.833090747999037376e+03
-4.477731552595339082e+01 5.834663479482633193e+03
-4.477465374997741065e+01 5.835448831251936099e+03
-4.477332448394800934e+01 5.835841254024722730e+03
-4.477199629764979250e+01 5.836233508201259610e+03
-4.476645058510018771e+01 5.837872951980803009e+03
-4.476368478244094007e+01 5.838691570176271853e+03
-4.476230363980631211e+01 5.839100603783760562e+03
-4.476161350757573842e+01 5.839305051769019883e+03
-4.476092366784727261e+01 5.839509453895870138e+03
-4.474662269410258375e+01 5.843756106197040936e+03
-4.474236541561097624e+01 5.845023708057446129e+03
-4.470305929486804075e+01 5.856801948922146948e+03
-4.465627647106278175e+01 5.871000000000000000e+03
-4.462288437598556357e+01 5.881256383119759448e+03
-4.459020171493073548e+01 5.891395956763047252e+03
-4.454267842051416437e+01 5.906322774931001732e+03
-4.449662727355439529e+01 5.921000000000000000e+03
-4.447782183243914744e+01 5.927055336232162517e+03
-4.445925798934759854e+01 5.933068701681323546e+03
-4.442283861155833335e+01 5.944971253664713913e+03
-4.438733660082208843e+01 5.956711063565764562e+03
-4.436584364128928115e+01 5.963885586377381514e+03
-4.434468205596662926e+01 5.971000000000000000e+03
-4.430738141743442782e+01 5.984097967492593853e+03
-4.427047019415702067e+01 5.997145694263439509e+03
-4.424391645196246969e+01 6.006585953588864868e+03
-4.421756285605996339e+01 6.016000000000000000e+03
-4.419779663576042594e+01 6.023090516904660944e+03
-4.415570618060361596e+01 6.038274581129143371e+03
-4.412662265089247171e+01 6.048834999067952594e+03
-4.409331193311125219e+01 6.061000000000000000e+03
-4.406294159885263184e+01 6.072156670230864620e+03
-4.403284142543539303e+01 6.083276379584152892e+03
-4.401748963655585811e+01 6.088971767949280547e+03
-4.400220776281061319e+01 6.094657484409988683e+03
-4.397185202233958279e+01 6.106000000000000000e+03
-4.395697237559742376e+01 6.111583532987353465e+03
-4.394215914675773149e+01 6.117157741448922025e+03
-4.391273032469305093e+01 6.128278278070941269e+03
-4.389772278557117602e+01 6.133973282880642728e+03
-4.388278356233080046e+01 6.139658554866933628e+03
-4.386791222694391479e+01 6.145334118958759063e+03
-4.386050188362450086e+01 6.148168268311272186e+03
-4.385310835332328594e+01 6.151000000000000000e+03
-4.380997681508006281e+01 6.168475816192898492e+03
-4.376691554502016857e+01 6.186000000000000000e+03
-4.372416128801918944e+01 6.203475292094711222e+03
-4.368147131901468327e+01 6.221000000000000000e+03
-4.364512292488835499e+01 6.235981114146495202e+03
-4.362093102086124929e+01 6.245982315499501055e+03
-4.359675819638456318e+01 6.256000000000000000e+03
-4.357573850187145581e+01 6.264730751490902549e+03
-4.355473215525694286e+01 6.273474316488087425e+03
-4.353373911642511018e+01 6.282230723220483014e+03
-4.351275934533873624e+01 6.291000000000000000e+03
-4.348890895910736276e+01 6.300991482874092981e+03
-4.346507453580038316e+01 6.311000000000000000e+03
-4.344568018341102089e+01 6.319161558655203407e+03
-4.343598676941462600e+01 6.323246641096669919e+03
-4.342629585842298923e+01 6.327334596315524323e+03
-4.341761456262139518e+01 6.331000000000000000e+03
-4.340839519335037267e+01 6.334896038686511019e+03
-4.339917797783648723e+01 6.338794716459812662e+03
-4.338996291295854490e+01 6.342696036002298570e+03
-4.338535618606209709e+01 6.344647687276229590e+03
-4.338074999565517942e+01 6.346600000000000364e+03
-4.337120941537564534e+01 6.351300000000000182e+03
-4.336644455210904425e+01 6.353650000000000546e+03
-4.336406347537817396e+01 6.354825000000000728e+03
-4.336168330122489323e+01 6.356000000000000000e+03
-4.334933628399616623e+01 6.363500000000000000e+03
-4.334317386488815060e+01 6.367250000000000000e+03
-4.334009542186969099e+01 6.369125000000000000e+03
-4.333855689126587407e+01 6.370062500000000000e+03
-4.333701882098849012e+01 6.371000000000000000e+03
-4.333548075071110617e+01 6.370062500000000000e+03
-4.333394222010728924e+01 6.369125000000000000e+03
-4.333086377708882964e+01 6.367250000000000000e+03
-4.332470135798081401e+01 6.363500000000000000e+03
-4.331235434075207991e+01 6.356000000000000000e+03
-4.330997416659879917e+01 6.354825000000000728e+03
-4.330759308986792888e+01 6.353650000000000546e+03
-4.330282822660132780e+01 6.351300000000000182e+03
-4.329328764632179372e+01 6.346600000000000364e+03
-4.328868145591488314e+01 6.344647687276229590e+03
-4.328407472901842823e+01 6.342696036002298570e+03
-4.327485966414048590e+01 6.338794716459812662e+03
-4.326564244862660757e+01 6.334896038686511019e+03
-4.325642307935558506e+01 6.331000000000000000e+03
-4.324774178355398391e+01 6.327334596315524323e+03
-4.323805087256234714e+01 6.323246641096669919e+03
-4.322835745856595935e+01 6.319161558655203407e+03
-4.320896310617658997e+01 6.311000000000000000e+03
-4.318512868286961037e+01 6.300991482874092981e+03
-4.316127829663823690e+01 6.291000000000000000e+03
-4.314029852555187006e+01 6.282230723220483014e+03
-4.311930548672003027e+01 6.273474316488087425e+03
-4.309829914010551732e+01 6.264730751490902549e+03
-4.307727944559240996e+01 6.256000000000000000e+03
-4.305310662111572384e+01 6.245982315499501055e+03
-4.302891471708861815e+01 6.235981114146495202e+03
-4.299256632296228986e+01 6.221000000000000000e+03
-4.294987635395778369e+01 6.203475292094711222e+03
-4.290712209695680457e+01 6.186000000000000000e+03
-4.286406082689691743e+01 6.168475816192898492e+03
-4.282092928865369430e+01 6.151000000000000000e+03
-4.281353575835247227e+01 6.148168268311272186e+03
-4.280612541503305835e+01 6.145334118958759063e+03
-4.279125407964617978e+01 6.139658554866933628e+03
-4.277631485640580422e+01 6.133973282880642728e+03
-4.276130731728392220e+01 6.128278278070941269e+03
-4.273187849521924164e+01 6.117157741448922025e+03
-4.271706526637954937e+01 6.111583532987353465e+03
-4.270218561963739035e+01 6.106000000000000000e+03
-4.267182987916635994e+01 6.094657484409988683e+03
-4.265654800542112213e+01 6.088971767949280547e+03
-4.264119621654158010e+01 6.083276379584152892e+03
-4.261109604312434840e+01 6.072156670230864620e+03
-4.258072570886572095e+01 6.061000000000000000e+03
-4.254741499108450142e+01 6.048834999067952594e+03
-4.251833146137335717e+01 6.038274581129143371e+03
-4.247624100621655430e+01 6.023090516904660944e+03
-4.245647478591700974e+01 6.016000000000000000e+03
-4.243012119001451055e+01 6.006585953588864868e+03
-4.240356744781995246e+01 5.997145694263439509e+03
-4.236665622454254532e+01 5.984097967492593853e+03
-4.232935558601034387e+01 5.971000000000000000e+03
-4.230819400068769198e+01 5.963885586377381514e+03
-4.228670104115488471e+01 5.956711063565764562e+03
-4.225119903041864688e+01 5.944971253664713913e+03
-4.221477965262937460e+01 5.933068701681323546e+03
-4.219621580953782569e+01 5.927055336232162517e+03
-4.217741036842257785e+01 5.921000000000000000e+03
-4.213135922146280876e+01 5.906322774931001732e+03
-4.208383592704623766e+01 5.891395956763047252e+03
-4.205115326599140957e+01 5.881256383119759448e+03
-4.201776117091419849e+01 5.871000000000000000e+03
-4.197097834710893949e+01 5.856801948922146948e+03
-4.193167222636599689e+01 5.845023708057446129e+03
-4.192741494787438938e+01 5.843756106197040936e+03
-4.191311397412970052e+01 5.839509453895870138e+03
-4.191242413440123471e+01 5.839305051769019883e+03
-4.191173400217066103e+01 5.839100603783760562e+03
-4.191035285953604017e+01 5.838691570176271853e+03
-4.190758705687678543e+01 5.837872951980803009e+03
-4.190204134432718774e+01 5.836233508201259610e+03
-4.190071315802897089e+01 5.835841254024722730e+03
-4.189938389199956958e+01 5.835448831251936099e+03
-4.189672211602358232e+01 5.834663479482633193e+03
-4.189138555510997719e+01 5.833090747999037376e+03
-4.185008524955091502e+01 5.821000000000000000e+03
-4.182014937327559068e+01 5.812324404815953130e+03
-4.177090202880695102e+01 5.798209559798375267e+03
-4.175070756781415326e+01 5.792477131407868910e+03
-4.172020129889157403e+01 5.783877590861345197e+03
-4.170462830949113453e+01 5.779515157886744419e+03
-4.170187292640422072e+01 5.778745214811430742e+03
-4.167404068305570064e+01 5.771000000000000000e+03
-4.166049101922917686e+01 5.767247208179240261e+03
-4.163659740693701394e+01 5.760647581597568205e+03
-4.161016203048213669e+01 5.753372645957148961e+03
-4.154662036717753892e+01 5.736000000000000000e+03
-4.154028552969322874e+01 5.734276765325053020e+03
-4.153416277208282992e+01 5.732612718651146679e+03
-4.152803175246996403e+01 5.730947898682818050e+03
-4.147275878765255896e+01 5.716005170388375518e+03
-4.141681070596112590e+01 5.701000000000000000e+03
-4.139780478472701475e+01 5.696299767616116696e+03
-4.137862516414111269e+01 5.691577756961269188e+03
-4.133973616381294391e+01 5.682067792569701851e+03
-4.127388746561133104e+01 5.666158182732464411e+03
-4.125816570348440138e+01 5.662394951670154114e+03
-4.125702709172560390e+01 5.662122929592526816e+03
-4.125588788703144871e+01 5.661850836085401170e+03
-4.125360769716155573e+01 5.661306434670083945e+03
-4.124904018369838354e+01 5.660216773446381922e+03
-4.124875598500020146e+01 5.660149010020322748e+03
-4.124610695436285113e+01 5.659517593057181330e+03
-4.124345472216116804e+01 5.658885791585033076e+03
-4.123814063205438885e+01 5.657621033707950119e+03
-4.122747380074080326e+01 5.655086888358275246e+03
-4.120598433797811566e+01 5.650000000000000000e+03
-4.111734140443569885e+01 5.629272204888298802e+03
-4.105413432881799451e+01 5.614737222997924619e+03
-4.098915238240329728e+01 5.600000000000000000e+03
-4.096941073106150100e+01 5.595559138360928046e+03
-4.094960309527078124e+01 5.591113821732636097e+03
-4.090978862138950944e+01 5.582209796666496004e+03
-4.082935398809695471e+01 5.564347990646462677e+03
-4.075665536199019101e+01 5.548347817202922670e+03
-4.071997536788764194e+01 5.540326122140537336e+03
-4.068307239317633872e+01 5.532289969591510271e+03
-4.060858979194817664e+01 5.516174135411034513e+03
-4.057100618296291827e+01 5.508094375114532340e+03
-4.053319172280613714e+01 5.500000000000000000e+03
-4.044981463068474170e+01 5.482274596889916211e+03
-4.040771218595446612e+01 5.473386772410306548e+03
-4.036533034223766947e+01 5.464482135951820965e+03
-4.028848751125556760e+01 5.448443906490607333e+03
-4.024971987188040856e+01 5.440404303246951713e+03
-4.021071878212944029e+01 5.432350994423984048e+03
-4.013200821225776593e+01 5.416203119612529008e+03
-4.009229458240005783e+01 5.408108483110237103e+03
-4.005233929735551612e+01 5.400000000000000000e+03
-3.996472223640680710e+01 5.382341283162184482e+03
-3.987595732956578587e+01 5.364619688891984879e+03
-3.971246537554732470e+01 5.332414195103907332e+03
-3.970381445858094338e+01 5.330725577178969615e+03
-3.954501582045098473e+01 5.300000000000000000e+03
-3.938004893407880758e+01 5.268613070347176290e+03
-3.921123497035894445e+01 5.237037856906376874e+03
-3.900946899342639540e+01 5.200000000000000000e+03
-3.890504958263588264e+01 5.181123188790137647e+03
-3.879918200509950310e+01 5.162181835061464881e+03
-3.869183690541302667e+01 5.143175607226947250e+03
-3.858298411769666814e+01 5.124104171424285596e+03
-3.857971611668285306e+01 5.123534711241189143e+03
-3.857644674786565275e+01 5.122965192817484422e+03
-3.856990390350385667e+01 5.121825981212500665e+03
-3.856335557791860680e+01 5.120686536537831671e+03
-3.855680176442331231e+01 5.119546858721945682e+03
-3.854839588523630312e+01 5.118086171107819609e+03
-3.853998097031206527e+01 5.116625100430052953e+03
-3.853155700550302498e+01 5.115163646537939712e+03
-3.852312397663158805e+01 5.113701809280693851e+03
-3.850626762607021192e+01 5.110783377244053554e+03
-3.848937500765508446e+01 5.107863416640710057e+03
-3.846659377404419899e+01 5.103933093874856240e+03
-3.844374642797791353e+01 5.100000000000000000e+03
-3.844243967370757531e+01 5.099775307355141194e+03
-3.842991222964179343e+01 5.097622666933323671e+03
-3.841488897151344872e+01 5.095044541692768689e+03
-3.839983755434769819e+01 5.092465273752032772e+03
-3.836964993571587712e+01 5.087303306729801989e+03
-3.833944333363049140e+01 5.082152863521321706e+03
-3.830912325370010052e+01 5.076997862837097273e+03
-3.827878285983439355e+01 5.071854175867099912e+03
-3.824832844254234487e+01 5.066705947393367751e+03
-3.824502255118007810e+01 5.066147985041328866e+03
-3.824171531363795395e+01 5.065589969318183648e+03
-3.823509679682397433e+01 5.064473777727936067e+03
-3.822847288566580914e+01 5.063357372561343254e+03
-3.822184357373440378e+01 5.062240753757101629e+03
-3.820856872191159681e+01 5.060006874990323922e+03
-3.819527218958648263e+01 5.057772140936690448e+03
-3.816861387705717590e+01 5.053300105003316276e+03
-3.814186821862186605e+01 5.048824642022135777e+03
-3.808791311331744112e+01 5.039830148983069193e+03
-3.803360091058024750e+01 5.030821798014501837e+03
-3.794016925741755131e+01 5.015431166328467953e+03
-3.789305491230716427e+01 5.007720659996419272e+03
-3.784567194333302353e+01 5.000000000000000000e+03
-3.774899181867147746e+01 4.984350466656896970e+03
-3.765120066634259643e+01 4.968660727985812628e+03
-3.745220972463401665e+01 4.937160013312628507e+03
-3.733332885879344332e+01 4.918608118927849318e+03
-3.721280662223077229e+01 4.900000000000000000e+03
-3.696416703439341944e+01 4.862230287249800313e+03
-3.670849390820953317e+01 4.824236259859541860e+03
-3.668789592311749459e+01 4.821211725570394265e+03
-3.666725162275832872e+01 4.818185765245956645e+03
-3.662582345936370132e+01 4.812129562455151245e+03
-3.654240451549036095e+01 4.800000000000000000e+03
-3.651910935580676210e+01 4.796628177874657922e+03
-3.649575617259234406e+01 4.793254645241781873e+03
-3.639101413309474253e+01 4.778205745655412102e+03
-3.633820367039405852e+01 4.770668521131959096e+03
-3.628509699571318237e+01 4.763122760832113272e+03
-3.616289080566073011e+01 4.745886131456858493e+03
-3.603910176783146113e+01 4.728604880064525787e+03
-3.584927619856447478e+01 4.702447642573829398e+03
-3.584032220334164265e+01 4.701223933096043766e+03
-3.583135995248436245e+01 4.700000000000000000e+03
-3.561741893460528274e+01 4.671047855811226327e+03
-3.539876716887543751e+01 4.641974078156351425e+03
-3.525053907924949215e+01 4.622554150333280631e+03
-3.507614957986357496e+01 4.600000000000000000e+03
-3.493549594660079549e+01 4.582035357707135518e+03
-3.491542201117708544e+01 4.579487693472211504e+03
-3.489530911680627412e+01 4.576939121644680199e+03
-3.485496599488078573e+01 4.571839253271146845e+03
-3.477380719204919757e+01 4.561628604046322835e+03
-3.460957313831852389e+01 4.541163546563089767e+03
-3.459579903837434500e+01 4.539459058171074503e+03
-3.458200687780179550e+01 4.537754164709254837e+03
-3.442850378656683574e+01 4.518901882588699664e+03
-3.427274497175469037e+01 4.500000000000000000e+03
-3.425018514048590390e+01 4.497281034716017530e+03
-3.422757791140456618e+01 4.494561065026764481e+03
-3.404498746969808565e+01 4.472764117764656476e+03
-3.385927404784934680e+01 4.450902561122331463e+03
-3.347814746584314349e+01 4.406984467210255389e+03
-3.341652073716645077e+01 4.400000000000000000e+03
-3.329007418486575887e+01 4.385768783619147143e+03
-3.316219338289006657e+01 4.371510725873732554e+03
-3.283689963563397640e+01 4.335839642122849909e+03
-3.250212192979779502e+01 4.300000000000000000e+03
-3.204607784716503716e+01 4.252544907707078892e+03
-3.183324002964642574e+01 4.230918457524750920e+03
-3.167927035234300703e+01 4.215474635658658372e+03
-3.152330764918325912e+01 4.200000000000000000e+03
-3.120459626605254044e+01 4.168895314184890594e+03
-3.087739736411859326e+01 4.137666949604132242e+03
-3.086289040332665223e+01 4.136298565928655080e+03
-3.066933210615307104e+01 4.118170185945573394e+03
-3.047273313479712442e+01 4.100000000000000000e+03
-3.006968111361195639e+01 4.063495247384585582e+03
-2.965350539594576773e+01 4.026822041401353090e+03
-2.957624613977042571e+01 4.020124987488006354e+03
-2.949852436909805675e+01 4.013422300691796409e+03
-2.934167552002588053e+01 4.000000000000000000e+03
-2.928452374172657358e+01 3.995143612901741562e+03
-2.922712152509900108e+01 3.990284269093446710e+03
-2.901097123330392336e+01 3.972149362520172872e+03
-2.879122466394164093e+01 3.953973216789043363e+03
-2.876331222089640605e+01 3.951683009119788494e+03
-2.873534109513682111e+01 3.949392145892666576e+03
-2.867922200046299253e+01 3.944808451638598854e+03
-2.854149822391787339e+01 3.933629798901071808e+03
-2.840234316997207742e+01 3.922435527900394845e+03
-2.826173263023159166e+01 3.911225605882083528e+03
-2.811964178596603858e+01 3.900000000000000000e+03
-2.783116972227406904e+01 3.877521237213616132e+03
-2.753646636797802927e+01 3.854979169015443404e+03
-2.692746573858340753e+01 3.809704043666336020e+03
-2.686081855397987539e+01 3.804853485772945078e+03
-2.679385243741486988e+01 3.800000000000000000e+03
-2.657708810448193404e+01 3.784427856473555948e+03
-2.635692981372925559e+01 3.768825250797792251e+03
-2.590607320747225728e+01 3.737528294758099491e+03
-2.534846182335411413e+01 3.700000000000000000e+03
-2.486192525865509140e+01 3.668280721280808848e+03
-2.456161241134712370e+01 3.649163394452884859e+03
-2.425502593171163568e+01 3.630000000000000000e+03
-2.401128969148783199e+01 3.614999772910571210e+03
-2.388826204599400072e+01 3.607499829684217730e+03
-2.376444957243227663e+01 3.600000000000000000e+03
-2.337596454133193902e+01 3.576775986262010065e+03
-2.317878318562607731e+01 3.565164474887929828e+03
-2.297959449672710974e+01 3.553553293824999400e+03
-2.251234717240966887e+01 3.526775768576072096e+03
-2.203374020581529535e+01 3.500000000000000000e+03
-2.188889104176058709e+01 3.492023793463924903e+03
-2.166850941049424861e+01 3.480000000000000000e+03
-2.144812777922791014e+01 3.492023793463924903e+03
-2.130327861517320187e+01 3.500000000000000000e+03
-2.082467164857882835e+01 3.526775768576072096e+03
-2.035742432426139104e+01 3.553553293824999400e+03
-2.015823563536241991e+01 3.565164474887929828e+03
-1.996105427965655821e+01 3.576775986262010065e+03
-1.957256924855622060e+01 3.600000000000000000e+03
-1.944875677499449651e+01 3.607499829684217730e+03
-1.932572912950066524e+01 3.614999772910571210e+03
-1.908199288927686155e+01 3.630000000000000000e+03
-1.877540640964137353e+01 3.649163394452884859e+03
-1.847509356233340583e+01 3.668280721280808848e+03
-1.798855699763438309e+01 3.700000000000000000e+03
-1.743094561351623994e+01 3.737528294758099491e+03
-1.698008900725924164e+01 3.768825250797792251e+03
-1.675993071650656319e+01 3.784427856473555948e+03
-1.654316638357363090e+01 3.800000000000000000e+03
-1.647620026700862184e+01 3.804853485772945078e+03
-1.640955308240508970e+01 3.809704043666336020e+03
-1.580055245301047151e+01 3.854979169015443404e+03
-1.550584909871443173e+01 3.877521237213616132e+03
-1.521737703502245864e+01 3.900000000000000000e+03
-1.507528619075690557e+01 3.911225605882083528e+03
-1.493467565101641981e+01 3.922435527900394845e+03
-1.479552059707062739e+01 3.933629798901071808e+03
-1.465779682052550470e+01 3.944808451638598854e+03
-1.460167772585167612e+01 3.949392145892666576e+03
-1.457370660009209473e+01 3.951683009119788494e+03
-1.454579415704685985e+01 3.953973216789043363e+03
-1.432604758768457742e+01 3.972149362520172872e+03
-1.410989729588949615e+01 3.990284269093446710e+03
-1.405249507926192365e+01 3.995143612901741562e+03
-1.399534330096261669e+01 4.000000000000000000e+03
-1.383849445189043692e+01 4.013422300691796409e+03
-1.376077268121806796e+01 4.020124987488006354e+03
-1.368351342504272239e+01 4.026822041401353090e+03
-1.326733770737653728e+01 4.063495247384585582e+03
-1.286428568619137280e+01 4.100000000000000000e+03
-1.266768671483542619e+01 4.118170185945573394e+03
-1.247412841766183789e+01 4.136298565928655080e+03
-1.245962145686990397e+01 4.137666949604132242e+03
-1.213242255493595678e+01 4.168895314184890594e+03
-1.181371117180523811e+01 4.200000000000000000e+03
-1.165774846864548664e+01 4.215474635658658372e+03
-1.150377879134207149e+01 4.230918457524750920e+03
-1.129094097382346007e+01 4.252544907707078892e+03
-1.083489689119070221e+01 4.300000000000000000e+03
-1.050011918535452082e+01 4.335839642122849909e+03
-1.017482543809843776e+01 4.371510725873732554e+03
-1.004694463612273836e+01 4.385768783619147143e+03
-9.920498083822046453e+00 4.400000000000000000e+03
-9.858871355145353732e+00 4.406984467210255389e+03
-9.477744773139150425e+00 4.450902561122331463e+03
-9.292031351290411578e+00 4.472764117764656476e+03
-9.109440909583931045e+00 4.494561065026764481e+03
-9.086833680502593324e+00 4.497281034716017530e+03
-9.064273849233813962e+00 4.500000000000000000e+03
-8.908515034421668588e+00 4.518901882588699664e+03
-8.755011943186701728e+00 4.537754164709254837e+03
-8.741219782614152223e+00 4.539459058171074503e+03
-8.727445682669973337e+00 4.541163546563089767e+03
-8.563211628939292552e+00 4.561628604046322835e+03
-8.482052826107711496e+00 4.571839253271146845e+03
-8.441709704182216001e+00 4.576939121644680199e+03
-8.421596809811404682e+00 4.579487693472211504e+03
-8.401522874387694628e+00 4.582035357707135518e+03
-8.260869241124922269e+00 4.600000000000000000e+03
-8.086479741739012184e+00 4.622554150333280631e+03
-7.938251652113059720e+00 4.641974078156351425e+03
-7.719599886383207377e+00 4.671047855811226327e+03
-7.505658868504127668e+00 4.700000000000000000e+03
-7.496696617646847471e+00 4.701223933096043766e+03
-7.487742622424008232e+00 4.702447642573829398e+03
-7.297917053157021883e+00 4.728604880064525787e+03
-7.174128015327752905e+00 4.745886131456858493e+03
-7.051921825275300648e+00 4.763122760832113272e+03
-6.998815150594424495e+00 4.770668521131959096e+03
-6.946004687893740481e+00 4.778205745655412102e+03
-6.841262648396138957e+00 4.793254645241781873e+03
-6.817909465181720918e+00 4.796628177874657922e+03
-6.794614305498122064e+00 4.800000000000000000e+03
-6.711195361624781697e+00 4.812129562455151245e+03
-6.669767198230154293e+00 4.818185765245956645e+03
-6.649122897870988425e+00 4.821211725570394265e+03
-6.628524912778949840e+00 4.824236259859541860e+03
-6.372851786595063572e+00 4.862230287249800313e+03
-6.124212198757710723e+00 4.900000000000000000e+03
-6.003689962195039698e+00 4.918608118927849318e+03
-5.884809096354466362e+00 4.937160013312628507e+03
-5.685818154645886580e+00 4.968660727985812628e+03
-5.588027002317005554e+00 4.984350466656896970e+03
-5.491346877655466585e+00 5.000000000000000000e+03
-5.443963908681325847e+00 5.007720659996419272e+03
-5.396849563570931707e+00 5.015431166328467953e+03
-5.303417910408235514e+00 5.030821798014501837e+03
-5.249105707671041898e+00 5.039830148983069193e+03
-5.195150602366624071e+00 5.048824642022135777e+03
-5.168404943931307116e+00 5.053300105003316276e+03
-5.141746631402000389e+00 5.057772140936690448e+03
-5.128450099076886204e+00 5.060006874990323922e+03
-5.115175247254079238e+00 5.062240753757101629e+03
-5.108545935322673870e+00 5.063357372561343254e+03
-5.101922024164508684e+00 5.064473777727936067e+03
-5.095303507350529060e+00 5.065589969318183648e+03
-5.091996269808404918e+00 5.066147985041328866e+03
-5.088690378446138141e+00 5.066705947393367751e+03
-5.058235961154089466e+00 5.071854175867099912e+03
-5.027895567288382495e+00 5.076997862837097273e+03
-4.997575487357991619e+00 5.082152863521321706e+03
-4.967368885272605894e+00 5.087303306729801989e+03
-4.937181266640784827e+00 5.092465273752032772e+03
-4.922129849475041397e+00 5.095044541692768689e+03
-4.907106591346689584e+00 5.097622666933323671e+03
-4.894579147280907705e+00 5.099775307355141194e+03
-4.893272393010569488e+00 5.100000000000000000e+03
-4.870425046944284020e+00 5.103933093874856240e+03
-4.847643813333405660e+00 5.107863416640710057e+03
-4.830751194918271096e+00 5.110783377244053554e+03
-4.813894844356902070e+00 5.113701809280693851e+03
-4.805461815485465138e+00 5.115163646537939712e+03
-4.797037850676431958e+00 5.116625100430052953e+03
-4.788622935752194110e+00 5.118086171107819609e+03
-4.780217056565177813e+00 5.119546858721945682e+03
-4.773663243069890427e+00 5.120686536537831671e+03
-4.767114917484633452e+00 5.121825981212500665e+03
-4.760572073122837367e+00 5.122965192817484422e+03
-4.757302704305637064e+00 5.123534711241189143e+03
-4.754034703291829089e+00 5.124104171424285596e+03
-4.645181915575470555e+00 5.143175607226947250e+03
-4.537836815888994124e+00 5.162181835061464881e+03
-4.431969238352607476e+00 5.181123188790137647e+03
-4.327549827562094720e+00 5.200000000000000000e+03
-4.125783850629545668e+00 5.237037856906376874e+03
-3.956969886909682543e+00 5.268613070347176290e+03
-3.792003000537512492e+00 5.300000000000000000e+03
-3.633204362407546739e+00 5.330725577178969615e+03
-3.624553445441165422e+00 5.332414195103907332e+03
-3.461061491422697145e+00 5.364619688891984879e+03
-3.372296584581683021e+00 5.382341283162184482e+03
-3.284679523632973996e+00 5.400000000000000000e+03
-3.244724238588432286e+00 5.408108483110237103e+03
-3.205010608730724186e+00 5.416203119612529008e+03
-3.126300038859049835e+00 5.432350994423984048e+03
-3.087298949108074453e+00 5.440404303246951713e+03
-3.048531309732922523e+00 5.448443906490607333e+03
-2.971688478750827755e+00 5.464482135951820965e+03
-2.929306635034023998e+00 5.473386772410306548e+03
-2.887204190303748419e+00 5.482274596889916211e+03
-2.803827098182352984e+00 5.500000000000000000e+03
-2.766012638025571846e+00 5.508094375114532340e+03
-2.728429029040320586e+00 5.516174135411034513e+03
-2.653946427812158504e+00 5.532289969591510271e+03
-2.617043453100855288e+00 5.540326122140537336e+03
-2.580363458998306214e+00 5.548347817202922670e+03
-2.507664832891535411e+00 5.564347990646462677e+03
-2.427230199598980676e+00 5.582209796666496004e+03
-2.387415725717708881e+00 5.591113821732636097e+03
-2.367608089926982018e+00 5.595559138360928046e+03
-2.347866438585192839e+00 5.600000000000000000e+03
-2.282884492170495605e+00 5.614737222997924619e+03
-2.219677416552791271e+00 5.629272204888298802e+03
-2.131034483010374458e+00 5.650000000000000000e+03
-2.109545020247686864e+00 5.655086888358275246e+03
-2.098878188934101274e+00 5.657621033707950119e+03
-2.093564098827322084e+00 5.658885791585033076e+03
-2.090911866625638993e+00 5.659517593057181330e+03
-2.088262835988288657e+00 5.660149010020322748e+03
-2.087978637290113682e+00 5.660216773446381922e+03
-2.083411123826934386e+00 5.661306434670083945e+03
-2.081130933957041407e+00 5.661850836085401170e+03
-2.079991729262886224e+00 5.662122929592526816e+03
-2.078853117504095849e+00 5.662394951670154114e+03
-2.063131355377159082e+00 5.666158182732464411e+03
-1.997282657175546206e+00 5.682067792569701851e+03
-1.958393656847377429e+00 5.691577756961269188e+03
-1.939214036261475371e+00 5.696299767616116696e+03
-1.920208115027364215e+00 5.701000000000000000e+03
-1.864260033335931155e+00 5.716005170388375518e+03
-1.808987068518526087e+00 5.730947898682818050e+03
-1.802856048905653097e+00 5.732612718651146679e+03
-1.796733291295261381e+00 5.734276765325053020e+03
-1.790398453810951196e+00 5.736000000000000000e+03
-1.726856790506346329e+00 5.753372645957148961e+03
-1.700421414051469071e+00 5.760647581597568205e+03
-1.676527801759313263e+00 5.767247208179240261e+03
-1.662978137932789480e+00 5.771000000000000000e+03
-1.635145894584269399e+00 5.778745214811430742e+03
-1.632390511497355590e+00 5.779515157886744419e+03
-1.616817522096908988e+00 5.783877590861345197e+03
-1.586311253174336855e+00 5.792477131407868910e+03
-1.566116792181531991e+00 5.798209559798375267e+03
-1.516869447712892338e+00 5.812324404815953130e+03
-1.486933571437560886e+00 5.821000000000000000e+03
-1.445633265878498719e+00 5.833090747999037376e+03
-1.440296704964893593e+00 5.834663479482633193e+03
-1.437634928988913430e+00 5.835448831251936099e+03
-1.436305662959512119e+00 5.835841254024722730e+03
-1.434977476661302376e+00 5.836233508201259610e+03
-1.429431764111697589e+00 5.837872951980803009e+03
-1.426665961452449949e+00 5.838691570176271853e+03
-1.425284818817829091e+00 5.839100603783760562e+03
-1.424594686587255410e+00 5.839305051769019883e+03
-1.423904846858789597e+00 5.839509453895870138e+03
-1.409603873114100736e+00 5.843756106197040936e+03
-1.405346594622493228e+00 5.845023708057446129e+03
-1.366040473879550632e+00 5.856801948922146948e+03
-1.319257650074291632e+00 5.871000000000000000e+03
-1.285865554997080551e+00 5.881256383119759448e+03
-1.253182893942252463e+00 5.891395956763047252e+03
-1.205659599525681358e+00 5.906322774931001732e+03
-1.159608452565905168e+00 5.921000000000000000e+03
-1.140803011450664428e+00 5.927055336232162517e+03
-1.122239168359115524e+00 5.933068701681323546e+03
-1.085819790569850340e+00 5.944971253664713913e+03
-1.050317779833612519e+00 5.956711063565764562e+03
-1.028824820300798137e+00 5.963885586377381514e+03
-1.007663234978146249e+00 5.971000000000000000e+03
-9.703625964459519082e-01 5.984097967492593853e+03
-9.334513731685376570e-01 5.997145694263439509e+03
-9.068976309739866792e-01 6.006585953588864868e+03
-8.805440350714803799e-01 6.016000000000000000e+03
-8.607778147719429285e-01 6.023090516904660944e+03
-8.186873596151400534e-01 6.038274581129143371e+03
-7.896038299040029074e-01 6.048834999067952594e+03
-7.562931121227762787e-01 6.061000000000000000e+03
-7.259227778641559325e-01 6.072156670230864620e+03
-6.958226044469242311e-01 6.083276379584152892e+03
-6.804708155673822034e-01 6.088971767949280547e+03
-6.651889418221443862e-01 6.094657484409988683e+03
-6.348332013511139849e-01 6.106000000000000000e+03
-6.199535546089549598e-01 6.111583532987353465e+03
-6.051403257692626880e-01 6.117157741448922025e+03
-5.757115037045892336e-01 6.128278278070941269e+03
-5.607039645827072150e-01 6.133973282880642728e+03
-5.457647413423245553e-01 6.139658554866933628e+03
-5.308934059554459850e-01 6.145334118958759063e+03
-5.234830626360320593e-01 6.148168268311272186e+03
-5.160895323348100305e-01 6.151000000000000000e+03
-4.729579940915868974e-01 6.168475816192898492e+03
-4.298967240316997618e-01 6.186000000000000000e+03
-3.871424670307206384e-01 6.203475292094711222e+03
-3.444524980262144709e-01 6.221000000000000000e+03
-3.081041038998790782e-01 6.235981114146495202e+03
-2.839121998727733853e-01 6.245982315499501055e+03
-2.597393753960872687e-01 6.256000000000000000e+03
-2.387196808829799011e-01 6.264730751490902549e+03
-2.177133342684598460e-01 6.273474316488087425e+03
-1.967202954366200629e-01 6.282230723220483014e+03
-1.757405243502532244e-01 6.291000000000000000e+03
-1.518901381188797473e-01 6.300991482874092981e+03
-1.280557148118930400e-01 6.311000000000000000e+03
-1.086613624225307717e-01 6.319161558655203407e+03
-9.896794842613587662e-02 6.323246641096669919e+03
-8.927703743450621232e-02 6.327334596315524323e+03
-8.059574163290506021e-02 6.331000000000000000e+03
-7.137637236188254519e-02 6.334896038686511019e+03
-6.215915684799711016e-02 6.338794716459812662e+03
-5.294409197005478518e-02 6.342696036002298570e+03
-4.833736507359986945e-02 6.344647687276229590e+03
-4.373117466668219322e-02 6.346600000000000364e+03
-3.419059438714810994e-02 6.351300000000000182e+03
-2.942573112054702733e-02 6.353650000000000546e+03
-2.704465438967673663e-02 6.354825000000000728e+03
-2.466448023639600251e-02 6.356000000000000000e+03
-1.231746300766900504e-02 6.363500000000000000e+03
-6.155043899653378503e-03 6.367250000000000000e+03
-3.076600881200874937e-03 6.369125000000000000e+03
-1.538070277383951634e-03 6.370062500000000000e+03
0.000000000000000000e+00 6.371000000000000000e+03
