6.000000000000000000e+01 5.771000000000000000e+03
6.001376276960819212e+01 5.778745214811430742e+03
6.001512568305891904e+01 5.779515157886744419e+03
6.002283002140553236e+01 5.783877590861345197e+03
6.003792894380686818e+01 5.792477131407868910e+03
6.004792897789071304e+01 5.798209559798375267e+03
6.007233192906441843e+01 5.812324404815953130e+03
6.008717696191537527e+01 5.821000000000000000e+03
6.010767150365098388e+01 5.833090747999037376e+03
6.011032085370339217e+01 5.834663479482633193e+03
6.011164240019078164e+01 5.835448831251936099e+03
6.011230239321829316e+01 5.835841254024722730e+03
6.011296186682767484e+01 5.836233508201259610e+03
6.011571561478366732e+01 5.837872951980803009e+03
6.011708909483107277e+01 5.838691570176271853e+03
6.011777498854425517e+01 5.839100603783760562e+03
6.011811772409403432e+01 5.839305051769019883e+03
6.011846031887521491e+01 5.839509453895870138e+03
6.012556361698520391e+01 5.843756106197040936e+03
6.012767858116860253e+01 5.845023708057446129e+03
6.014721345907992855e+01 5.856801948922146948e+03
6.017048314737873937e+01 5.871000000000000000e+03
6.018710485938656518e+01 5.881256383119759448e+03
6.020338353097177020e+01 5.891395956763047252e+03
6.022707184941861414e+01 5.906322774931001732e+03
6.025004639927337990e+01 5.921000000000000000e+03
6.025943393392519454e+01 5.927055336232162517e+03
6.026870407409312946e+01 5.933068701681323546e+03
6.028689990261764109e+01 5.944971253664713913e+03
6.030464916216688209e+01 5.956711063565764562e+03
6.031540021416476094e+01 5.963885586377381514e+03
6.032598965021144721e+01 5.971000000000000000e+03
6.034470455608791895e+01 5.984097967492593853e+03
6.036322908079813487e+01 5.997145694263439509e+03
6.037655859702429950e+01 6.006585953588864868e+03
6.038979017799189108e+01 6.016000000000000000e+03
6.039971603209063744e+01 6.023090516904660944e+03
6.042085699696381340e+01 6.038274581129143371e+03
6.043546865615658703e+01 6.048834999067952594e+03
6.045220781733345916e+01 6.061000000000000000e+03
6.046747287051094588e+01 6.072156670230864620e+03
6.048260540197722435e+01 6.083276379584152892e+03
6.049032459615403923e+01 6.088971767949280547e+03
6.049800947382572502e+01 6.094657484409988683e+03
6.051327710512394731e+01 6.106000000000000000e+03
6.052076212886004924e+01 6.111583532987353465e+03
6.052821452610653097e+01 6.117157741448922025e+03
6.054302221051584354e+01 6.128278278070941269e+03
6.055057473144384517e+01 6.133973282880642728e+03
6.055809366691367757e+01 6.139658554866933628e+03
6.056557922069985977e+01 6.145334118958759063e+03
6.056930954306999837e+01 6.148168268311272186e+03
6.057303159571973339e+01 6.151000000000000000e+03
6.059480622866057331e+01 6.168475816192898492e+03
6.061654704409034622e+01 6.186000000000000000e+03
6.063813446856527634e+01 6.203475292094711222e+03
6.065969101387167228e+01 6.221000000000000000e+03
6.067804657308677463e+01 6.235981114146495202e+03
6.069026384878004166e+01 6.245982315499501055e+03
6.070247198051886528e+01 6.256000000000000000e+03
6.071308806450500839e+01 6.264730751490902549e+03
6.072369776853010848e+01 6.273474316488087425e+03
6.073430111165207279e+01 6.282230723220483014e+03
6.074489811289459595e+01 6.291000000000000000e+03
6.075694550934217375e+01 6.300991482874092981e+03
6.076898529588816444e+01 6.311000000000000000e+03
6.077878254459572105e+01 6.319161558655203407e+03
6.078367937907095353e+01 6.323246641096669919e+03
6.078857502273848468e+01 6.327334596315524323e+03
6.079296069260675495e+01 6.331000000000000000e+03
6.079761825388030161e+01 6.334896038686511019e+03
6.080227479270609336e+01 6.338794716459812662e+03
6.080693031057371911e+01 6.342696036002298570e+03
6.080925768709958135e+01 6.344647687276229590e+03
6.081158480894407603e+01 6.346600000000000364e+03
6.081643485327393250e+01 6.351300000000000182e+03
6.081885716706400302e+01 6.353650000000000546e+03
6.082006764774932606e+01 6.354825000000000728e+03
6.082127767796445283e+01 6.356000000000000000e+03
6.082759286271157606e+01 6.363500000000000000e+03
6.083074485175199442e+01 6.367250000000000000e+03
6.083231944834246008e+01 6.369125000000000000e+03
6.083310639751739046e+01 6.370062500000000000e+03
6.083389311408325284e+01 6.371000000000000000e+03
6.083467983064910811e+01 6.370062500000000000e+03
6.083546677982403850e+01 6.369125000000000000e+03
6.083704137641450416e+01 6.367250000000000000e+03
6.084019336545492962e+01 6.363500000000000000e+03
6.084650855020205285e+01 6.356000000000000000e+03
6.084771858041717252e+01 6.354825000000000728e+03
6.084892906110250266e+01 6.353650000000000546e+03
6.085135137489257318e+01 6.351300000000000182e+03
6.085620141922242965e+01 6.346600000000000364e+03
6.085852854106691723e+01 6.344647687276229590e+03
6.086085591759278657e+01 6.342696036002298570e+03
6.086551143546041232e+01 6.338794716459812662e+03
6.087016797428620407e+01 6.334896038686511019e+03
6.087482553555974363e+01 6.331000000000000000e+03
6.087921120542802100e+01 6.327334596315524323e+03
6.088410684909554504e+01 6.323246641096669919e+03
6.088900368357077753e+01 6.319161558655203407e+03
6.089880093227834124e+01 6.311000000000000000e+03
6.091084071882433193e+01 6.300991482874092981e+03
6.092288811527190262e+01 6.291000000000000000e+03
6.093348511651443289e+01 6.282230723220483014e+03
6.094408845963639720e+01 6.273474316488087425e+03
6.095469816366149729e+01 6.264730751490902549e+03
6.096531424764764040e+01 6.256000000000000000e+03
6.097752237938646402e+01 6.245982315499501055e+03
6.098973965507972395e+01 6.235981114146495202e+03
6.100809521429483340e+01 6.221000000000000000e+03
6.102965175960122224e+01 6.203475292094711222e+03
6.105123918407615946e+01 6.186000000000000000e+03
6.107297999950593237e+01 6.168475816192898492e+03
6.109475463244677229e+01 6.151000000000000000e+03
6.109847668509650731e+01 6.148168268311272186e+03
6.110220700746664590e+01 6.145334118958759063e+03
6.110969256125282811e+01 6.139658554866933628e+03
6.111721149672266051e+01 6.133973282880642728e+03
6.112476401765066214e+01 6.128278278070941269e+03
6.113957170205997471e+01 6.117157741448922025e+03
6.114702409930645643e+01 6.111583532987353465e+03
6.115450912304255837e+01 6.106000000000000000e+03
6.116977675434077355e+01 6.094657484409988683e+03
6.117746163201246645e+01 6.088971767949280547e+03
6.118518082618927423e+01 6.083276379584152892e+03
6.120031335765555269e+01 6.072156670230864620e+03
6.121557841083304652e+01 6.061000000000000000e+03
6.123231757200991865e+01 6.048834999067952594e+03
6.124692923120269228e+01 6.038274581129143371e+03
6.126807019607586824e+01 6.023090516904660944e+03
6.127799605017461460e+01 6.016000000000000000e+03
6.129122763114220618e+01 6.006585953588864868e+03
6.130455714736837081e+01 5.997145694263439509e+03
6.132308167207858673e+01 5.984097967492593853e+03
6.134179657795505847e+01 5.971000000000000000e+03
6.135238601400174474e+01 5.963885586377381514e+03
6.136313706599961648e+01 5.956711063565764562e+03
6.138088632554886459e+01 5.944971253664713913e+03
6.139908215407337622e+01 5.933068701681323546e+03
6.140835229424130404e+01 5.927055336232162517e+03
6.141773982889312578e+01 5.921000000000000000e+03
6.144071437874789154e+01 5.906322774931001732e+03
6.146440269719472838e+01 5.891395956763047252e+03
6.148068136877994050e+01 5.881256383119759448e+03
6.149730308078776631e+01 5.871000000000000000e+03
6.152057276908657713e+01 5.856801948922146948e+03
6.154010764699789604e+01 5.845023708057446129e+03
6.154222261118130177e+01 5.843756106197040936e+03
6.154932590929129077e+01 5.839509453895870138e+03
6.154966850407247136e+01 5.839305051769019883e+03
6.155001123962225051e+01 5.839100603783760562e+03
6.155069713333543291e+01 5.838691570176271853e+03
6.155207061338283836e+01 5.837872951980803009e+03
6.155482436133883084e+01 5.836233508201259610e+03
6.155548383494821252e+01 5.835841254024722730e+03
6.155614382797571693e+01 5.835448831251936099e+03
6.155746537446311351e+01 5.834663479482633193e+03
6.156011472451551469e+01 5.833090747999037376e+03
6.158060926625113041e+01 5.821000000000000000e+03
6.159545429910208725e+01 5.812324404815953130e+03
6.161985725027579264e+01 5.798209559798375267e+03
6.162985728435963750e+01 5.792477131407868910e+03
6.164495620676097332e+01 5.783877590861345197e+03
6.165266054510757954e+01 5.779515157886744419e+03
6.165402345855831356e+01 5.778745214811430742e+03
6.166778622816650568e+01 5.771000000000000000e+03
6.167448419960354045e+01 5.767247208179240261e+03
6.168629354999065839e+01 5.760647581597568205e+03
6.169935630242863311e+01 5.753372645957148961e+03
6.173074241739298884e+01 5.736000000000000000e+03
6.173387052660205399e+01 5.734276765325053020e+03
6.173689374717988443e+01 5.732612718651146679e+03
6.173992088497642783e+01 5.730947898682818050e+03
6.176720409366417641e+01 5.716005170388375518e+03
6.179480705752225589e+01 5.701000000000000000e+03
6.182241002138032826e+01 5.716005170388375518e+03
6.184969323006807684e+01 5.730947898682818050e+03
6.185272036786462024e+01 5.732612718651146679e+03
6.185574358844245779e+01 5.734276765325053020e+03
6.185887169765152294e+01 5.736000000000000000e+03
6.189025781261587156e+01 5.753372645957148961e+03
6.190332056505384628e+01 5.760647581597568205e+03
6.191512991544097133e+01 5.767247208179240261e+03
6.192182788687800610e+01 5.771000000000000000e+03
6.193559065648619821e+01 5.778745214811430742e+03
6.193695356993692513e+01 5.779515157886744419e+03
6.194465790828353846e+01 5.783877590861345197e+03
6.195975683068487427e+01 5.792477131407868910e+03
6.196975686476871914e+01 5.798209559798375267e+03
6.199415981594242453e+01 5.812324404815953130e+03
6.200900484879338137e+01 5.821000000000000000e+03
6.202949939052898998e+01 5.833090747999037376e+03
6.203214874058139827e+01 5.834663479482633193e+03
6.203347028706878774e+01 5.835448831251936099e+03
6.203413028009629215e+01 5.835841254024722730e+03
6.203478975370568094e+01 5.836233508201259610e+03
6.203754350166166631e+01 5.837872951980803009e+03
6.203891698170907176e+01 5.838691570176271853e+03
6.203960287542226126e+01 5.839100603783760562e+03
6.203994561097204041e+01 5.839305051769019883e+03
6.204028820575322101e+01 5.839509453895870138e+03
6.204739150386321000e+01 5.843756106197040936e+03
6.204950646804660863e+01 5.845023708057446129e+03
6.206904134595792755e+01 5.856801948922146948e+03
6.209231103425674547e+01 5.871000000000000000e+03
6.210893274626457128e+01 5.881256383119759448e+03
6.212521141784977630e+01 5.891395956763047252e+03
6.214889973629662023e+01 5.906322774931001732e+03
6.217187428615138600e+01 5.921000000000000000e+03
6.218126182080320064e+01 5.927055336232162517e+03
6.219053196097113556e+01 5.933068701681323546e+03
6.220872778949564719e+01 5.944971253664713913e+03
6.222647704904488819e+01 5.956711063565764562e+03
6.223722810104276704e+01 5.963885586377381514e+03
6.224781753708944620e+01 5.971000000000000000e+03
6.226653244296591794e+01 5.984097967492593853e+03
6.228505696767614097e+01 5.997145694263439509e+03
6.229838648390230560e+01 6.006585953588864868e+03
6.231161806486989718e+01 6.016000000000000000e+03
6.232154391896864354e+01 6.023090516904660944e+03
6.234268488384181950e+01 6.038274581129143371e+03
6.235729654303459313e+01 6.048834999067952594e+03
6.237403570421146526e+01 6.061000000000000000e+03
6.238930075738895198e+01 6.072156670230864620e+03
6.240443328885523044e+01 6.083276379584152892e+03
6.241215248303204532e+01 6.088971767949280547e+03
6.241983736070373112e+01 6.094657484409988683e+03
6.243510499200195341e+01 6.106000000000000000e+03
6.244259001573805534e+01 6.111583532987353465e+03
6.245004241298453707e+01 6.117157741448922025e+03
6.246485009739384964e+01 6.128278278070941269e+03
6.247240261832185126e+01 6.133973282880642728e+03
6.247992155379168366e+01 6.139658554866933628e+03
6.248740710757786587e+01 6.145334118958759063e+03
6.249113742994800447e+01 6.148168268311272186e+03
6.249485948259773949e+01 6.151000000000000000e+03
6.251663411553857941e+01 6.168475816192898492e+03
6.253837493096834521e+01 6.186000000000000000e+03
6.255996235544328243e+01 6.203475292094711222e+03
6.258151890074967127e+01 6.221000000000000000e+03
6.259987445996478073e+01 6.235981114146495202e+03
6.261209173565804775e+01 6.245982315499501055e+03
6.262429986739687138e+01 6.256000000000000000e+03
6.263491595138301449e+01 6.264730751490902549e+03
6.264552565540811457e+01 6.273474316488087425e+03
6.265612899853007889e+01 6.282230723220483014e+03
6.266672599977260205e+01 6.291000000000000000e+03
6.267877339622017274e+01 6.300991482874092981e+03
6.269081318276617054e+01 6.311000000000000000e+03
6.270061043147372715e+01 6.319161558655203407e+03
6.270550726594895963e+01 6.323246641096669919e+03
6.271040290961649077e+01 6.327334596315524323e+03
6.271478857948476104e+01 6.331000000000000000e+03
6.271944614075830060e+01 6.334896038686511019e+03
6.272410267958409946e+01 6.338794716459812662e+03
6.272875819745171810e+01 6.342696036002298570e+03
6.273108557397758744e+01 6.344647687276229590e+03
6.273341269582208213e+01 6.346600000000000364e+03
6.273826274015193860e+01 6.351300000000000182e+03
6.274068505394200201e+01 6.353650000000000546e+03
6.274189553462733215e+01 6.354825000000000728e+03
6.274310556484245183e+01 6.356000000000000000e+03
6.274942074958958216e+01 6.363500000000000000e+03
6.275257273863000052e+01 6.367250000000000000e+03
6.275414733522046618e+01 6.369125000000000000e+03
6.275493428439539656e+01 6.370062500000000000e+03
6.275572100096125894e+01 6.371000000000000000e+03
6.275650771752711421e+01 6.370062500000000000e+03
6.275729466670204459e+01 6.369125000000000000e+03
6.275886926329251025e+01 6.367250000000000000e+03
6.276202125233293572e+01 6.363500000000000000e+03
6.276833643708005894e+01 6.356000000000000000e+03
6.276954646729517862e+01 6.354825000000000728e+03
6.277075694798050876e+01 6.353650000000000546e+03
6.277317926177057927e+01 6.351300000000000182e+03
6.277802930610042864e+01 6.346600000000000364e+03
6.278035642794492333e+01 6.344647687276229590e+03
6.278268380447079267e+01 6.342696036002298570e+03
6.278733932233841841e+01 6.338794716459812662e+03
6.279199586116421017e+01 6.334896038686511019e+03
6.279665342243774973e+01 6.331000000000000000e+03
6.280103909230602710e+01 6.327334596315524323e+03
6.280593473597355114e+01 6.323246641096669919e+03
6.281083157044878362e+01 6.319161558655203407e+03
6.282062881915634733e+01 6.311000000000000000e+03
6.283266860570233803e+01 6.300991482874092981e+03
6.284471600214990872e+01 6.291000000000000000e+03
6.285531300339243899e+01 6.282230723220483014e+03
6.286591634651440330e+01 6.273474316488087425e+03
6.287652605053950339e+01 6.264730751490902549e+03
6.288714213452564650e+01 6.256000000000000000e+03
6.289935026626447012e+01 6.245982315499501055e+03
6.291156754195773004e+01 6.235981114146495202e+03
6.292992310117283949e+01 6.221000000000000000e+03
6.295147964647922834e+01 6.203475292094711222e+03
6.297306707095416556e+01 6.186000000000000000e+03
6.299480788638393847e+01 6.168475816192898492e+03
6.301658251932477839e+01 6.151000000000000000e+03
6.302030457197450630e+01 6.148168268311272186e+03
6.302403489434465200e+01 6.145334118958759063e+03
6.303152044813082711e+01 6.139658554866933628e+03
6.303903938360065951e+01 6.133973282880642728e+03
6.304659190452866113e+01 6.128278278070941269e+03
6.306139958893797370e+01 6.117157741448922025e+03
6.306885198618445543e+01 6.111583532987353465e+03
6.307633700992055736e+01 6.106000000000000000e+03
6.309160464121877965e+01 6.094657484409988683e+03
6.309928951889047255e+01 6.088971767949280547e+03
6.310700871306728033e+01 6.083276379584152892e+03
6.312214124453355879e+01 6.072156670230864620e+03
6.313740629771105262e+01 6.061000000000000000e+03
6.315414545888791764e+01 6.048834999067952594e+03
6.316875711808069127e+01 6.038274581129143371e+03
6.318989808295386723e+01 6.023090516904660944e+03
6.319982393705262069e+01 6.016000000000000000e+03
6.321305551802020517e+01 6.006585953588864868e+03
6.322638503424637690e+01 5.997145694263439509e+03
6.324490955895659283e+01 5.984097967492593853e+03
6.326362446483306456e+01 5.971000000000000000e+03
6.327421390087974373e+01 5.963885586377381514e+03
6.328496495287762258e+01 5.956711063565764562e+03
6.330271421242686358e+01 5.944971253664713913e+03
6.332091004095138231e+01 5.933068701681323546e+03
6.333018018111931013e+01 5.927055336232162517e+03
6.333956771577112477e+01 5.921000000000000000e+03
6.336254226562589054e+01 5.906322774931001732e+03
6.338623058407273447e+01 5.891395956763047252e+03
6.340250925565793949e+01 5.881256383119759448e+03
6.341913096766576530e+01 5.871000000000000000e+03
6.344240065596458322e+01 5.856801948922146948e+03
6.346193553387590214e+01 5.845023708057446129e+03
6.346405049805930787e+01 5.843756106197040936e+03
6.347115379616929687e+01 5.839509453895870138e+03
6.347149639095047746e+01 5.839305051769019883e+03
6.347183912650025661e+01 5.839100603783760562e+03
6.347252502021343901e+01 5.838691570176271853e+03
6.347389850026084446e+01 5.837872951980803009e+03
6.347665224821683694e+01 5.836233508201259610e+03
6.347731172182621862e+01 5.835841254024722730e+03
6.347797171485372303e+01 5.835448831251936099e+03
6.347929326134111250e+01 5.834663479482633193e+03
6.348194261139352079e+01 5.833090747999037376e+03
6.350243715312913650e+01 5.821000000000000000e+03
6.351728218598008624e+01 5.812324404815953130e+03
6.354168513715379873e+01 5.798209559798375267e+03
6.355168517123764360e+01 5.792477131407868910e+03
6.356678409363897941e+01 5.783877590861345197e+03
6.357448843198558563e+01 5.779515157886744419e+03
6.357585134543631966e+01 5.778745214811430742e+03
6.358961411504451178e+01 5.771000000000000000e+03
6.359631208648154654e+01 5.767247208179240261e+03
6.360812143686866449e+01 5.760647581597568205e+03
6.362118418930663921e+01 5.753372645957148961e+03
6.365257030427099494e+01 5.736000000000000000e+03
6.365569841348006008e+01 5.734276765325053020e+03
6.365872163405789053e+01 5.732612718651146679e+03
6.366174877185443393e+01 5.730947898682818050e+03
6.368903198054218251e+01 5.716005170388375518e+03
6.371663494440025488e+01 5.701000000000000000e+03
6.372593869930430799e+01 5.696299767616116696e+03
6.373532384631405989e+01 5.691577756961269188e+03
6.375434213901969827e+01 5.682067792569701851e+03
6.378651043872227433e+01 5.666158182732464411e+03
6.379418439123666218e+01 5.662394951670154114e+03
6.379474006309407486e+01 5.662122929592526816e+03
6.379529601132018968e+01 5.661850836085401170e+03
6.379640873761213982e+01 5.661306434670083945e+03
6.379863751471930300e+01 5.660216773446381922e+03
6.379877618622910518e+01 5.660149010020322748e+03
6.380006871153761949e+01 5.659517593057181330e+03
6.380136272848480417e+01 5.658885791585033076e+03
6.380395524648753991e+01 5.657621033707950119e+03
6.380915828378005017e+01 5.655086888358275246e+03
6.381963688614602859e+01 5.650000000000000000e+03
6.386281150013097374e+01 5.629272204888298802e+03
6.389354875572888659e+01 5.614737222997924619e+03
6.392510685266016424e+01 5.600000000000000000e+03
6.393468684062468554e+01 5.595559138360928046e+03
6.394429705038806588e+01 5.591113821732636097e+03
6.396360866233003151e+01 5.582209796666496004e+03
6.400260039669952050e+01 5.564347990646462677e+03
6.403781627240088881e+01 5.548347817202922670e+03
6.405557509345355527e+01 5.540326122140537336e+03
6.407343556226790326e+01 5.532289969591510271e+03
6.410946466884843176e+01 5.516174135411034513e+03
6.412763497054982054e+01 5.508094375114532340e+03
6.414591020796044063e+01 5.500000000000000000e+03
6.418618185499903461e+01 5.482274596889916211e+03
6.420650538207664226e+01 5.473386772410306548e+03
6.422695548208210425e+01 5.464482135951820965e+03
6.426401242640065448e+01 5.448443906490607333e+03
6.428269742288318866e+01 5.440404303246951713e+03
6.430148785534653655e+01 5.432350994423984048e+03
6.433938833712558392e+01 5.416203119612529008e+03
6.435850009202856370e+01 5.408108483110237103e+03
6.437772065457971848e+01 5.400000000000000000e+03
6.441984294583622273e+01 5.382341283162184482e+03
6.446248063526689975e+01 5.364619688891984879e+03
6.454091656301186219e+01 5.332414195103907332e+03
6.454506337634222746e+01 5.330725577178969615e+03
6.462112070357441951e+01 5.300000000000000000e+03
6.470000662359906585e+01 5.268613070347176290e+03
6.478059957755498033e+01 5.237037856906376874e+03
6.487674669810871819e+01 5.200000000000000000e+03
6.492642942907806969e+01 5.181123188790137647e+03
6.497674843838112224e+01 5.162181835061464881e+03
6.502771522690241568e+01 5.143175607226947250e+03
6.507934156820876126e+01 5.124104171424285596e+03
6.508089062556749127e+01 5.123534711241189143e+03
6.508244027990956226e+01 5.122965192817484422e+03
6.508554138083047746e+01 5.121825981212500665e+03
6.508864487356768791e+01 5.120686536537831671e+03
6.509175076071424826e+01 5.119546858721945682e+03
6.509573404914705463e+01 5.118086171107819609e+03
6.509972127870621250e+01 5.116625100430052953e+03
6.510371245487365854e+01 5.115163646537939712e+03
6.510770758314130546e+01 5.113701809280693851e+03
6.511569221384390005e+01 5.110783377244053554e+03
6.512369264969933624e+01 5.107863416640710057e+03
6.513447978500340696e+01 5.103933093874856240e+03
6.514529570764000255e+01 5.100000000000000000e+03
6.514591424825658805e+01 5.099775307355141194e+03
6.515184358982230606e+01 5.097622666933323671e+03
6.515895323218910562e+01 5.095044541692768689e+03
6.516607511900510019e+01 5.092465273752032772e+03
6.518035574430700763e+01 5.087303306729801989e+03
6.519464098261558149e+01 5.082152863521321706e+03
6.520897548761897156e+01 5.076997862837097273e+03
6.522331517917768906e+01 5.071854175867099912e+03
6.523770431186130736e+01 5.066705947393367751e+03
6.523926601415134030e+01 5.066147985041328866e+03
6.524082829974111064e+01 5.065589969318183648e+03
6.524395462204141438e+01 5.064473777727936067e+03
6.524708328122630974e+01 5.063357372561343254e+03
6.525021427975700306e+01 5.062240753757101629e+03
6.525648330466714242e+01 5.060006874990323922e+03
6.526276171657963232e+01 5.057772140936690448e+03
6.527534678030910698e+01 5.053300105003316276e+03
6.528796963050267266e+01 5.048824642022135777e+03
6.531342369224519473e+01 5.039830148983069193e+03
6.533903197455786938e+01 5.030821798014501837e+03
6.538305160300379271e+01 5.015431166328467953e+03
6.540523304450408659e+01 5.007720659996419272e+03
6.542753001877824204e+01 5.000000000000000000e+03
6.547299088365188879e+01 4.984350466656896970e+03
6.551892798391060069e+01 4.968660727985812628e+03
6.561225919679380070e+01 4.937160013312628507e+03
6.566792416921892084e+01 4.918608118927849318e+03
6.572428641997130683e+01 4.900000000000000000e+03
6.584033616511850084e+01 4.862230287249800313e+03
6.595934874252110092e+01 4.824236259859541860e+03
6.596892261421623971e+01 4.821211725570394265e+03
6.597851587705535792e+01 4.818185765245956645e+03
6.599776079831768527e+01 4.812129562455151245e+03
6.603648579314914002e+01 4.800000000000000000e+03
6.604729368689814351e+01 4.796628177874657922e+03
6.605812577446242528e+01 4.793254645241781873e+03
6.610667544415751706e+01 4.778205745655412102e+03
6.613113305219239635e+01 4.770668521131959096e+03
6.615571366490613059e+01 4.763122760832113272e+03
6.621222308233559772e+01 4.745886131456858493e+03
6.626938715146134484e+01 4.728604880064525787e+03
6.635689408243642617e+01 4.702447642573829398e+03
6.636101718692437146e+01 4.701223933096043766e+03
6.636514368042068668e+01 4.700000000000000000e+03
6.646352673317193194e+01 4.671047855811226327e+03
6.656383291136083358e+01 4.641974078156351425e+03
6.663169149029887706e+01 4.622554150333280631e+03
6.671138005058740816e+01 4.600000000000000000e+03
6.677553690549498810e+01 4.582035357707135518e+03
6.678468486215197686e+01 4.579487693472211504e+03
6.679384845406126203e+01 4.576939121644680199e+03
6.681222269599163610e+01 4.571839253271146845e+03
6.684916048762744367e+01 4.561628604046322835e+03
6.692380200950107394e+01 4.541163546563089767e+03
6.693005560906694029e+01 4.539459058171074503e+03
6.693631639998447724e+01 4.537754164709254837e+03
6.700592909676518616e+01 4.518901882588699664e+03
6.707643621021513525e+01 4.500000000000000000e+03
6.708663756355269925e+01 4.497281034716017530e+03
6.709685762241038276e+01 4.494561065026764481e+03
6.717930102939646986e+01 4.472764117764656476e+03
6.726297048277096735e+01 4.450902561122331463e+03
6.743409307523359075e+01 4.406984467210255389e+03
6.746168829954297053e+01 4.400000000000000000e+03
6.751824327438851014e+01 4.385768783619147143e+03
6.757535025210952995e+01 4.371510725873732554e+03
6.772020654259421235e+01 4.335839642122849909e+03
6.786866849153368264e+01 4.300000000000000000e+03
6.806988886314434239e+01 4.252544907707078892e+03
6.816339293966436230e+01 4.230918457524750920e+03
6.823087235735388845e+01 4.215474635658658372e+03
6.829908523055334513e+01 4.200000000000000000e+03
6.843803835993192308e+01 4.168895314184890594e+03
6.858007133943100087e+01 4.137666949604132242e+03
6.858635396582887722e+01 4.136298565928655080e+03
6.867005977795692218e+01 4.118170185945573394e+03
6.875485139982846761e+01 4.100000000000000000e+03
6.892795711173052098e+01 4.063495247384585582e+03
6.910566208855819070e+01 4.026822041401353090e+03
6.913853430415497314e+01 4.020124987488006354e+03
6.917156609998222905e+01 4.013422300691796409e+03
6.923811293174196635e+01 4.000000000000000000e+03
6.926232290254007751e+01 3.995143612901741562e+03
6.928661846337558927e+01 3.990284269093446710e+03
6.937791942981205295e+01 3.972149362520172872e+03
6.947043832704984823e+01 3.953973216789043363e+03
6.948216833775916257e+01 3.951683009119788494e+03
6.949391805839069036e+01 3.949392145892666576e+03
6.951747682155000518e+01 3.944808451638598854e+03
6.957520834186900061e+01 3.933629798901071808e+03
6.963341696602907405e+01 3.922435527900394845e+03
6.969210844890193357e+01 3.911225605882083528e+03
6.975128863860135198e+01 3.900000000000000000e+03
6.987103403764336917e+01 3.877521237213616132e+03
6.999280569912595240e+01 3.854979169015443404e+03
7.024263005778756508e+01 3.809704043666336020e+03
7.026982005005469034e+01 3.804853485772945078e+03
7.029711014336891139e+01 3.800000000000000000e+03
7.038523888309606491e+01 3.784427856473555948e+03
7.047442157925559059e+01 3.768825250797792251e+03
7.065602302012908353e+01 3.737528294758099491e+03
7.087868068527008347e+01 3.700000000000000000e+03
7.107117503437891060e+01 3.668280721280808848e+03
7.118915085012795885e+01 3.649163394452884859e+03
7.130892277187936656e+01 3.630000000000000000e+03
7.140369649501884908e+01 3.614999772910571210e+03
7.145140092656703246e+01 3.607499829684217730e+03
7.149931902431008268e+01 3.600000000000000000e+03
7.164907799821270373e+01 3.576775986262010065e+03
7.172474428099624788e+01 3.565164474887929828e+03
7.180094269871918300e+01 3.553553293824999400e+03
7.197873936317014909e+01 3.526775768576072096e+03
7.215947058123759916e+01 3.500000000000000000e+03
7.221388912467021726e+01 3.492023793463924903e+03
7.229643403227983356e+01 3.480000000000000000e+03
7.237897893988944986e+01 3.492023793463924903e+03
7.243339748332206796e+01 3.500000000000000000e+03
7.261412870138951803e+01 3.526775768576072096e+03
7.279192536584048412e+01 3.553553293824999400e+03
7.286812378356341924e+01 3.565164474887929828e+03
7.294379006634696339e+01 3.576775986262010065e+03
7.309354904024958444e+01 3.600000000000000000e+03
7.314146713799263466e+01 3.607499829684217730e+03
7.318917156954081804e+01 3.614999772910571210e+03
7.328394529268030055e+01 3.630000000000000000e+03
7.340371721443170827e+01 3.649163394452884859e+03
7.352169303018075652e+01 3.668280721280808848e+03
7.371418737928958365e+01 3.700000000000000000e+03
7.393684504443058358e+01 3.737528294758099491e+03
7.411844648530407653e+01 3.768825250797792251e+03
7.420762918146360221e+01 3.784427856473555948e+03
7.429575792119075572e+01 3.800000000000000000e+03
7.432304801450497678e+01 3.804853485772945078e+03
7.435023800677210204e+01 3.809704043666336020e+03
7.460006236543371472e+01 3.854979169015443404e+03
7.472183402691629794e+01 3.877521237213616132e+03
7.484157942595831514e+01 3.900000000000000000e+03
7.490075961565773355e+01 3.911225605882083528e+03
7.495945109853059307e+01 3.922435527900394845e+03
7.501765972269066651e+01 3.933629798901071808e+03
7.507539124300966193e+01 3.944808451638598854e+03
7.509895000616897676e+01 3.949392145892666576e+03
7.511069972680050455e+01 3.951683009119788494e+03
7.512242973750981889e+01 3.953973216789043363e+03
7.521494863474761416e+01 3.972149362520172872e+03
7.530624960118407785e+01 3.990284269093446710e+03
7.533054516201958961e+01 3.995143612901741562e+03
7.535475513281770077e+01 4.000000000000000000e+03
7.542130196457743807e+01 4.013422300691796409e+03
7.545433376040469398e+01 4.020124987488006354e+03
7.548720597600149063e+01 4.026822041401353090e+03
7.566491095282914614e+01 4.063495247384585582e+03
7.583801666473119951e+01 4.100000000000000000e+03
7.592280828660274494e+01 4.118170185945573394e+03
7.600651409873078990e+01 4.136298565928655080e+03
7.601279672512866625e+01 4.137666949604132242e+03
7.615482970462775825e+01 4.168895314184890594e+03
7.629378283400632199e+01 4.200000000000000000e+03
7.636199570720577867e+01 4.215474635658658372e+03
7.642947512489530482e+01 4.230918457524750920e+03
7.652297920141533893e+01 4.252544907707078892e+03
7.672419957302599869e+01 4.300000000000000000e+03
7.687266152196545477e+01 4.335839642122849909e+03
7.701751781245013717e+01 4.371510725873732554e+03
7.707462479017115697e+01 4.385768783619147143e+03
7.713117976501669659e+01 4.400000000000000000e+03
7.715877498932607637e+01 4.406984467210255389e+03
7.732989758178869977e+01 4.450902561122331463e+03
7.741356703516319726e+01 4.472764117764656476e+03
7.749601044214928436e+01 4.494561065026764481e+03
7.750623050100696787e+01 4.497281034716017530e+03
7.751643185434453187e+01 4.500000000000000000e+03
7.758693896779448096e+01 4.518901882588699664e+03
7.765655166457518987e+01 4.537754164709254837e+03
7.766281245549272683e+01 4.539459058171074503e+03
7.766906605505859318e+01 4.541163546563089767e+03
7.774370757693222345e+01 4.561628604046322835e+03
7.778064536856803102e+01 4.571839253271146845e+03
7.779901961049840509e+01 4.576939121644680199e+03
7.780818320240769026e+01 4.579487693472211504e+03
7.781733115906467901e+01 4.582035357707135518e+03
7.788148801397227317e+01 4.600000000000000000e+03
7.796117657426079006e+01 4.622554150333280631e+03
7.802903515319883354e+01 4.641974078156351425e+03
7.812934133138773518e+01 4.671047855811226327e+03
7.822772438413898044e+01 4.700000000000000000e+03
7.823185087763529566e+01 4.701223933096043766e+03
7.823597398212324094e+01 4.702447642573829398e+03
7.832348091309833649e+01 4.728604880064525787e+03
7.838064498222406939e+01 4.745886131456858493e+03
7.843715439965353653e+01 4.763122760832113272e+03
7.846173501236728498e+01 4.770668521131959096e+03
7.848619262040216427e+01 4.778205745655412102e+03
7.853474229009725605e+01 4.793254645241781873e+03
7.854557437766153782e+01 4.796628177874657922e+03
7.855638227141054131e+01 4.800000000000000000e+03
7.859510726624199606e+01 4.812129562455151245e+03
7.861435218750432341e+01 4.818185765245956645e+03
7.862394545034344162e+01 4.821211725570394265e+03
7.863351932203858041e+01 4.824236259859541860e+03
7.875253189944118049e+01 4.862230287249800313e+03
7.886858164458836029e+01 4.900000000000000000e+03
7.892494389534074628e+01 4.918608118927849318e+03
7.898060886776588063e+01 4.937160013312628507e+03
7.907394008064906643e+01 4.968660727985812628e+03
7.911987718090779254e+01 4.984350466656896970e+03
7.916533804578142508e+01 5.000000000000000000e+03
7.918763502005558053e+01 5.007720659996419272e+03
7.920981646155588862e+01 5.015431166328467953e+03
7.925383609000181195e+01 5.030821798014501837e+03
7.927944437231447239e+01 5.039830148983069193e+03
7.930489843405700867e+01 5.048824642022135777e+03
7.931752128425057435e+01 5.053300105003316276e+03
7.933010634798004901e+01 5.057772140936690448e+03
7.933638475989252470e+01 5.060006874990323922e+03
7.934265378480267827e+01 5.062240753757101629e+03
7.934578478333335738e+01 5.063357372561343254e+03
7.934891344251826695e+01 5.064473777727936067e+03
7.935203976481857069e+01 5.065589969318183648e+03
7.935360205040834103e+01 5.066147985041328866e+03
7.935516375269837397e+01 5.066705947393367751e+03
7.936955288538199227e+01 5.071854175867099912e+03
7.938389257694069556e+01 5.076997862837097273e+03
7.939822708194409984e+01 5.082152863521321706e+03
7.941251232025267370e+01 5.087303306729801989e+03
7.942679294555458114e+01 5.092465273752032772e+03
7.943391483237057571e+01 5.095044541692768689e+03
7.944102447473736106e+01 5.097622666933323671e+03
7.944695381630309328e+01 5.099775307355141194e+03
7.944757235691966457e+01 5.100000000000000000e+03
7.945838827955628858e+01 5.103933093874856240e+03
7.946917541486034509e+01 5.107863416640710057e+03
7.947717585071578128e+01 5.110783377244053554e+03
7.948516048141837587e+01 5.113701809280693851e+03
7.948915560968602279e+01 5.115163646537939712e+03
7.949314678585346883e+01 5.116625100430052953e+03
7.949713401541262670e+01 5.118086171107819609e+03
7.950111730384543307e+01 5.119546858721945682e+03
7.950422319099199342e+01 5.120686536537831671e+03
7.950732668372920386e+01 5.121825981212500665e+03
7.951042778465011907e+01 5.122965192817484422e+03
7.951197743899219006e+01 5.123534711241189143e+03
7.951352649635092007e+01 5.124104171424285596e+03
7.956515283765726565e+01 5.143175607226947250e+03
7.961611962617857330e+01 5.162181835061464881e+03
7.966643863548161164e+01 5.181123188790137647e+03
7.971612136645096314e+01 5.200000000000000000e+03
7.981226848700470100e+01 5.237037856906376874e+03
7.989286144096061548e+01 5.268613070347176290e+03
7.997174736098526182e+01 5.300000000000000000e+03
8.004780468821745387e+01 5.330725577178969615e+03
8.005195150154783335e+01 5.332414195103907332e+03
8.013038742929278158e+01 5.364619688891984879e+03
8.017302511872345860e+01 5.382341283162184482e+03
8.021514740997997706e+01 5.400000000000000000e+03
8.023436797253111763e+01 5.408108483110237103e+03
8.025347972743409741e+01 5.416203119612529008e+03
8.029138020921314478e+01 5.432350994423984048e+03
8.031017064167649266e+01 5.440404303246951713e+03
8.032885563815902685e+01 5.448443906490607333e+03
8.036591258247757708e+01 5.464482135951820965e+03
8.038636268248303907e+01 5.473386772410306548e+03
8.040668620956064672e+01 5.482274596889916211e+03
8.044695785659924070e+01 5.500000000000000000e+03
8.046523309400986079e+01 5.508094375114532340e+03
8.048340339571124957e+01 5.516174135411034513e+03
8.051943250229177806e+01 5.532289969591510271e+03
8.053729297110612606e+01 5.540326122140537336e+03
8.055505179215879252e+01 5.548347817202922670e+03
8.059026766786016083e+01 5.564347990646462677e+03
8.062925940222964982e+01 5.582209796666496004e+03
8.064857101417162255e+01 5.591113821732636097e+03
8.065818122393500289e+01 5.595559138360928046e+03
8.066776121189951709e+01 5.600000000000000000e+03
8.069931930883079474e+01 5.614737222997924619e+03
8.073005656442870759e+01 5.629272204888298802e+03
8.077323117841365274e+01 5.650000000000000000e+03
8.078370978077964537e+01 5.655086888358275246e+03
8.078891281807214853e+01 5.657621033707950119e+03
8.079150533607489137e+01 5.658885791585033076e+03
8.079279935302207605e+01 5.659517593057181330e+03
8.079409187833059036e+01 5.660149010020322748e+03
8.079423054984039254e+01 5.660216773446381922e+03
8.079645932694754151e+01 5.661306434670083945e+03
8.079757205323949165e+01 5.661850836085401170e+03
8.079812800146561358e+01 5.662122929592526816e+03
8.079868367332302626e+01 5.662394951670154114e+03
8.080635762583740700e+01 5.666158182732464411e+03
8.083852592553998306e+01 5.682067792569701851e+03
8.085754421824562144e+01 5.691577756961269188e+03
8.086692936525537334e+01 5.696299767616116696e+03
8.087623312015942645e+01 5.701000000000000000e+03
8.090383608401751303e+01 5.716005170388375518e+03
8.093111929270526161e+01 5.730947898682818050e+03
8.093414643050179791e+01 5.732612718651146679e+03
8.093716965107962835e+01 5.734276765325053020e+03
8.094029776028870060e+01 5.736000000000000000e+03
8.097168387525304922e+01 5.753372645957148961e+03
8.098474662769102395e+01 5.760647581597568205e+03
8.099655597807814900e+01 5.767247208179240261e+03
8.100325394951518376e+01 5.771000000000000000e+03
8.101701671912337588e+01 5.778745214811430742e+03
8.101837963257409569e+01 5.779515157886744419e+03
8.102608397092072323e+01 5.783877590861345197e+03
8.104118289332204483e+01 5.792477131407868910e+03
8.105118292740588970e+01 5.798209559798375267e+03
8.107558587857960219e+01 5.812324404815953130e+03
8.109043091143055904e+01 5.821000000000000000e+03
8.111092545316617475e+01 5.833090747999037376e+03
8.111357480321856883e+01 5.834663479482633193e+03
8.111489634970595830e+01 5.835448831251936099e+03
8.111555634273346982e+01 5.835841254024722730e+03
8.111621581634284439e+01 5.836233508201259610e+03
8.111896956429885108e+01 5.837872951980803009e+03
8.112034304434624232e+01 5.838691570176271853e+03
8.112102893805942472e+01 5.839100603783760562e+03
8.112137167360921808e+01 5.839305051769019883e+03
8.112171426839039157e+01 5.839509453895870138e+03
8.112881756650038767e+01 5.843756106197040936e+03
8.113093253068377919e+01 5.845023708057446129e+03
8.115046740859510521e+01 5.856801948922146948e+03
8.117373709689391603e+01 5.871000000000000000e+03
8.119035880890174894e+01 5.881256383119759448e+03
8.120663748048696107e+01 5.891395956763047252e+03
8.123032579893379079e+01 5.906322774931001732e+03
8.125330034878855656e+01 5.921000000000000000e+03
8.126268788344037830e+01 5.927055336232162517e+03
8.127195802360830612e+01 5.933068701681323546e+03
8.129015385213281775e+01 5.944971253664713913e+03
8.130790311168206586e+01 5.956711063565764562e+03
8.131865416367993760e+01 5.963885586377381514e+03
8.132924359972662387e+01 5.971000000000000000e+03
8.134795850560308850e+01 5.984097967492593853e+03
8.136648303031330443e+01 5.997145694263439509e+03
8.137981254653948326e+01 6.006585953588864868e+03
8.139304412750706774e+01 6.016000000000000000e+03
8.140296998160582120e+01 6.023090516904660944e+03
8.142411094647899006e+01 6.038274581129143371e+03
8.143872260567175658e+01 6.048834999067952594e+03
8.145546176684862871e+01 6.061000000000000000e+03
8.147072682002612964e+01 6.072156670230864620e+03
8.148585935149240811e+01 6.083276379584152892e+03
8.149357854566920878e+01 6.088971767949280547e+03
8.150126342334090168e+01 6.094657484409988683e+03
8.151653105463913107e+01 6.106000000000000000e+03
8.152401607837522590e+01 6.111583532987353465e+03
8.153146847562170763e+01 6.117157741448922025e+03
8.154627616003102730e+01 6.128278278070941269e+03
8.155382868095901472e+01 6.133973282880642728e+03
8.156134761642886133e+01 6.139658554866933628e+03
8.156883317021502933e+01 6.145334118958759063e+03
8.157256349258517503e+01 6.148168268311272186e+03
8.157628554523491005e+01 6.151000000000000000e+03
8.159806017817574286e+01 6.168475816192898492e+03
8.161980099360550867e+01 6.186000000000000000e+03
8.164138841808045299e+01 6.203475292094711222e+03
8.166294496338684894e+01 6.221000000000000000e+03
8.168130052260195839e+01 6.235981114146495202e+03
8.169351779829521831e+01 6.245982315499501055e+03
8.170572593003404904e+01 6.256000000000000000e+03
8.171634201402018505e+01 6.264730751490902549e+03
8.172695171804528513e+01 6.273474316488087425e+03
8.173755506116725655e+01 6.282230723220483014e+03
8.174815206240977261e+01 6.291000000000000000e+03
8.176019945885734330e+01 6.300991482874092981e+03
8.177223924540334110e+01 6.311000000000000000e+03
8.178203649411089771e+01 6.319161558655203407e+03
8.178693332858613019e+01 6.323246641096669919e+03
8.179182897225365423e+01 6.327334596315524323e+03
8.179621464212192450e+01 6.331000000000000000e+03
8.180087220339547116e+01 6.334896038686511019e+03
8.180552874222127002e+01 6.338794716459812662e+03
8.181018426008888866e+01 6.342696036002298570e+03
8.181251163661475800e+01 6.344647687276229590e+03
8.181483875845924558e+01 6.346600000000000364e+03
8.181968880278910206e+01 6.351300000000000182e+03
8.182211111657917968e+01 6.353650000000000546e+03
8.182332159726449561e+01 6.354825000000000728e+03
8.182453162747961528e+01 6.356000000000000000e+03
8.183084681222673851e+01 6.363500000000000000e+03
8.183399880126717107e+01 6.367250000000000000e+03
8.183557339785762963e+01 6.369125000000000000e+03
8.183636034703256712e+01 6.370062500000000000e+03
8.183714706359842239e+01 6.371000000000000000e+03
8.183793378016427766e+01 6.370062500000000000e+03
8.183872072933920094e+01 6.369125000000000000e+03
8.184029532592967371e+01 6.367250000000000000e+03
8.184344731497009207e+01 6.363500000000000000e+03
8.184976249971721529e+01 6.356000000000000000e+03
8.185097252993233496e+01 6.354825000000000728e+03
8.185218301061766510e+01 6.353650000000000546e+03
8.185460532440774273e+01 6.351300000000000182e+03
8.185945536873758499e+01 6.346600000000000364e+03
8.186178249058207257e+01 6.344647687276229590e+03
8.186410986710794191e+01 6.342696036002298570e+03
8.186876538497557476e+01 6.338794716459812662e+03
8.187342192380135941e+01 6.334896038686511019e+03
8.187807948507490607e+01 6.331000000000000000e+03
8.188246515494317634e+01 6.327334596315524323e+03
8.188736079861070039e+01 6.323246641096669919e+03
8.189225763308593287e+01 6.319161558655203407e+03
8.190205488179350368e+01 6.311000000000000000e+03
8.191409466833948727e+01 6.300991482874092981e+03
8.192614206478705796e+01 6.291000000000000000e+03
8.193673906602958823e+01 6.282230723220483014e+03
8.194734240915155965e+01 6.273474316488087425e+03
8.195795211317664553e+01 6.264730751490902549e+03
8.196856819716279574e+01 6.256000000000000000e+03
8.198077632890161226e+01 6.245982315499501055e+03
8.199299360459488639e+01 6.235981114146495202e+03
8.201134916380999584e+01 6.221000000000000000e+03
8.203290570911639179e+01 6.203475292094711222e+03
8.205449313359132191e+01 6.186000000000000000e+03
8.207623394902108771e+01 6.168475816192898492e+03
8.209800858196193474e+01 6.151000000000000000e+03
8.210173063461166976e+01 6.148168268311272186e+03
8.210546095698180125e+01 6.145334118958759063e+03
8.211294651076798345e+01 6.139658554866933628e+03
8.212046544623781585e+01 6.133973282880642728e+03
8.212801796716581748e+01 6.128278278070941269e+03
8.214282565157512295e+01 6.117157741448922025e+03
8.215027804882160467e+01 6.111583532987353465e+03
8.215776307255771371e+01 6.106000000000000000e+03
8.217303070385594310e+01 6.094657484409988683e+03
8.218071558152762179e+01 6.088971767949280547e+03
8.218843477570443667e+01 6.083276379584152892e+03
8.220356730717071514e+01 6.072156670230864620e+03
8.221883236034820186e+01 6.061000000000000000e+03
8.223557152152507399e+01 6.048834999067952594e+03
8.225018318071784051e+01 6.038274581129143371e+03
8.227132414559102358e+01 6.023090516904660944e+03
8.228124999968977704e+01 6.016000000000000000e+03
8.229448158065736152e+01 6.006585953588864868e+03
8.230781109688352615e+01 5.997145694263439509e+03
8.232633562159374208e+01 5.984097967492593853e+03
8.234505052747022091e+01 5.971000000000000000e+03
8.235563996351689298e+01 5.963885586377381514e+03
8.236639101551477893e+01 5.956711063565764562e+03
8.238414027506402704e+01 5.944971253664713913e+03
8.240233610358853866e+01 5.933068701681323546e+03
8.241160624375646648e+01 5.927055336232162517e+03
8.242099377840827401e+01 5.921000000000000000e+03
8.244396832826305399e+01 5.906322774931001732e+03
8.246765664670988372e+01 5.891395956763047252e+03
8.248393531829509584e+01 5.881256383119759448e+03
8.250055703030291454e+01 5.871000000000000000e+03
8.252382671860172536e+01 5.856801948922146948e+03
8.254336159651305138e+01 5.845023708057446129e+03
8.254547656069645711e+01 5.843756106197040936e+03
8.255257985880643901e+01 5.839509453895870138e+03
8.255292245358762671e+01 5.839305051769019883e+03
8.255326518913740586e+01 5.839100603783760562e+03
8.255395108285058825e+01 5.838691570176271853e+03
8.255532456289799370e+01 5.837872951980803009e+03
8.255807831085398618e+01 5.836233508201259610e+03
8.255873778446337496e+01 5.835841254024722730e+03
8.255939777749087227e+01 5.835448831251936099e+03
8.256071932397827595e+01 5.834663479482633193e+03
8.256336867403067004e+01 5.833090747999037376e+03
8.258386321576628575e+01 5.821000000000000000e+03
8.259870824861724259e+01 5.812324404815953130e+03
8.262311119979094087e+01 5.798209559798375267e+03
8.263311123387478574e+01 5.792477131407868910e+03
8.264821015627612155e+01 5.783877590861345197e+03
8.265591449462273488e+01 5.779515157886744419e+03
8.265727740807346891e+01 5.778745214811430742e+03
8.267104017768166102e+01 5.771000000000000000e+03
8.267773814911869579e+01 5.767247208179240261e+03
8.268954749950580663e+01 5.760647581597568205e+03
8.270261025194378135e+01 5.753372645957148961e+03
8.273399636690814418e+01 5.736000000000000000e+03
8.273712447611720222e+01 5.734276765325053020e+03
8.274014769669503266e+01 5.732612718651146679e+03
8.274317483449158317e+01 5.730947898682818050e+03
8.277045804317933175e+01 5.716005170388375518e+03
8.279806100703740412e+01 5.701000000000000000e+03
8.280736476194145723e+01 5.696299767616116696e+03
8.281674990895120914e+01 5.691577756961269188e+03
8.283576820165684751e+01 5.682067792569701851e+03
8.286793650135942357e+01 5.666158182732464411e+03
8.287561045387381853e+01 5.662394951670154114e+03
8.287616612573123120e+01 5.662122929592526816e+03
8.287672207395733892e+01 5.661850836085401170e+03
8.287783480024930327e+01 5.661306434670083945e+03
8.288006357735645224e+01 5.660216773446381922e+03
8.288020224886625442e+01 5.660149010020322748e+03
8.288149477417476874e+01 5.659517593057181330e+03
8.288278879112195341e+01 5.658885791585033076e+03
8.288538130912469626e+01 5.657621033707950119e+03
8.289058434641719941e+01 5.655086888358275246e+03
8.290106294878319204e+01 5.650000000000000000e+03
8.294423756276812298e+01 5.629272204888298802e+03
8.297497481836603583e+01 5.614737222997924619e+03
8.300653291529731348e+01 5.600000000000000000e+03
8.301611290326184189e+01 5.595559138360928046e+03
8.302572311302522223e+01 5.591113821732636097e+03
8.304503472496719496e+01 5.582209796666496004e+03
8.308402645933666975e+01 5.564347990646462677e+03
8.311924233503803805e+01 5.548347817202922670e+03
8.313700115609070451e+01 5.540326122140537336e+03
8.315486162490505251e+01 5.532289969591510271e+03
8.319089073148559521e+01 5.516174135411034513e+03
8.320906103318696978e+01 5.508094375114532340e+03
8.322733627059760408e+01 5.500000000000000000e+03
8.326760791763618386e+01 5.482274596889916211e+03
8.328793144471380572e+01 5.473386772410306548e+03
8.330838154471925350e+01 5.464482135951820965e+03
8.334543848903781793e+01 5.448443906490607333e+03
8.336412348552035212e+01 5.440404303246951713e+03
8.338291391798368579e+01 5.432350994423984048e+03
8.342081439976274737e+01 5.416203119612529008e+03
8.343992615466571294e+01 5.408108483110237103e+03
8.345914671721686773e+01 5.400000000000000000e+03
8.350126900847338618e+01 5.382341283162184482e+03
8.354390669790404900e+01 5.364619688891984879e+03
8.362234262564901144e+01 5.332414195103907332e+03
8.362648943897937670e+01 5.330725577178969615e+03
8.370254676621156875e+01 5.300000000000000000e+03
8.378143268623621509e+01 5.268613070347176290e+03
8.386202564019214378e+01 5.237037856906376874e+03
8.395817276074586744e+01 5.200000000000000000e+03
8.400785549171523314e+01 5.181123188790137647e+03
8.405817450101827149e+01 5.162181835061464881e+03
8.410914128953957913e+01 5.143175607226947250e+03
8.416076763084592471e+01 5.124104171424285596e+03
8.416231668820464051e+01 5.123534711241189143e+03
8.416386634254672572e+01 5.122965192817484422e+03
8.416696744346762671e+01 5.121825981212500665e+03
8.417007093620483715e+01 5.120686536537831671e+03
8.417317682335139750e+01 5.119546858721945682e+03
8.417716011178421809e+01 5.118086171107819609e+03
8.418114734134337596e+01 5.116625100430052953e+03
8.418513851751080779e+01 5.115163646537939712e+03
8.418913364577846892e+01 5.113701809280693851e+03
8.419711827648104929e+01 5.110783377244053554e+03
8.420511871233649970e+01 5.107863416640710057e+03
8.421590584764055620e+01 5.103933093874856240e+03
8.422672177027716600e+01 5.100000000000000000e+03
8.422734031089373730e+01 5.099775307355141194e+03
8.423326965245946951e+01 5.097622666933323671e+03
8.424037929482625486e+01 5.095044541692768689e+03
8.424750118164226365e+01 5.092465273752032772e+03
8.426178180694415687e+01 5.087303306729801989e+03
8.427606704525274495e+01 5.082152863521321706e+03
8.429040155025613501e+01 5.076997862837097273e+03
8.430474124181483830e+01 5.071854175867099912e+03
8.431913037449845660e+01 5.066705947393367751e+03
8.432069207678850375e+01 5.066147985041328866e+03
8.432225436237825988e+01 5.065589969318183648e+03
8.432538068467857784e+01 5.064473777727936067e+03
8.432850934386347319e+01 5.063357372561343254e+03
8.433164034239416651e+01 5.062240753757101629e+03
8.433790936730430587e+01 5.060006874990323922e+03
8.434418777921679578e+01 5.057772140936690448e+03
8.435677284294627043e+01 5.053300105003316276e+03
8.436939569313983611e+01 5.048824642022135777e+03
8.439484975488235818e+01 5.039830148983069193e+03
8.442045803719503283e+01 5.030821798014501837e+03
8.446447766564094195e+01 5.015431166328467953e+03
8.448665910714125005e+01 5.007720659996419272e+03
8.450895608141540549e+01 5.000000000000000000e+03
8.455441694628905225e+01 4.984350466656896970e+03
8.460035404654776414e+01 4.968660727985812628e+03
8.469368525943096415e+01 4.937160013312628507e+03
8.474935023185608429e+01 4.918608118927849318e+03
8.480571248260847028e+01 4.900000000000000000e+03
8.492176222775566430e+01 4.862230287249800313e+03
8.504077480515826437e+01 4.824236259859541860e+03
8.505034867685338895e+01 4.821211725570394265e+03
8.505994193969252137e+01 4.818185765245956645e+03
8.507918686095484873e+01 4.812129562455151245e+03
8.511791185578630348e+01 4.800000000000000000e+03
8.512871974953529275e+01 4.796628177874657922e+03
8.513955183709958874e+01 4.793254645241781873e+03
8.518810150679468052e+01 4.778205745655412102e+03
8.521255911482955980e+01 4.770668521131959096e+03
8.523713972754329404e+01 4.763122760832113272e+03
8.529364914497276118e+01 4.745886131456858493e+03
8.535081321409850830e+01 4.728604880064525787e+03
8.543832014507358963e+01 4.702447642573829398e+03
8.544244324956153491e+01 4.701223933096043766e+03
8.544656974305785013e+01 4.700000000000000000e+03
8.554495279580910960e+01 4.671047855811226327e+03
8.564525897399801124e+01 4.641974078156351425e+03
8.571311755293604051e+01 4.622554150333280631e+03
8.579280611322457162e+01 4.600000000000000000e+03
8.585696296813216577e+01 4.582035357707135518e+03
8.586611092478915452e+01 4.579487693472211504e+03
8.587527451669842549e+01 4.576939121644680199e+03
8.589364875862879956e+01 4.571839253271146845e+03
8.593058655026460713e+01 4.561628604046322835e+03
8.600522807213823739e+01 4.541163546563089767e+03
8.601148167170410375e+01 4.539459058171074503e+03
8.601774246262164070e+01 4.537754164709254837e+03
8.608735515940236382e+01 4.518901882588699664e+03
8.615786227285231291e+01 4.500000000000000000e+03
8.616806362618987691e+01 4.497281034716017530e+03
8.617828368504754621e+01 4.494561065026764481e+03
8.626072709203364752e+01 4.472764117764656476e+03
8.634439654540814502e+01 4.450902561122331463e+03
8.651551913787076842e+01 4.406984467210255389e+03
8.654311436218013398e+01 4.400000000000000000e+03
8.659966933702568781e+01 4.385768783619147143e+03
8.665677631474670761e+01 4.371510725873732554e+03
8.680163260523139002e+01 4.335839642122849909e+03
8.695009455417084610e+01 4.300000000000000000e+03
8.715131492578150585e+01 4.252544907707078892e+03
8.724481900230153997e+01 4.230918457524750920e+03
8.731229841999106611e+01 4.215474635658658372e+03
8.738051129319052279e+01 4.200000000000000000e+03
8.751946442256908654e+01 4.168895314184890594e+03
8.766149740206816432e+01 4.137666949604132242e+03
8.766778002846604068e+01 4.136298565928655080e+03
8.775148584059408563e+01 4.118170185945573394e+03
8.783627746246564527e+01 4.100000000000000000e+03
8.800938317436768443e+01 4.063495247384585582e+03
8.818708815119535416e+01 4.026822041401353090e+03
8.821996036679215081e+01 4.020124987488006354e+03
8.825299216261939250e+01 4.013422300691796409e+03
8.831953899437914401e+01 4.000000000000000000e+03
8.834374896517725517e+01 3.995143612901741562e+03
8.836804452601276694e+01 3.990284269093446710e+03
8.845934549244923062e+01 3.972149362520172872e+03
8.855186438968701168e+01 3.953973216789043363e+03
8.856359440039634023e+01 3.951683009119788494e+03
8.857534412102786803e+01 3.949392145892666576e+03
8.859890288418718285e+01 3.944808451638598854e+03
8.865663440450617827e+01 3.933629798901071808e+03
8.871484302866623750e+01 3.922435527900394845e+03
8.877353451153909702e+01 3.911225605882083528e+03
8.883271470123851543e+01 3.900000000000000000e+03
8.895246010028053263e+01 3.877521237213616132e+03
8.907423176176311586e+01 3.854979169015443404e+03
8.932405612042472853e+01 3.809704043666336020e+03
8.935124611269185380e+01 3.804853485772945078e+03
8.937853620600608906e+01 3.800000000000000000e+03
8.946666494573322836e+01 3.784427856473555948e+03
8.955584764189276825e+01 3.768825250797792251e+03
8.973744908276626120e+01 3.737528294758099491e+03
8.996010674790724693e+01 3.700000000000000000e+03
9.015260109701608826e+01 3.668280721280808848e+03
9.027057691276513651e+01 3.649163394452884859e+03
9.039034883451653002e+01 3.630000000000000000e+03
9.048512255765601253e+01 3.614999772910571210e+03
9.053282698920421012e+01 3.607499829684217730e+03
9.058074508694724614e+01 3.600000000000000000e+03
9.073050406084986719e+01 3.576775986262010065e+03
9.080617034363341133e+01 3.565164474887929828e+03
9.088236876135634645e+01 3.553553293824999400e+03
9.106016542580731254e+01 3.526775768576072096e+03
9.124089664387476262e+01 3.500000000000000000e+03
9.129531518730738071e+01 3.492023793463924903e+03
9.137786009491699701e+01 3.480000000000000000e+03
9.146040500252661332e+01 3.492023793463924903e+03
9.151482354595921720e+01 3.500000000000000000e+03
9.169555476402668148e+01 3.526775768576072096e+03
9.187335142847764757e+01 3.553553293824999400e+03
9.194954984620056848e+01 3.565164474887929828e+03
9.202521612898411263e+01 3.576775986262010065e+03
9.217497510288674789e+01 3.600000000000000000e+03
9.222289320062978391e+01 3.607499829684217730e+03
9.227059763217798150e+01 3.614999772910571210e+03
9.236537135531744980e+01 3.630000000000000000e+03
9.248514327706885751e+01 3.649163394452884859e+03
9.260311909281790577e+01 3.668280721280808848e+03
9.279561344192674710e+01 3.700000000000000000e+03
9.301827110706773283e+01 3.737528294758099491e+03
9.319987254794122578e+01 3.768825250797792251e+03
9.328905524410075145e+01 3.784427856473555948e+03
9.337718398382790497e+01 3.800000000000000000e+03
9.340447407714214023e+01 3.804853485772945078e+03
9.343166406940925128e+01 3.809704043666336020e+03
9.368148842807086396e+01 3.854979169015443404e+03
9.380326008955344719e+01 3.877521237213616132e+03
9.392300548859547860e+01 3.900000000000000000e+03
9.398218567829488279e+01 3.911225605882083528e+03
9.404087716116774232e+01 3.922435527900394845e+03
9.409908578532781576e+01 3.933629798901071808e+03
9.415681730564681118e+01 3.944808451638598854e+03
9.418037606880612600e+01 3.949392145892666576e+03
9.419212578943765379e+01 3.951683009119788494e+03
9.420385580014698235e+01 3.953973216789043363e+03
9.429637469738476341e+01 3.972149362520172872e+03
9.438767566382122709e+01 3.990284269093446710e+03
9.441197122465675307e+01 3.995143612901741562e+03
9.443618119545485001e+01 4.000000000000000000e+03
9.450272802721460152e+01 4.013422300691796409e+03
9.453575982304184322e+01 4.020124987488006354e+03
9.456863203863863987e+01 4.026822041401353090e+03
9.474633701546630959e+01 4.063495247384585582e+03
9.491944272736836297e+01 4.100000000000000000e+03
9.500423434923990840e+01 4.118170185945573394e+03
9.508794016136795335e+01 4.136298565928655080e+03
9.509422278776582971e+01 4.137666949604132242e+03
9.523625576726490749e+01 4.168895314184890594e+03
9.537520889664347123e+01 4.200000000000000000e+03
9.544342176984292792e+01 4.215474635658658372e+03
9.551090118753245406e+01 4.230918457524750920e+03
9.560440526405247397e+01 4.252544907707078892e+03
9.580562563566313372e+01 4.300000000000000000e+03
9.595408758460260401e+01 4.335839642122849909e+03
9.609894387508728641e+01 4.371510725873732554e+03
9.615605085280830622e+01 4.385768783619147143e+03
9.621260582765384584e+01 4.400000000000000000e+03
9.624020105196322561e+01 4.406984467210255389e+03
9.641132364442583480e+01 4.450902561122331463e+03
9.649499309780034650e+01 4.472764117764656476e+03
9.657743650478643360e+01 4.494561065026764481e+03
9.658765656364411711e+01 4.497281034716017530e+03
9.659785791698166690e+01 4.500000000000000000e+03
9.666836503043161599e+01 4.518901882588699664e+03
9.673797772721232491e+01 4.537754164709254837e+03
9.674423851812986186e+01 4.539459058171074503e+03
9.675049211769572821e+01 4.541163546563089767e+03
9.682513363956937269e+01 4.561628604046322835e+03
9.686207143120518026e+01 4.571839253271146845e+03
9.688044567313554012e+01 4.576939121644680199e+03
9.688960926504482529e+01 4.579487693472211504e+03
9.689875722170181405e+01 4.582035357707135518e+03
9.696291407660939399e+01 4.600000000000000000e+03
9.704260263689792509e+01 4.622554150333280631e+03
9.711046121583596857e+01 4.641974078156351425e+03
9.721076739402487021e+01 4.671047855811226327e+03
9.730915044677612968e+01 4.700000000000000000e+03
9.731327694027243069e+01 4.701223933096043766e+03
9.731740004476037598e+01 4.702447642573829398e+03
9.740490697573545731e+01 4.728604880064525787e+03
9.746207104486120443e+01 4.745886131456858493e+03
9.751858046229065735e+01 4.763122760832113272e+03
9.754316107500440580e+01 4.770668521131959096e+03
9.756761868303928509e+01 4.778205745655412102e+03
9.761616835273437687e+01 4.793254645241781873e+03
9.762700044029867286e+01 4.796628177874657922e+03
9.763780833404766213e+01 4.800000000000000000e+03
9.767653332887911688e+01 4.812129562455151245e+03
9.769577825014144423e+01 4.818185765245956645e+03
9.770537151298056244e+01 4.821211725570394265e+03
9.771494538467570123e+01 4.824236259859541860e+03
9.783395796207830131e+01 4.862230287249800313e+03
9.795000770722548111e+01 4.900000000000000000e+03
9.800636995797786710e+01 4.918608118927849318e+03
9.806203493040300145e+01 4.937160013312628507e+03
9.815536614328618725e+01 4.968660727985812628e+03
9.820130324354491336e+01 4.984350466656896970e+03
9.824676410841854590e+01 5.000000000000000000e+03
9.826906108269270135e+01 5.007720659996419272e+03
9.829124252419302366e+01 5.015431166328467953e+03
9.833526215263893278e+01 5.030821798014501837e+03
9.836087043495160742e+01 5.039830148983069193e+03
9.838632449669412949e+01 5.048824642022135777e+03
9.839894734688769518e+01 5.053300105003316276e+03
9.841153241061718404e+01 5.057772140936690448e+03
9.841781082252965973e+01 5.060006874990323922e+03
9.842407984743981331e+01 5.062240753757101629e+03
9.842721084597050663e+01 5.063357372561343254e+03
9.843033950515538777e+01 5.064473777727936067e+03
9.843346582745570572e+01 5.065589969318183648e+03
9.843502811304546185e+01 5.066147985041328866e+03
9.843658981533550900e+01 5.066705947393367751e+03
9.845097894801912730e+01 5.071854175867099912e+03
9.846531863957781638e+01 5.076997862837097273e+03
9.847965314458122066e+01 5.082152863521321706e+03
9.849393838288980874e+01 5.087303306729801989e+03
9.850821900819170196e+01 5.092465273752032772e+03
9.851534089500771074e+01 5.095044541692768689e+03
9.852245053737448188e+01 5.097622666933323671e+03
9.852837987894021410e+01 5.099775307355141194e+03
9.852899841955678539e+01 5.100000000000000000e+03
9.853981434219340940e+01 5.103933093874856240e+03
9.855060147749745170e+01 5.107863416640710057e+03
9.855860191335290210e+01 5.110783377244053554e+03
9.856658654405549669e+01 5.113701809280693851e+03
9.857058167232315782e+01 5.115163646537939712e+03
9.857457284849058965e+01 5.116625100430052953e+03
9.857856007804974752e+01 5.118086171107819609e+03
9.858254336648255389e+01 5.119546858721945682e+03
9.858564925362910003e+01 5.120686536537831671e+03
9.858875274636631048e+01 5.121825981212500665e+03
9.859185384728723989e+01 5.122965192817484422e+03
9.859340350162929667e+01 5.123534711241189143e+03
9.859495255898804089e+01 5.124104171424285596e+03
9.864657890029437226e+01 5.143175607226947250e+03
9.869754568881566570e+01 5.162181835061464881e+03
9.874786469811871825e+01 5.181123188790137647e+03
9.879754742908806975e+01 5.200000000000000000e+03
9.889369454964180761e+01 5.237037856906376874e+03
9.897428750359773630e+01 5.268613070347176290e+03
9.905317342362238264e+01 5.300000000000000000e+03
9.912923075085456048e+01 5.330725577178969615e+03
9.913337756418493996e+01 5.332414195103907332e+03
9.921181349192988819e+01 5.364619688891984879e+03
9.925445118136056522e+01 5.382341283162184482e+03
9.929657347261706946e+01 5.400000000000000000e+03
9.931579403516822424e+01 5.408108483110237103e+03
9.933490579007120402e+01 5.416203119612529008e+03
9.937280627185026560e+01 5.432350994423984048e+03
9.939159670431359928e+01 5.440404303246951713e+03
9.941028170079613346e+01 5.448443906490607333e+03
9.944733864511469790e+01 5.464482135951820965e+03
9.946778874512014568e+01 5.473386772410306548e+03
9.948811227219775333e+01 5.482274596889916211e+03
9.952838391923634731e+01 5.500000000000000000e+03
9.954665915664696740e+01 5.508094375114532340e+03
9.956482945834835618e+01 5.516174135411034513e+03
9.960085856492889889e+01 5.532289969591510271e+03
9.961871903374324688e+01 5.540326122140537336e+03
9.963647785479591334e+01 5.548347817202922670e+03
9.967169373049728165e+01 5.564347990646462677e+03
9.971068546486677064e+01 5.582209796666496004e+03
9.972999707680872916e+01 5.591113821732636097e+03
9.973960728657212371e+01 5.595559138360928046e+03
9.974918727453663791e+01 5.600000000000000000e+03
9.978074537146791556e+01 5.614737222997924619e+03
9.981148262706582841e+01 5.629272204888298802e+03
9.985465724105077356e+01 5.650000000000000000e+03
9.986513584341676619e+01 5.655086888358275246e+03
9.987033888070925514e+01 5.657621033707950119e+03
9.987293139871201220e+01 5.658885791585033076e+03
9.987422541565919687e+01 5.659517593057181330e+03
9.987551794096771118e+01 5.660149010020322748e+03
9.987565661247751336e+01 5.660216773446381922e+03
9.987788538958466233e+01 5.661306434670083945e+03
9.987899811587661247e+01 5.661850836085401170e+03
9.987955406410273440e+01 5.662122929592526816e+03
9.988010973596014708e+01 5.662394951670154114e+03
9.988778368847454203e+01 5.666158182732464411e+03
9.991995198817710389e+01 5.682067792569701851e+03
9.993897028088274226e+01 5.691577756961269188e+03
9.994835542789249416e+01 5.696299767616116696e+03
9.995765918279654727e+01 5.701000000000000000e+03
9.998526214665463385e+01 5.716005170388375518e+03
1.000125453553423824e+02 5.730947898682818050e+03
1.000155724931389187e+02 5.732612718651146679e+03
1.000185957137167492e+02 5.734276765325053020e+03
1.000217238229258214e+02 5.736000000000000000e+03
1.000531099378901700e+02 5.753372645957148961e+03
1.000661726903281448e+02 5.760647581597568205e+03
1.000779820407152556e+02 5.767247208179240261e+03
1.000846800121523046e+02 5.771000000000000000e+03
1.000984427817604967e+02 5.778745214811430742e+03
1.000998056952112165e+02 5.779515157886744419e+03
1.001075100335578441e+02 5.783877590861345197e+03
1.001226089559591799e+02 5.792477131407868910e+03
1.001326089900430247e+02 5.798209559798375267e+03
1.001570119412167230e+02 5.812324404815953130e+03
1.001718569740676799e+02 5.821000000000000000e+03
1.001923515158032956e+02 5.833090747999037376e+03
1.001950008658557039e+02 5.834663479482633193e+03
1.001963224123430933e+02 5.835448831251936099e+03
1.001969824053705906e+02 5.835841254024722730e+03
1.001976418789799794e+02 5.836233508201259610e+03
1.002003956269359719e+02 5.837872951980803009e+03
1.002017691069833631e+02 5.838691570176271853e+03
1.002024550006965598e+02 5.839100603783760562e+03
1.002027977362463389e+02 5.839305051769019883e+03
1.002031403310275266e+02 5.839509453895870138e+03
1.002102436291375085e+02 5.843756106197040936e+03
1.002123585933209142e+02 5.845023708057446129e+03
1.002318934712322402e+02 5.856801948922146948e+03
1.002551631595310653e+02 5.871000000000000000e+03
1.002717848715388698e+02 5.881256383119759448e+03
1.002880635431240819e+02 5.891395956763047252e+03
1.003117518615709400e+02 5.906322774931001732e+03
1.003347264114256916e+02 5.921000000000000000e+03
1.003441139460775133e+02 5.927055336232162517e+03
1.003533840862454554e+02 5.933068701681323546e+03
1.003715799147699670e+02 5.944971253664713913e+03
1.003893291743192151e+02 5.956711063565764562e+03
1.004000802263170726e+02 5.963885586377381514e+03
1.004106696623637589e+02 5.971000000000000000e+03
1.004293845682402377e+02 5.984097967492593853e+03
1.004479090929504537e+02 5.997145694263439509e+03
1.004612386091766183e+02 6.006585953588864868e+03
1.004744701901442028e+02 6.016000000000000000e+03
1.004843960442429562e+02 6.023090516904660944e+03
1.005055370091161251e+02 6.038274581129143371e+03
1.005201486683089058e+02 6.048834999067952594e+03
1.005368878294857780e+02 6.061000000000000000e+03
1.005521528826632647e+02 6.072156670230864620e+03
1.005672854141295431e+02 6.083276379584152892e+03
1.005750046083063580e+02 6.088971767949280547e+03
1.005826894859780509e+02 6.094657484409988683e+03
1.005979571172762519e+02 6.106000000000000000e+03
1.006054421410123609e+02 6.111583532987353465e+03
1.006128945382588427e+02 6.117157741448922025e+03
1.006277022226681623e+02 6.128278278070941269e+03
1.006352547435961640e+02 6.133973282880642728e+03
1.006427736790659964e+02 6.139658554866933628e+03
1.006502592328521786e+02 6.145334118958759063e+03
1.006539895552223243e+02 6.148168268311272186e+03
1.006577116078720451e+02 6.151000000000000000e+03
1.006794862408128921e+02 6.168475816192898492e+03
1.007012270562426579e+02 6.186000000000000000e+03
1.007228144807176022e+02 6.203475292094711222e+03
1.007443710260239982e+02 6.221000000000000000e+03
1.007627265852390934e+02 6.235981114146495202e+03
1.007749438609323533e+02 6.245982315499501055e+03
1.007871519926711841e+02 6.256000000000000000e+03
1.007977680766573201e+02 6.264730751490902549e+03
1.008083777806824344e+02 6.273474316488087425e+03
1.008189811238043916e+02 6.282230723220483014e+03
1.008295781250469219e+02 6.291000000000000000e+03
1.008416255214944925e+02 6.300991482874092981e+03
1.008536653080404903e+02 6.311000000000000000e+03
1.008634625567480612e+02 6.319161558655203407e+03
1.008683593912232936e+02 6.323246641096669919e+03
1.008732550348908035e+02 6.327334596315524323e+03
1.008776407047590737e+02 6.331000000000000000e+03
1.008822982660326204e+02 6.334896038686511019e+03
1.008869548048584193e+02 6.338794716459812662e+03
1.008916103227260521e+02 6.342696036002298570e+03
1.008939376992519072e+02 6.344647687276229590e+03
1.008962648210963948e+02 6.346600000000000364e+03
1.009011148654262513e+02 6.351300000000000182e+03
1.009035371792163289e+02 6.353650000000000546e+03
1.009047476599016591e+02 6.354825000000000728e+03
1.009059576901167787e+02 6.356000000000000000e+03
1.009122728748639020e+02 6.363500000000000000e+03
1.009154248639043203e+02 6.367250000000000000e+03
1.009169994604947931e+02 6.369125000000000000e+03
1.009177864096697306e+02 6.370062500000000000e+03
1.009185731262355716e+02 6.371000000000000000e+03
1.009193598428014411e+02 6.370062500000000000e+03
1.009201467919763644e+02 6.369125000000000000e+03
1.009217213885668230e+02 6.367250000000000000e+03
1.009248733776072413e+02 6.363500000000000000e+03
1.009311885623543787e+02 6.356000000000000000e+03
1.009323985925694984e+02 6.354825000000000728e+03
1.009336090732548286e+02 6.353650000000000546e+03
1.009360313870448920e+02 6.351300000000000182e+03
1.009408814313747484e+02 6.346600000000000364e+03
1.009432085532192502e+02 6.344647687276229590e+03
1.009455359297451196e+02 6.342696036002298570e+03
1.009501914476127382e+02 6.338794716459812662e+03
1.009548479864385371e+02 6.334896038686511019e+03
1.009595055477120695e+02 6.331000000000000000e+03
1.009638912175803398e+02 6.327334596315524323e+03
1.009687868612478781e+02 6.323246641096669919e+03
1.009736836957231105e+02 6.319161558655203407e+03
1.009834809444306671e+02 6.311000000000000000e+03
1.009955207309766649e+02 6.300991482874092981e+03
1.010075681274242356e+02 6.291000000000000000e+03
1.010181651286667659e+02 6.282230723220483014e+03
1.010287684717887373e+02 6.273474316488087425e+03
1.010393781758138232e+02 6.264730751490902549e+03
1.010499942597999734e+02 6.256000000000000000e+03
1.010622023915387899e+02 6.245982315499501055e+03
1.010744196672320641e+02 6.235981114146495202e+03
1.010927752264471735e+02 6.221000000000000000e+03
1.011143317717535695e+02 6.203475292094711222e+03
1.011359191962284854e+02 6.186000000000000000e+03
1.011576600116582654e+02 6.168475816192898492e+03
1.011794346445990982e+02 6.151000000000000000e+03
1.011831566972488474e+02 6.148168268311272186e+03
1.011868870196189789e+02 6.145334118958759063e+03
1.011943725734051611e+02 6.139658554866933628e+03
1.012018915088749935e+02 6.133973282880642728e+03
1.012094440298029951e+02 6.128278278070941269e+03
1.012242517142123006e+02 6.117157741448922025e+03
1.012317041114587823e+02 6.111583532987353465e+03
1.012391891351948914e+02 6.106000000000000000e+03
1.012544567664931208e+02 6.094657484409988683e+03
1.012621416441648137e+02 6.088971767949280547e+03
1.012698608383416143e+02 6.083276379584152892e+03
1.012849933698078928e+02 6.072156670230864620e+03
1.013002584229853937e+02 6.061000000000000000e+03
1.013169975841622517e+02 6.048834999067952594e+03
1.013316092433550182e+02 6.038274581129143371e+03
1.013527502082282012e+02 6.023090516904660944e+03
1.013626760623269547e+02 6.016000000000000000e+03
1.013759076432945392e+02 6.006585953588864868e+03
1.013892371595207038e+02 5.997145694263439509e+03
1.014077616842309340e+02 5.984097967492593853e+03
1.014264765901073986e+02 5.971000000000000000e+03
1.014370660261540706e+02 5.963885586377381514e+03
1.014478170781519566e+02 5.956711063565764562e+03
1.014655663377012047e+02 5.944971253664713913e+03
1.014837621662257163e+02 5.933068701681323546e+03
1.014930323063936441e+02 5.927055336232162517e+03
1.015024198410454517e+02 5.921000000000000000e+03
1.015253943909002317e+02 5.906322774931001732e+03
1.015490827093470614e+02 5.891395956763047252e+03
1.015653613809322735e+02 5.881256383119759448e+03
1.015819830929401064e+02 5.871000000000000000e+03
1.016052527812389172e+02 5.856801948922146948e+03
1.016247876591502433e+02 5.845023708057446129e+03
1.016269026233336490e+02 5.843756106197040936e+03
1.016340059214436309e+02 5.839509453895870138e+03
1.016343485162248186e+02 5.839305051769019883e+03
1.016346912517745977e+02 5.839100603783760562e+03
1.016353771454877801e+02 5.838691570176271853e+03
1.016367506255351856e+02 5.837872951980803009e+03
1.016395043734911781e+02 5.836233508201259610e+03
1.016401638471005526e+02 5.835841254024722730e+03
1.016408238401280641e+02 5.835448831251936099e+03
1.016421453866154536e+02 5.834663479482633193e+03
1.016447947366678619e+02 5.833090747999037376e+03
1.016652892784034776e+02 5.821000000000000000e+03
1.016801343112544203e+02 5.812324404815953130e+03
1.017045372624281327e+02 5.798209559798375267e+03
1.017145372965119918e+02 5.792477131407868910e+03
1.017296362189133276e+02 5.783877590861345197e+03
1.017373405572599268e+02 5.779515157886744419e+03
1.017387034707106750e+02 5.778745214811430742e+03
1.017524662403188529e+02 5.771000000000000000e+03
1.017591642117558877e+02 5.767247208179240261e+03
1.017709735621430127e+02 5.760647581597568205e+03
1.017840363145809874e+02 5.753372645957148961e+03
1.018154224295453361e+02 5.736000000000000000e+03
1.018185505387544083e+02 5.734276765325053020e+03
1.018215737593322388e+02 5.732612718651146679e+03
1.018246008971287893e+02 5.730947898682818050e+03
1.018518841058165378e+02 5.716005170388375518e+03
1.018794870696746102e+02 5.701000000000000000e+03
1.018887908245786633e+02 5.696299767616116696e+03
1.018981759715884152e+02 5.691577756961269188e+03
1.019171942642940394e+02 5.682067792569701851e+03
1.019493625639966297e+02 5.666158182732464411e+03
1.019570365165110104e+02 5.662394951670154114e+03
1.019575921883684231e+02 5.662122929592526816e+03
1.019581481365945308e+02 5.661850836085401170e+03
1.019592608628864951e+02 5.661306434670083945e+03
1.019614896399936583e+02 5.660216773446381922e+03
1.019616283115034605e+02 5.660149010020322748e+03
1.019629208368119606e+02 5.659517593057181330e+03
1.019642148537591595e+02 5.658885791585033076e+03
1.019668073717618881e+02 5.657621033707950119e+03
1.019720104090544055e+02 5.655086888358275246e+03
1.019824890114203839e+02 5.650000000000000000e+03
1.020256636254053149e+02 5.629272204888298802e+03
1.020564008810032419e+02 5.614737222997924619e+03
1.020879589779345054e+02 5.600000000000000000e+03
1.020975389658990338e+02 5.595559138360928046e+03
1.021071491756624141e+02 5.591113821732636097e+03
1.021264607876043868e+02 5.582209796666496004e+03
1.021654525219738616e+02 5.564347990646462677e+03
1.022006683976752299e+02 5.548347817202922670e+03
1.022184272187278964e+02 5.540326122140537336e+03
1.022362876875422444e+02 5.532289969591510271e+03
1.022723167941227871e+02 5.516174135411034513e+03
1.022904870958241759e+02 5.508094375114532340e+03
1.023087623332347960e+02 5.500000000000000000e+03
1.023490339802733899e+02 5.482274596889916211e+03
1.023693575073509976e+02 5.473386772410306548e+03
1.023898076073564596e+02 5.464482135951820965e+03
1.024268645516750098e+02 5.448443906490607333e+03
1.024455495481575440e+02 5.440404303246951713e+03
1.024643399806209061e+02 5.432350994423984048e+03
1.025022404623999535e+02 5.416203119612529008e+03
1.025213522173029332e+02 5.408108483110237103e+03
1.025405727798540738e+02 5.400000000000000000e+03
1.025826950711105923e+02 5.382341283162184482e+03
1.026253327605412551e+02 5.364619688891984879e+03
1.027037686882862317e+02 5.332414195103907332e+03
1.027079155016165970e+02 5.330725577178969615e+03
1.027839728288487890e+02 5.300000000000000000e+03
1.028628587488734354e+02 5.268613070347176290e+03
1.029434517028293499e+02 5.237037856906376874e+03
1.030395988233830877e+02 5.200000000000000000e+03
1.030892815543524392e+02 5.181123188790137647e+03
1.031396005636554776e+02 5.162181835061464881e+03
1.031905673521767710e+02 5.143175607226947250e+03
1.032421936934831166e+02 5.124104171424285596e+03
1.032437427508418466e+02 5.123534711241189143e+03
1.032452924051839318e+02 5.122965192817484422e+03
1.032483935061048328e+02 5.121825981212500665e+03
1.032514969988420432e+02 5.120686536537831671e+03
1.032546028859886036e+02 5.119546858721945682e+03
1.032585861744214242e+02 5.118086171107819609e+03
1.032625734039805678e+02 5.116625100430052953e+03
1.032665645801480139e+02 5.115163646537939712e+03
1.032705597084156750e+02 5.113701809280693851e+03
1.032785443391182412e+02 5.110783377244053554e+03
1.032865447749736916e+02 5.107863416640710057e+03
1.032973319102777623e+02 5.103933093874856240e+03
1.033081478329143579e+02 5.100000000000000000e+03
1.033087663735309434e+02 5.099775307355141194e+03
1.033146957150966614e+02 5.097622666933323671e+03
1.033218053574634610e+02 5.095044541692768689e+03
1.033289272442794413e+02 5.092465273752032772e+03
1.033432078695813630e+02 5.087303306729801989e+03
1.033574931078899510e+02 5.082152863521321706e+03
1.033718276128933269e+02 5.076997862837097273e+03
1.033861673044520444e+02 5.071854175867099912e+03
1.034005564371356627e+02 5.066705947393367751e+03
1.034021181394256814e+02 5.066147985041328866e+03
1.034036804250154518e+02 5.065589969318183648e+03
1.034068067473157555e+02 5.064473777727936067e+03
1.034099354065006651e+02 5.063357372561343254e+03
1.034130664050313442e+02 5.062240753757101629e+03
1.034193354299414978e+02 5.060006874990323922e+03
1.034256138418539877e+02 5.057772140936690448e+03
1.034381989055834481e+02 5.053300105003316276e+03
1.034508217557770138e+02 5.048824642022135777e+03
1.034762758175195501e+02 5.039830148983069193e+03
1.035018840998322247e+02 5.030821798014501837e+03
1.035459037282781480e+02 5.015431166328467953e+03
1.035680851697784419e+02 5.007720659996419272e+03
1.035903821440525974e+02 5.000000000000000000e+03
1.036358430089262583e+02 4.984350466656896970e+03
1.036817801091849560e+02 4.968660727985812628e+03
1.037751113220681560e+02 4.937160013312628507e+03
1.038307762944932904e+02 4.918608118927849318e+03
1.038871385452456764e+02 4.900000000000000000e+03
1.040031882903928562e+02 4.862230287249800313e+03
1.041222008677954562e+02 4.824236259859541860e+03
1.041317747394905950e+02 4.821211725570394265e+03
1.041413680023297132e+02 4.818185765245956645e+03
1.041606129235920548e+02 4.812129562455151245e+03
1.041993379184235096e+02 4.800000000000000000e+03
1.042101458121724988e+02 4.796628177874657922e+03
1.042209778997367664e+02 4.793254645241781873e+03
1.042695275694318582e+02 4.778205745655412102e+03
1.042939851774667375e+02 4.770668521131959096e+03
1.043185657901804859e+02 4.763122760832113272e+03
1.043750752076099531e+02 4.745886131456858493e+03
1.044322392767356860e+02 4.728604880064525787e+03
1.045197462077107815e+02 4.702447642573829398e+03
1.045238693121987126e+02 4.701223933096043766e+03
1.045279958056950420e+02 4.700000000000000000e+03
1.046263788584462873e+02 4.671047855811226327e+03
1.047266850366351889e+02 4.641974078156351425e+03
1.047945436155732324e+02 4.622554150333280631e+03
1.048742321758617493e+02 4.600000000000000000e+03
1.049383890307693434e+02 4.582035357707135518e+03
1.049475369874263322e+02 4.579487693472211504e+03
1.049567005793356032e+02 4.576939121644680199e+03
1.049750748212659772e+02 4.571839253271146845e+03
1.050120126129017990e+02 4.561628604046322835e+03
1.050866541347754293e+02 4.541163546563089767e+03
1.050929077343412956e+02 4.539459058171074503e+03
1.050991685252588184e+02 4.537754164709254837e+03
1.051687812220395415e+02 4.518901882588699664e+03
1.052392883354894764e+02 4.500000000000000000e+03
1.052494896888270404e+02 4.497281034716017530e+03
1.052597097476847239e+02 4.494561065026764481e+03
1.053421531546708110e+02 4.472764117764656476e+03
1.054258226080453085e+02 4.450902561122331463e+03
1.055969452005079461e+02 4.406984467210255389e+03
1.056245404248172974e+02 4.400000000000000000e+03
1.056810953996628513e+02 4.385768783619147143e+03
1.057382023773838853e+02 4.371510725873732554e+03
1.058830586678685677e+02 4.335839642122849909e+03
1.060315206168080238e+02 4.300000000000000000e+03
1.062327409884186693e+02 4.252544907707078892e+03
1.063262450649387176e+02 4.230918457524750920e+03
1.063937244826282296e+02 4.215474635658658372e+03
1.064619373558276862e+02 4.200000000000000000e+03
1.066008904852062500e+02 4.168895314184890594e+03
1.067429234647053420e+02 4.137666949604132242e+03
1.067492060911032041e+02 4.136298565928655080e+03
1.068329119032312633e+02 4.118170185945573394e+03
1.069177035251028087e+02 4.100000000000000000e+03
1.070908092370048479e+02 4.063495247384585582e+03
1.072685142138325176e+02 4.026822041401353090e+03
1.073013864294293001e+02 4.020124987488006354e+03
1.073344182252565560e+02 4.013422300691796409e+03
1.074009650570162933e+02 4.000000000000000000e+03
1.074251750278144186e+02 3.995143612901741562e+03
1.074494705886499162e+02 3.990284269093446710e+03
1.075407715550863941e+02 3.972149362520172872e+03
1.076332904523241893e+02 3.953973216789043363e+03
1.076450204630335037e+02 3.951683009119788494e+03
1.076567701836650315e+02 3.949392145892666576e+03
1.076803289468243463e+02 3.944808451638598854e+03
1.077380604671433417e+02 3.933629798901071808e+03
1.077962690913034010e+02 3.922435527900394845e+03
1.078549605741762605e+02 3.911225605882083528e+03
1.079141407638756789e+02 3.900000000000000000e+03
1.080338861629176961e+02 3.877521237213616132e+03
1.081556578244002935e+02 3.854979169015443404e+03
1.084054821830619062e+02 3.809704043666336020e+03
1.084326721753290315e+02 3.804853485772945078e+03
1.084599622686432667e+02 3.800000000000000000e+03
1.085480910083703918e+02 3.784427856473555948e+03
1.086372737045299317e+02 3.768825250797792251e+03
1.088188751454034389e+02 3.737528294758099491e+03
1.090415328105444246e+02 3.700000000000000000e+03
1.092340271596532517e+02 3.668280721280808848e+03
1.093520029754023000e+02 3.649163394452884859e+03
1.094717748971536935e+02 3.630000000000000000e+03
1.095665486202931902e+02 3.614999772910571210e+03
1.096142530518413736e+02 3.607499829684217730e+03
1.096621711495844096e+02 3.600000000000000000e+03
1.098119301234870306e+02 3.576775986262010065e+03
1.098875964062705748e+02 3.565164474887929828e+03
1.099637948239935099e+02 3.553553293824999400e+03
1.101415914884444760e+02 3.526775768576072096e+03
1.103223227065119261e+02 3.500000000000000000e+03
1.103767412499445584e+02 3.492023793463924903e+03
1.104592861575541605e+02 3.480000000000000000e+03
1.105418310651637768e+02 3.492023793463924903e+03
1.105962496085963949e+02 3.500000000000000000e+03
1.107769808266638449e+02 3.526775768576072096e+03
1.109547774911148110e+02 3.553553293824999400e+03
1.110309759088377461e+02 3.565164474887929828e+03
1.111066421916212903e+02 3.576775986262010065e+03
1.112564011655239113e+02 3.600000000000000000e+03
1.113043192632669616e+02 3.607499829684217730e+03
1.113520236948151449e+02 3.614999772910571210e+03
1.114467974179546275e+02 3.630000000000000000e+03
1.115665693397060352e+02 3.649163394452884859e+03
1.116845451554550834e+02 3.668280721280808848e+03
1.118770395045639106e+02 3.700000000000000000e+03
1.120996971697048963e+02 3.737528294758099491e+03
1.122812986105784034e+02 3.768825250797792251e+03
1.123704813067379291e+02 3.784427856473555948e+03
1.124586100464650684e+02 3.800000000000000000e+03
1.124859001397792895e+02 3.804853485772945078e+03
1.125130901320464147e+02 3.809704043666336020e+03
1.127629144907080274e+02 3.854979169015443404e+03
1.128846861521906249e+02 3.877521237213616132e+03
1.130044315512326421e+02 3.900000000000000000e+03
1.130636117409320605e+02 3.911225605882083528e+03
1.131223032238049200e+02 3.922435527900394845e+03
1.131805118479649934e+02 3.933629798901071808e+03
1.132382433682839746e+02 3.944808451638598854e+03
1.132618021314432895e+02 3.949392145892666576e+03
1.132735518520748172e+02 3.951683009119788494e+03
1.132852818627841458e+02 3.953973216789043363e+03
1.133778007600219269e+02 3.972149362520172872e+03
1.134691017264584048e+02 3.990284269093446710e+03
1.134933972872939165e+02 3.995143612901741562e+03
1.135176072580920277e+02 4.000000000000000000e+03
1.135841540898517792e+02 4.013422300691796409e+03
1.136171858856790209e+02 4.020124987488006354e+03
1.136500581012758175e+02 4.026822041401353090e+03
1.138277630781034730e+02 4.063495247384585582e+03
1.140008687900055264e+02 4.100000000000000000e+03
1.140856604118770719e+02 4.118170185945573394e+03
1.141693662240051168e+02 4.136298565928655080e+03
1.141756488504029932e+02 4.137666949604132242e+03
1.143176818299020709e+02 4.168895314184890594e+03
1.144566349592806489e+02 4.200000000000000000e+03
1.145248478324801056e+02 4.215474635658658372e+03
1.145923272501696175e+02 4.230918457524750920e+03
1.146858313266896516e+02 4.252544907707078892e+03
1.148870516983002972e+02 4.300000000000000000e+03
1.150355136472397675e+02 4.335839642122849909e+03
1.151803699377244499e+02 4.371510725873732554e+03
1.152374769154454697e+02 4.385768783619147143e+03
1.152940318902910235e+02 4.400000000000000000e+03
1.153216271146003891e+02 4.406984467210255389e+03
1.154927497070630125e+02 4.450902561122331463e+03
1.155764191604375100e+02 4.472764117764656476e+03
1.156588625674235971e+02 4.494561065026764481e+03
1.156690826262812948e+02 4.497281034716017530e+03
1.156792839796188446e+02 4.500000000000000000e+03
1.157497910930687794e+02 4.518901882588699664e+03
1.158194037898495026e+02 4.537754164709254837e+03
1.158256645807670395e+02 4.539459058171074503e+03
1.158319181803329059e+02 4.541163546563089767e+03
1.159065597022065361e+02 4.561628604046322835e+03
1.159434974938423437e+02 4.571839253271146845e+03
1.159618717357727178e+02 4.576939121644680199e+03
1.159710353276819887e+02 4.579487693472211504e+03
1.159801832843389775e+02 4.582035357707135518e+03
1.160443401392465717e+02 4.600000000000000000e+03
1.161240286995351028e+02 4.622554150333280631e+03
1.161918872784731320e+02 4.641974078156351425e+03
1.162921934566620337e+02 4.671047855811226327e+03
1.163905765094132931e+02 4.700000000000000000e+03
1.163947030029096084e+02 4.701223933096043766e+03
1.163988261073975394e+02 4.702447642573829398e+03
1.164863330383726350e+02 4.728604880064525787e+03
1.165434971074983679e+02 4.745886131456858493e+03
1.166000065249278350e+02 4.763122760832113272e+03
1.166245871376415835e+02 4.770668521131959096e+03
1.166490447456764628e+02 4.778205745655412102e+03
1.166975944153715545e+02 4.793254645241781873e+03
1.167084265029358221e+02 4.796628177874657922e+03
1.167192343966848256e+02 4.800000000000000000e+03
1.167579593915162803e+02 4.812129562455151245e+03
1.167772043127786077e+02 4.818185765245956645e+03
1.167867975756177259e+02 4.821211725570394265e+03
1.167963714473128647e+02 4.824236259859541860e+03
1.169153840247154648e+02 4.862230287249800313e+03
1.170314337698626446e+02 4.900000000000000000e+03
1.170877960206150306e+02 4.918608118927849318e+03
1.171434609930401649e+02 4.937160013312628507e+03
1.172367922059233649e+02 4.968660727985812628e+03
1.172827293061820768e+02 4.984350466656896970e+03
1.173281901710557236e+02 5.000000000000000000e+03
1.173504871453298790e+02 5.007720659996419272e+03
1.173726685868301729e+02 5.015431166328467953e+03
1.174166882152760820e+02 5.030821798014501837e+03
1.174422964975887567e+02 5.039830148983069193e+03
1.174677505593312787e+02 5.048824642022135777e+03
1.174803734095248444e+02 5.053300105003316276e+03
1.174929584732543333e+02 5.057772140936690448e+03
1.174992368851668090e+02 5.060006874990323922e+03
1.175055059100769483e+02 5.062240753757101629e+03
1.175086369086076417e+02 5.063357372561343254e+03
1.175117655677925370e+02 5.064473777727936067e+03
1.175148918900928550e+02 5.065589969318183648e+03
1.175164541756826111e+02 5.066147985041328866e+03
1.175180158779726582e+02 5.066705947393367751e+03
1.175324050106562765e+02 5.071854175867099912e+03
1.175467447022149798e+02 5.076997862837097273e+03
1.175610792072183699e+02 5.082152863521321706e+03
1.175753644455269580e+02 5.087303306729801989e+03
1.175896450708288512e+02 5.092465273752032772e+03
1.175967669576448600e+02 5.095044541692768689e+03
1.176038766000116311e+02 5.097622666933323671e+03
1.176098059415773776e+02 5.099775307355141194e+03
1.176104244821939488e+02 5.100000000000000000e+03
1.176212404048305586e+02 5.103933093874856240e+03
1.176320275401346009e+02 5.107863416640710057e+03
1.176400279759900513e+02 5.110783377244053554e+03
1.176480126066926459e+02 5.113701809280693851e+03
1.176520077349603071e+02 5.115163646537939712e+03
1.176559989111277389e+02 5.116625100430052953e+03
1.176599861406868968e+02 5.118086171107819609e+03
1.176639694291197031e+02 5.119546858721945682e+03
1.176670753162662635e+02 5.120686536537831671e+03
1.176701788090034739e+02 5.121825981212500665e+03
1.176732799099243891e+02 5.122965192817484422e+03
1.176748295642664743e+02 5.123534711241189143e+03
1.176763786216251901e+02 5.124104171424285596e+03
1.177280049629315357e+02 5.143175607226947250e+03
1.177789717514528292e+02 5.162181835061464881e+03
1.178292907607558675e+02 5.181123188790137647e+03
1.178789734917252190e+02 5.200000000000000000e+03
1.179751206122789711e+02 5.237037856906376874e+03
1.180557135662348855e+02 5.268613070347176290e+03
1.181345994862595319e+02 5.300000000000000000e+03
1.182106568134917239e+02 5.330725577178969615e+03
1.182148036268220892e+02 5.332414195103907332e+03
1.182932395545670374e+02 5.364619688891984879e+03
1.183358772439977145e+02 5.382341283162184482e+03
1.183779995352542187e+02 5.400000000000000000e+03
1.183972200978053735e+02 5.408108483110237103e+03
1.184163318527083391e+02 5.416203119612529008e+03
1.184542323344873864e+02 5.432350994423984048e+03
1.184730227669507201e+02 5.440404303246951713e+03
1.184917077634332685e+02 5.448443906490607333e+03
1.185287647077518329e+02 5.464482135951820965e+03
1.185492148077572949e+02 5.473386772410306548e+03
1.185695383348349026e+02 5.482274596889916211e+03
1.186098099818734681e+02 5.500000000000000000e+03
1.186280852192840882e+02 5.508094375114532340e+03
1.186462555209854770e+02 5.516174135411034513e+03
1.186822846275660197e+02 5.532289969591510271e+03
1.187001450963803677e+02 5.540326122140537336e+03
1.187179039174330342e+02 5.548347817202922670e+03
1.187531197931344025e+02 5.564347990646462677e+03
1.187921115275038915e+02 5.582209796666496004e+03
1.188114231394458500e+02 5.591113821732636097e+03
1.188210333492092445e+02 5.595559138360928046e+03
1.188306133371737587e+02 5.600000000000000000e+03
1.188621714341050222e+02 5.614737222997924619e+03
1.188929086897029492e+02 5.629272204888298802e+03
1.189360833036878944e+02 5.650000000000000000e+03
1.189465619060538728e+02 5.655086888358275246e+03
1.189517649433463902e+02 5.657621033707950119e+03
1.189543574613491330e+02 5.658885791585033076e+03
1.189556514782963035e+02 5.659517593057181330e+03
1.189569440036048178e+02 5.660149010020322748e+03
1.189570826751146200e+02 5.660216773446381922e+03
1.189593114522217832e+02 5.661306434670083945e+03
1.189604241785137333e+02 5.661850836085401170e+03
1.189609801267398552e+02 5.662122929592526816e+03
1.189615357985972679e+02 5.662394951670154114e+03
1.189692097511116486e+02 5.666158182732464411e+03
1.190013780508142247e+02 5.682067792569701851e+03
1.190203963435198631e+02 5.691577756961269188e+03
1.190297814905296150e+02 5.696299767616116696e+03
1.190390852454336539e+02 5.701000000000000000e+03
1.190666882092917263e+02 5.716005170388375518e+03
1.190939714179794748e+02 5.730947898682818050e+03
1.190969985557760253e+02 5.732612718651146679e+03
1.191000217763538558e+02 5.734276765325053020e+03
1.191031498855629280e+02 5.736000000000000000e+03
1.191345360005272767e+02 5.753372645957148961e+03
1.191475987529652514e+02 5.760647581597568205e+03
1.191594081033523764e+02 5.767247208179240261e+03
1.191661060747894112e+02 5.771000000000000000e+03
1.191798688443976175e+02 5.778745214811430742e+03
1.191812317578483373e+02 5.779515157886744419e+03
1.191889360961949365e+02 5.783877590861345197e+03
1.192040350185962723e+02 5.792477131407868910e+03
1.192140350526801171e+02 5.798209559798375267e+03
1.192384380038538154e+02 5.812324404815953130e+03
1.192532830367047723e+02 5.821000000000000000e+03
1.192737775784403880e+02 5.833090747999037376e+03
1.192764269284928105e+02 5.834663479482633193e+03
1.192777484749801999e+02 5.835448831251936099e+03
1.192784084680076973e+02 5.835841254024722730e+03
1.192790679416170860e+02 5.836233508201259610e+03
1.192818216895730643e+02 5.837872951980803009e+03
1.192831951696204698e+02 5.838691570176271853e+03
1.192838810633336522e+02 5.839100603783760562e+03
1.192842237988834313e+02 5.839305051769019883e+03
1.192845663936646190e+02 5.839509453895870138e+03
1.192916696917746009e+02 5.843756106197040936e+03
1.192937846559579924e+02 5.845023708057446129e+03
1.193133195338693184e+02 5.856801948922146948e+03
1.193365892221681293e+02 5.871000000000000000e+03
1.193532109341759480e+02 5.881256383119759448e+03
1.193694896057611459e+02 5.891395956763047252e+03
1.193931779242080040e+02 5.906322774931001732e+03
1.194161524740627556e+02 5.921000000000000000e+03
1.194255400087145915e+02 5.927055336232162517e+03
1.194348101488825193e+02 5.933068701681323546e+03
1.194530059774070310e+02 5.944971253664713913e+03
1.194707552369562791e+02 5.956711063565764562e+03
1.194815062889541366e+02 5.963885586377381514e+03
1.194920957250008371e+02 5.971000000000000000e+03
1.195108106308773017e+02 5.984097967492593853e+03
1.195293351555875176e+02 5.997145694263439509e+03
1.195426646718136965e+02 6.006585953588864868e+03
1.195558962527812810e+02 6.016000000000000000e+03
1.195658221068800344e+02 6.023090516904660944e+03
1.195869630717531891e+02 6.038274581129143371e+03
1.196015747309459698e+02 6.048834999067952594e+03
1.196183138921228277e+02 6.061000000000000000e+03
1.196335789453003144e+02 6.072156670230864620e+03
1.196487114767666071e+02 6.083276379584152892e+03
1.196564306709434220e+02 6.088971767949280547e+03
1.196641155486151007e+02 6.094657484409988683e+03
1.196793831799133159e+02 6.106000000000000000e+03
1.196868682036494249e+02 6.111583532987353465e+03
1.196943206008959066e+02 6.117157741448922025e+03
1.197091282853052121e+02 6.128278278070941269e+03
1.197166808062332279e+02 6.133973282880642728e+03
1.197241997417030603e+02 6.139658554866933628e+03
1.197316852954892283e+02 6.145334118958759063e+03
1.197354156178593740e+02 6.148168268311272186e+03
1.197391376705091091e+02 6.151000000000000000e+03
1.197609123034499419e+02 6.168475816192898492e+03
1.197826531188797219e+02 6.186000000000000000e+03
1.198042405433546662e+02 6.203475292094711222e+03
1.198257970886610337e+02 6.221000000000000000e+03
1.198441526478761432e+02 6.235981114146495202e+03
1.198563699235694173e+02 6.245982315499501055e+03
1.198685780553082338e+02 6.256000000000000000e+03
1.198791941392943841e+02 6.264730751490902549e+03
1.198898038433194699e+02 6.273474316488087425e+03
1.199004071864414414e+02 6.282230723220483014e+03
1.199110041876839574e+02 6.291000000000000000e+03
1.199230515841315281e+02 6.300991482874092981e+03
1.199350913706775259e+02 6.311000000000000000e+03
1.199448886193850683e+02 6.319161558655203407e+03
1.199497854538603008e+02 6.323246641096669919e+03
1.199546810975278390e+02 6.327334596315524323e+03
1.199590667673961093e+02 6.331000000000000000e+03
1.199637243286696560e+02 6.334896038686511019e+03
1.199683808674954548e+02 6.338794716459812662e+03
1.199730363853630735e+02 6.342696036002298570e+03
1.199753637618889428e+02 6.344647687276229590e+03
1.199776908837334304e+02 6.346600000000000364e+03
1.199825409280632869e+02 6.351300000000000182e+03
1.199849632418533645e+02 6.353650000000000546e+03
1.199861737225386946e+02 6.354825000000000728e+03
1.199873837527538143e+02 6.356000000000000000e+03
1.199936989375009375e+02 6.363500000000000000e+03
1.199968509265413559e+02 6.367250000000000000e+03
1.199984255231318286e+02 6.369125000000000000e+03
1.199992124723067661e+02 6.370062500000000000e+03
1.199999991888726072e+02 6.371000000000000000e+03
