6.000000000000000000e+01 5.771000000000000000e+03
6.001376276960819212e+01 5.778745214811430742e+03
6.001512568305891904e+01 5.779515157886744419e+03
6.002283002140553236e+01 5.783877590861345197e+03
6.003792894380686818e+01 5.792477131407868910e+03
6.004792897789071304e+01 5.798209559798375267e+03
6.007233192906441843e+01 5.812324404815953130e+03
6.008717696191537527e+01 5.821000000000000000e+03
6.010767150365098388e+01 5.833090747999037376e+03
6.011032085370339217e+01 5.834663479482633193e+03
6.011164240019078164e+01 5.835448831251936099e+03
6.011230239321829316e+01 5.835841254024722730e+03
6.011296186682767484e+01 5.836233508201259610e+03
6.011571561478366732e+01 5.837872951980803009e+03
6.011708909483107277e+01 5.838691570176271853e+03
6.011777498854425517e+01 5.839100603783760562e+03
6.011811772409403432e+01 5.839305051769019883e+03
6.011846031887521491e+01 5.839509453895870138e+03
6.012556361698520391e+01 5.843756106197040936e+03
6.012767858116860253e+01 5.845023708057446129e+03
6.014721345907992855e+01 5.856801948922146948e+03
6.017048314737873937e+01 5.871000000000000000e+03
6.018710485938656518e+01 5.881256383119759448e+03
6.020338353097177020e+01 5.891395956763047252e+03
6.022707184941861414e+01 5.906322774931001732e+03
6.025004639927337990e+01 5.921000000000000000e+03
6.025943393392519454e+01 5.927055336232162517e+03
6.026870407409312946e+01 5.933068701681323546e+03
6.028689990261764109e+01 5.944971253664713913e+03
6.030464916216688209e+01 5.956711063565764562e+03
6.031540021416476094e+01 5.963885586377381514e+03
6.032598965021144721e+01 5.971000000000000000e+03
6.034470455608791895e+01 5.984097967492593853e+03
6.036322908079813487e+01 5.997145694263439509e+03
6.037655859702429950e+01 6.006585953588864868e+03
6.038979017799189108e+01 6.016000000000000000e+03
6.039971603209063744e+01 6.023090516904660944e+03
6.042085699696381340e+01 6.038274581129143371e+03
6.043546865615658703e+01 6.048834999067952594e+03
6.045220781733345916e+01 6.061000000000000000e+03
6.046747287051094588e+01 6.072156670230864620e+03
6.048260540197722435e+01 6.083276379584152892e+03
6.049032459615403923e+01 6.088971767949280547e+03
6.049800947382572502e+01 6.094657484409988683e+03
6.051327710512394731e+01 6.106000000000000000e+03
6.052076212886004924e+01 6.111583532987353465e+03
6.052821452610653097e+01 6.117157741448922025e+03
6.054302221051584354e+01 6.128278278070941269e+03
6.055057473144384517e+01 6.133973282880642728e+03
6.055809366691367757e+01 6.139658554866933628e+03
6.056557922069985977e+01 6.145334118958759063e+03
6.056930954306999837e+01 6.148168268311272186e+03
6.057303159571973339e+01 6.151000000000000000e+03
6.059480622866057331e+01 6.168475816192898492e+03
6.061654704409034622e+01 6.186000000000000000e+03
6.063813446856527634e+01 6.203475292094711222e+03
6.065969101387167228e+01 6.221000000000000000e+03
6.067804657308677463e+01 6.235981114146495202e+03
6.069026384878004166e+01 6.245982315499501055e+03
6.070247198051886528e+01 6.256000000000000000e+03
6.071308806450500839e+01 6.264730751490902549e+03
6.072369776853010848e+01 6.273474316488087425e+03
6.073430111165207279e+01 6.282230723220483014e+03
6.074489811289459595e+01 6.291000000000000000e+03
6.075694550934217375e+01 6.300991482874092981e+03
6.076898529588816444e+01 6.311000000000000000e+03
6.077878254459572105e+01 6.319161558655203407e+03
6.078367937907095353e+01 6.323246641096669919e+03
6.078857502273848468e+01 6.327334596315524323e+03
6.079296069260675495e+01 6.331000000000000000e+03
6.079761825388030161e+01 6.334896038686511019e+03
6.080227479270609336e+01 6.338794716459812662e+03
6.080693031057371911e+01 6.342696036002298570e+03
6.080925768709958135e+01 6.344647687276229590e+03
6.081158480894407603e+01 6.346600000000000364e+03
6.081643485327393250e+01 6.351300000000000182e+03
6.081885716706400302e+01 6.353650000000000546e+03
6.082006764774932606e+01 6.354825000000000728e+03
6.082127767796445283e+01 6.356000000000000000e+03
6.082759286271157606e+01 6.363500000000000000e+03
6.083074485175199442e+01 6.367250000000000000e+03
6.083231944834246008e+01 6.369125000000000000e+03
6.083310639751739046e+01 6.370062500000000000e+03
6.083389311408325284e+01 6.371000000000000000e+03
6.083467983064910811e+01 6.370062500000000000e+03
6.083546677982403850e+01 6.369125000000000000e+03
6.083704137641450416e+01 6.367250000000000000e+03
6.084019336545492962e+01 6.363500000000000000e+03
6.084650855020205285e+01 6.356000000000000000e+03
6.084771858041717252e+01 6.354825000000000728e+03
6.084892906110250266e+01 6.353650000000000546e+03
6.085135137489257318e+01 6.351300000000000182e+03
6.085620141922242965e+01 6.346600000000000364e+03
6.085852854106691723e+01 6.344647687276229590e+03
6.086085591759278657e+01 6.342696036002298570e+03
6.086551143546041232e+01 6.338794716459812662e+03
6.087016797428620407e+01 6.334896038686511019e+03
6.087482553555974363e+01 6.331000000000000000e+03
6.087921120542802100e+01 6.327334596315524323e+03
6.088410684909554504e+01 6.323246641096669919e+03
6.088900368357077753e+01 6.319161558655203407e+03
6.089880093227834124e+01 6.311000000000000000e+03
6.091084071882433193e+01 6.300991482874092981e+03
6.092288811527190262e+01 6.291000000000000000e+03
6.093348511651443289e+01 6.282230723220483014e+03
6.094408845963639720e+01 6.273474316488087425e+03
6.095469816366149729e+01 6.264730751490902549e+03
6.096531424764764040e+01 6.256000000000000000e+03
6.097752237938646402e+01 6.245982315499501055e+03
6.098973965507972395e+01 6.235981114146495202e+03
6.100809521429483340e+01 6.221000000000000000e+03
6.102965175960122224e+01 6.203475292094711222e+03
6.105123918407615946e+01 6.186000000000000000e+03
6.107297999950593237e+01 6.168475816192898492e+03
6.109475463244677229e+01 6.151000000000000000e+03
6.109847668509650731e+01 6.148168268311272186e+03
6.110220700746664590e+01 6.145334118958759063e+03
6.110969256125282811e+01 6.139658554866933628e+03
6.111721149672266051e+01 6.133973282880642728e+03
6.112476401765066214e+01 6.128278278070941269e+03
6.113957170205997471e+01 6.117157741448922025e+03
6.114702409930645643e+01 6.111583532987353465e+03
6.115450912304255837e+01 6.106000000000000000e+03
6.116977675434077355e+01 6.094657484409988683e+03
6.117746163201246645e+01 6.088971767949280547e+03
6.118518082618927423e+01 6.083276379584152892e+03
6.120031335765555269e+01 6.072156670230864620e+03
6.121557841083304652e+01 6.061000000000000000e+03
6.123231757200991865e+01 6.048834999067952594e+03
6.124692923120269228e+01 6.038274581129143371e+03
6.126807019607586824e+01 6.023090516904660944e+03
6.127799605017461460e+01 6.016000000000000000e+03
6.129122763114220618e+01 6.006585953588864868e+03
6.130455714736837081e+01 5.997145694263439509e+03
6.132308167207858673e+01 5.984097967492593853e+03
6.134179657795505847e+01 5.971000000000000000e+03
6.135238601400174474e+01 5.963885586377381514e+03
6.136313706599961648e+01 5.956711063565764562e+03
6.138088632554886459e+01 5.944971253664713913e+03
6.139908215407337622e+01 5.933068701681323546e+03
6.140835229424130404e+01 5.927055336232162517e+03
6.141773982889312578e+01 5.921000000000000000e+03
6.144071437874789154e+01 5.906322774931001732e+03
6.146440269719472838e+01 5.891395956763047252e+03
6.148068136877994050e+01 5.881256383119759448e+03
6.149730308078776631e+01 5.871000000000000000e+03
6.152057276908657713e+01 5.856801948922146948e+03
6.154010764699789604e+01 5.845023708057446129e+03
6.154222261118130177e+01 5.843756106197040936e+03
6.154932590929129077e+01 5.839509453895870138e+03
6.154966850407247136e+01 5.839305051769019883e+03
6.155001123962225051e+01 5.839100603783760562e+03
6.155069713333543291e+01 5.838691570176271853e+03
6.155207061338283836e+01 5.837872951980803009e+03
6.155482436133883084e+01 5.836233508201259610e+03
6.155548383494821252e+01 5.835841254024722730e+03
6.155614382797571693e+01 5.835448831251936099e+03
6.155746537446311351e+01 5.834663479482633193e+03
6.156011472451551469e+01 5.833090747999037376e+03
6.158060926625113041e+01 5.821000000000000000e+03
6.159545429910208725e+01 5.812324404815953130e+03
6.161985725027579264e+01 5.798209559798375267e+03
6.162985728435963750e+01 5.792477131407868910e+03
6.164495620676097332e+01 5.783877590861345197e+03
6.165266054510757954e+01 5.779515157886744419e+03
6.165402345855831356e+01 5.778745214811430742e+03
6.166778622816650568e+01 5.771000000000000000e+03
6.167448419960354045e+01 5.767247208179240261e+03
6.168629354999065839e+01 5.760647581597568205e+03
6.169935630242863311e+01 5.753372645957148961e+03
6.173074241739298884e+01 5.736000000000000000e+03
6.173387052660205399e+01 5.734276765325053020e+03
6.173689374717988443e+01 5.732612718651146679e+03
6.173992088497642783e+01 5.730947898682818050e+03
6.176720409366417641e+01 5.716005170388375518e+03
6.179480705752225589e+01 5.701000000000000000e+03
6.180411081242630900e+01 5.696299767616116696e+03
6.181349595943606090e+01 5.691577756961269188e+03
6.183251425214169927e+01 5.682067792569701851e+03
6.186468255184426823e+01 5.666158182732464411e+03
6.187235650435865608e+01 5.662394951670154114e+03
6.187291217621606876e+01 5.662122929592526816e+03
6.187346812444218358e+01 5.661850836085401170e+03
6.187458085073414082e+01 5.661306434670083945e+03
6.187680962784129690e+01 5.660216773446381922e+03
6.187694829935109908e+01 5.660149010020322748e+03
6.187824082465961339e+01 5.659517593057181330e+03
6.187953484160679807e+01 5.658885791585033076e+03
6.188212735960954092e+01 5.657621033707950119e+03
6.188733039690204407e+01 5.655086888358275246e+03
6.189780899926802959e+01 5.650000000000000000e+03
6.194098361325296764e+01 5.629272204888298802e+03
6.197172086885088760e+01 5.614737222997924619e+03
6.200327896578215814e+01 5.600000000000000000e+03
6.201285895374667945e+01 5.595559138360928046e+03
6.202246916351006689e+01 5.591113821732636097e+03
6.204178077545203251e+01 5.582209796666496004e+03
6.208077250982151440e+01 5.564347990646462677e+03
6.211598838552288271e+01 5.548347817202922670e+03
6.213374720657554917e+01 5.540326122140537336e+03
6.215160767538989717e+01 5.532289969591510271e+03
6.218763678197043276e+01 5.516174135411034513e+03
6.220580708367182154e+01 5.508094375114532340e+03
6.222408232108244164e+01 5.500000000000000000e+03
6.226435396812102852e+01 5.482274596889916211e+03
6.228467749519864327e+01 5.473386772410306548e+03
6.230512759520409816e+01 5.464482135951820965e+03
6.234218453952265548e+01 5.448443906490607333e+03
6.236086953600518967e+01 5.440404303246951713e+03
6.237965996846853045e+01 5.432350994423984048e+03
6.241756045024758492e+01 5.416203119612529008e+03
6.243667220515055760e+01 5.408108483110237103e+03
6.245589276770171239e+01 5.400000000000000000e+03
6.249801505895823084e+01 5.382341283162184482e+03
6.254065274838889366e+01 5.364619688891984879e+03
6.261908867613385610e+01 5.332414195103907332e+03
6.262323548946422846e+01 5.330725577178969615e+03
6.269929281669641341e+01 5.300000000000000000e+03
6.277817873672105975e+01 5.268613070347176290e+03
6.285877169067698134e+01 5.237037856906376874e+03
6.295491881123071920e+01 5.200000000000000000e+03
6.300460154220007070e+01 5.181123188790137647e+03
6.305492055150311614e+01 5.162181835061464881e+03
6.310588734002441669e+01 5.143175607226947250e+03
6.315751368133075516e+01 5.124104171424285596e+03
6.315906273868948517e+01 5.123534711241189143e+03
6.316061239303155617e+01 5.122965192817484422e+03
6.316371349395247137e+01 5.121825981212500665e+03
6.316681698668968181e+01 5.120686536537831671e+03
6.316992287383624216e+01 5.119546858721945682e+03
6.317390616226905564e+01 5.118086171107819609e+03
6.317789339182820640e+01 5.116625100430052953e+03
6.318188456799565245e+01 5.115163646537939712e+03
6.318587969626330647e+01 5.113701809280693851e+03
6.319386432696589395e+01 5.110783377244053554e+03
6.320186476282133725e+01 5.107863416640710057e+03
6.321265189812540086e+01 5.103933093874856240e+03
6.322346782076200356e+01 5.100000000000000000e+03
6.322408636137858196e+01 5.099775307355141194e+03
6.323001570294430707e+01 5.097622666933323671e+03
6.323712534531109952e+01 5.095044541692768689e+03
6.324424723212709409e+01 5.092465273752032772e+03
6.325852785742900153e+01 5.087303306729801989e+03
6.327281309573758250e+01 5.082152863521321706e+03
6.328714760074097256e+01 5.076997862837097273e+03
6.330148729229968296e+01 5.071854175867099912e+03
6.331587642498330126e+01 5.066705947393367751e+03
6.331743812727333420e+01 5.066147985041328866e+03
6.331900041286310454e+01 5.065589969318183648e+03
6.332212673516340828e+01 5.064473777727936067e+03
6.332525539434831074e+01 5.063357372561343254e+03
6.332838639287899696e+01 5.062240753757101629e+03
6.333465541778914343e+01 5.060006874990323922e+03
6.334093382970162622e+01 5.057772140936690448e+03
6.335351889343110088e+01 5.053300105003316276e+03
6.336614174362466656e+01 5.048824642022135777e+03
6.339159580536719574e+01 5.039830148983069193e+03
6.341720408767987038e+01 5.030821798014501837e+03
6.346122371612578661e+01 5.015431166328467953e+03
6.348340515762608760e+01 5.007720659996419272e+03
6.350570213190024305e+01 5.000000000000000000e+03
6.355116299677388980e+01 4.984350466656896970e+03
6.359710009703260880e+01 4.968660727985812628e+03
6.369043130991579460e+01 4.937160013312628507e+03
6.374609628234092185e+01 4.918608118927849318e+03
6.380245853309331494e+01 4.900000000000000000e+03
6.391850827824049475e+01 4.862230287249800313e+03
6.403752085564309482e+01 4.824236259859541860e+03
6.404709472733823361e+01 4.821211725570394265e+03
6.405668799017735182e+01 4.818185765245956645e+03
6.407593291143967917e+01 4.812129562455151245e+03
6.411465790627113392e+01 4.800000000000000000e+03
6.412546580002013741e+01 4.796628177874657922e+03
6.413629788758441919e+01 4.793254645241781873e+03
6.418484755727951097e+01 4.778205745655412102e+03
6.420930516531439025e+01 4.770668521131959096e+03
6.423388577802813870e+01 4.763122760832113272e+03
6.429039519545760584e+01 4.745886131456858493e+03
6.434755926458333875e+01 4.728604880064525787e+03
6.443506619555843429e+01 4.702447642573829398e+03
6.443918930004636536e+01 4.701223933096043766e+03
6.444331579354268058e+01 4.700000000000000000e+03
6.454169884629394005e+01 4.671047855811226327e+03
6.464200502448284169e+01 4.641974078156351425e+03
6.470986360342088517e+01 4.622554150333280631e+03
6.478955216370940207e+01 4.600000000000000000e+03
6.485370901861699622e+01 4.582035357707135518e+03
6.486285697527398497e+01 4.579487693472211504e+03
6.487202056718325593e+01 4.576939121644680199e+03
6.489039480911363000e+01 4.571839253271146845e+03
6.492733260074943757e+01 4.561628604046322835e+03
6.500197412262308205e+01 4.541163546563089767e+03
6.500822772218893419e+01 4.539459058171074503e+03
6.501448851310647115e+01 4.537754164709254837e+03
6.508410120988719427e+01 4.518901882588699664e+03
6.515460832333714336e+01 4.500000000000000000e+03
6.516480967667469315e+01 4.497281034716017530e+03
6.517502973553237666e+01 4.494561065026764481e+03
6.525747314251846376e+01 4.472764117764656476e+03
6.534114259589297546e+01 4.450902561122331463e+03
6.551226518835559887e+01 4.406984467210255389e+03
6.553986041266496443e+01 4.400000000000000000e+03
6.559641538751050405e+01 4.385768783619147143e+03
6.565352236523152385e+01 4.371510725873732554e+03
6.579837865571620625e+01 4.335839642122849909e+03
6.594684060465567654e+01 4.300000000000000000e+03
6.614806097626633630e+01 4.252544907707078892e+03
6.624156505278637042e+01 4.230918457524750920e+03
6.630904447047588235e+01 4.215474635658658372e+03
6.637725734367533903e+01 4.200000000000000000e+03
6.651621047305391699e+01 4.168895314184890594e+03
6.665824345255299477e+01 4.137666949604132242e+03
6.666452607895087112e+01 4.136298565928655080e+03
6.674823189107891608e+01 4.118170185945573394e+03
6.683302351295046151e+01 4.100000000000000000e+03
6.700612922485251488e+01 4.063495247384585582e+03
6.718383420168018461e+01 4.026822041401353090e+03
6.721670641727698126e+01 4.020124987488006354e+03
6.724973821310422295e+01 4.013422300691796409e+03
6.731628504486397446e+01 4.000000000000000000e+03
6.734049501566207141e+01 3.995143612901741562e+03
6.736479057649758317e+01 3.990284269093446710e+03
6.745609154293406107e+01 3.972149362520172872e+03
6.754861044017184213e+01 3.953973216789043363e+03
6.756034045088117068e+01 3.951683009119788494e+03
6.757209017151269848e+01 3.949392145892666576e+03
6.759564893467199909e+01 3.944808451638598854e+03
6.765338045499099451e+01 3.933629798901071808e+03
6.771158907915106795e+01 3.922435527900394845e+03
6.777028056202392747e+01 3.911225605882083528e+03
6.782946075172334588e+01 3.900000000000000000e+03
6.794920615076536308e+01 3.877521237213616132e+03
6.807097781224796051e+01 3.854979169015443404e+03
6.832080217090955898e+01 3.809704043666336020e+03
6.834799216317668424e+01 3.804853485772945078e+03
6.837528225649091951e+01 3.800000000000000000e+03
6.846341099621805881e+01 3.784427856473555948e+03
6.855259369237758449e+01 3.768825250797792251e+03
6.873419513325109165e+01 3.737528294758099491e+03
6.895685279839207737e+01 3.700000000000000000e+03
6.914934714750091871e+01 3.668280721280808848e+03
6.926732296324996696e+01 3.649163394452884859e+03
6.938709488500136047e+01 3.630000000000000000e+03
6.948186860814084298e+01 3.614999772910571210e+03
6.952957303968904057e+01 3.607499829684217730e+03
6.957749113743207658e+01 3.600000000000000000e+03
6.972725011133469764e+01 3.576775986262010065e+03
6.980291639411825599e+01 3.565164474887929828e+03
6.987911481184119111e+01 3.553553293824999400e+03
7.005691147629214299e+01 3.526775768576072096e+03
7.023764269435959307e+01 3.500000000000000000e+03
7.029206123779222537e+01 3.492023793463924903e+03
7.037460614540182746e+01 3.480000000000000000e+03
7.045715105301144376e+01 3.492023793463924903e+03
7.051156959644406186e+01 3.500000000000000000e+03
7.069230081451151193e+01 3.526775768576072096e+03
7.087009747896247802e+01 3.553553293824999400e+03
7.094629589668541314e+01 3.565164474887929828e+03
7.102196217946895729e+01 3.576775986262010065e+03
7.117172115337159255e+01 3.600000000000000000e+03
7.121963925111462856e+01 3.607499829684217730e+03
7.126734368266281194e+01 3.614999772910571210e+03
7.136211740580229446e+01 3.630000000000000000e+03
7.148188932755370217e+01 3.649163394452884859e+03
7.159986514330275043e+01 3.668280721280808848e+03
7.179235949241159176e+01 3.700000000000000000e+03
7.201501715755257749e+01 3.737528294758099491e+03
7.219661859842608465e+01 3.768825250797792251e+03
7.228580129458561032e+01 3.784427856473555948e+03
7.237393003431274963e+01 3.800000000000000000e+03
7.240122012762697068e+01 3.804853485772945078e+03
7.242841011989409594e+01 3.809704043666336020e+03
7.267823447855570862e+01 3.854979169015443404e+03
7.280000614003829185e+01 3.877521237213616132e+03
7.291975153908032325e+01 3.900000000000000000e+03
7.297893172877974166e+01 3.911225605882083528e+03
7.303762321165258697e+01 3.922435527900394845e+03
7.309583183581266042e+01 3.933629798901071808e+03
7.315356335613165584e+01 3.944808451638598854e+03
7.317712211929097066e+01 3.949392145892666576e+03
7.318887183992249845e+01 3.951683009119788494e+03
7.320060185063181279e+01 3.953973216789043363e+03
7.329312074786960807e+01 3.972149362520172872e+03
7.338442171430607175e+01 3.990284269093446710e+03
7.340871727514158351e+01 3.995143612901741562e+03
7.343292724593969467e+01 4.000000000000000000e+03
7.349947407769944618e+01 4.013422300691796409e+03
7.353250587352668788e+01 4.020124987488006354e+03
7.356537808912348453e+01 4.026822041401353090e+03
7.374308306595114004e+01 4.063495247384585582e+03
7.391618877785319341e+01 4.100000000000000000e+03
7.400098039972473885e+01 4.118170185945573394e+03
7.408468621185278380e+01 4.136298565928655080e+03
7.409096883825066016e+01 4.137666949604132242e+03
7.423300181774975215e+01 4.168895314184890594e+03
7.437195494712831589e+01 4.200000000000000000e+03
7.444016782032777257e+01 4.215474635658658372e+03
7.450764723801729872e+01 4.230918457524750920e+03
7.460115131453733284e+01 4.252544907707078892e+03
7.480237168614799259e+01 4.300000000000000000e+03
7.495083363508744867e+01 4.335839642122849909e+03
7.509568992557213107e+01 4.371510725873732554e+03
7.515279690329315088e+01 4.385768783619147143e+03
7.520935187813870471e+01 4.400000000000000000e+03
7.523694710244807027e+01 4.406984467210255389e+03
7.540806969491069367e+01 4.450902561122331463e+03
7.549173914828519116e+01 4.472764117764656476e+03
7.557418255527127826e+01 4.494561065026764481e+03
7.558440261412896177e+01 4.497281034716017530e+03
7.559460396746652577e+01 4.500000000000000000e+03
7.566511108091647486e+01 4.518901882588699664e+03
7.573472377769718378e+01 4.537754164709254837e+03
7.574098456861472073e+01 4.539459058171074503e+03
7.574723816818058708e+01 4.541163546563089767e+03
7.582187969005423156e+01 4.561628604046322835e+03
7.585881748169003913e+01 4.571839253271146845e+03
7.587719172362039899e+01 4.576939121644680199e+03
7.588635531552968416e+01 4.579487693472211504e+03
7.589550327218667292e+01 4.582035357707135518e+03
7.595966012709426707e+01 4.600000000000000000e+03
7.603934868738278396e+01 4.622554150333280631e+03
7.610720726632082744e+01 4.641974078156351425e+03
7.620751344450972908e+01 4.671047855811226327e+03
7.630589649726098855e+01 4.700000000000000000e+03
7.631002299075728956e+01 4.701223933096043766e+03
7.631414609524523485e+01 4.702447642573829398e+03
7.640165302622033039e+01 4.728604880064525787e+03
7.645881709534606330e+01 4.745886131456858493e+03
7.651532651277554464e+01 4.763122760832113272e+03
7.653990712548927888e+01 4.770668521131959096e+03
7.656436473352415817e+01 4.778205745655412102e+03
7.661291440321924995e+01 4.793254645241781873e+03
7.662374649078353173e+01 4.796628177874657922e+03
7.663455438453253521e+01 4.800000000000000000e+03
7.667327937936398996e+01 4.812129562455151245e+03
7.669252430062631731e+01 4.818185765245956645e+03
7.670211756346543552e+01 4.821211725570394265e+03
7.671169143516057431e+01 4.824236259859541860e+03
7.683070401256317439e+01 4.862230287249800313e+03
7.694675375771035419e+01 4.900000000000000000e+03
7.700311600846274018e+01 4.918608118927849318e+03
7.705878098088787453e+01 4.937160013312628507e+03
7.715211219377107454e+01 4.968660727985812628e+03
7.719804929402978644e+01 4.984350466656896970e+03
7.724351015890343319e+01 5.000000000000000000e+03
7.726580713317758864e+01 5.007720659996419272e+03
7.728798857467788253e+01 5.015431166328467953e+03
7.733200820312380586e+01 5.030821798014501837e+03
7.735761648543646629e+01 5.039830148983069193e+03
7.738307054717900257e+01 5.048824642022135777e+03
7.739569339737256826e+01 5.053300105003316276e+03
7.740827846110204291e+01 5.057772140936690448e+03
7.741455687301453281e+01 5.060006874990323922e+03
7.742082589792467218e+01 5.062240753757101629e+03
7.742395689645536550e+01 5.063357372561343254e+03
7.742708555564026085e+01 5.064473777727936067e+03
7.743021187794056459e+01 5.065589969318183648e+03
7.743177416353033493e+01 5.066147985041328866e+03
7.743333586582036787e+01 5.066705947393367751e+03
7.744772499850398617e+01 5.071854175867099912e+03
7.746206469006270368e+01 5.076997862837097273e+03
7.747639919506609374e+01 5.082152863521321706e+03
7.749068443337466761e+01 5.087303306729801989e+03
7.750496505867657504e+01 5.092465273752032772e+03
7.751208694549256961e+01 5.095044541692768689e+03
7.751919658785936917e+01 5.097622666933323671e+03
7.752512592942508718e+01 5.099775307355141194e+03
7.752574447004167268e+01 5.100000000000000000e+03
7.753656039267826827e+01 5.103933093874856240e+03
7.754734752798233899e+01 5.107863416640710057e+03
7.755534796383778939e+01 5.110783377244053554e+03
7.756333259454036977e+01 5.113701809280693851e+03
7.756732772280801669e+01 5.115163646537939712e+03
7.757131889897546273e+01 5.116625100430052953e+03
7.757530612853462060e+01 5.118086171107819609e+03
7.757928941696744118e+01 5.119546858721945682e+03
7.758239530411398732e+01 5.120686536537831671e+03
7.758549879685119777e+01 5.121825981212500665e+03
7.758859989777211297e+01 5.122965192817484422e+03
7.759014955211418396e+01 5.123534711241189143e+03
7.759169860947291397e+01 5.124104171424285596e+03
7.764332495077925955e+01 5.143175607226947250e+03
7.769429173930055299e+01 5.162181835061464881e+03
7.774461074860360554e+01 5.181123188790137647e+03
7.779429347957295704e+01 5.200000000000000000e+03
7.789044060012669490e+01 5.237037856906376874e+03
7.797103355408262360e+01 5.268613070347176290e+03
7.804991947410726993e+01 5.300000000000000000e+03
7.812597680133944777e+01 5.330725577178969615e+03
7.813012361466982725e+01 5.332414195103907332e+03
7.820855954241477548e+01 5.364619688891984879e+03
7.825119723184545251e+01 5.382341283162184482e+03
7.829331952310195675e+01 5.400000000000000000e+03
7.831254008565312574e+01 5.408108483110237103e+03
7.833165184055609132e+01 5.416203119612529008e+03
7.836955232233515289e+01 5.432350994423984048e+03
7.838834275479848657e+01 5.440404303246951713e+03
7.840702775128102076e+01 5.448443906490607333e+03
7.844408469559957098e+01 5.464482135951820965e+03
7.846453479560503297e+01 5.473386772410306548e+03
7.848485832268264062e+01 5.482274596889916211e+03
7.852512996972123460e+01 5.500000000000000000e+03
7.854340520713185470e+01 5.508094375114532340e+03
7.856157550883324348e+01 5.516174135411034513e+03
7.859760461541378618e+01 5.532289969591510271e+03
7.861546508422813417e+01 5.540326122140537336e+03
7.863322390528080064e+01 5.548347817202922670e+03
7.866843978098216894e+01 5.564347990646462677e+03
7.870743151535164372e+01 5.582209796666496004e+03
7.872674312729361645e+01 5.591113821732636097e+03
7.873635333705699679e+01 5.595559138360928046e+03
7.874593332502152521e+01 5.600000000000000000e+03
7.877749142195278864e+01 5.614737222997924619e+03
7.880822867755071570e+01 5.629272204888298802e+03
7.885140329153564664e+01 5.650000000000000000e+03
7.886188189390163927e+01 5.655086888358275246e+03
7.886708493119414243e+01 5.657621033707950119e+03
7.886967744919688528e+01 5.658885791585033076e+03
7.887097146614406995e+01 5.659517593057181330e+03
7.887226399145258426e+01 5.660149010020322748e+03
7.887240266296238644e+01 5.660216773446381922e+03
7.887463144006953542e+01 5.661306434670083945e+03
7.887574416636149977e+01 5.661850836085401170e+03
7.887630011458760748e+01 5.662122929592526816e+03
7.887685578644502016e+01 5.662394951670154114e+03
7.888452973895940090e+01 5.666158182732464411e+03
7.891669803866199118e+01 5.682067792569701851e+03
7.893571633136761534e+01 5.691577756961269188e+03
7.894510147837738145e+01 5.696299767616116696e+03
7.895440523328142035e+01 5.701000000000000000e+03
7.898200819713949272e+01 5.716005170388375518e+03
7.900929140582725552e+01 5.730947898682818050e+03
7.901231854362379181e+01 5.732612718651146679e+03
7.901534176420162225e+01 5.734276765325053020e+03
7.901846987341069450e+01 5.736000000000000000e+03
7.904985598837504313e+01 5.753372645957148961e+03
7.906291874081301785e+01 5.760647581597568205e+03
7.907472809120014290e+01 5.767247208179240261e+03
7.908142606263717767e+01 5.771000000000000000e+03
7.909518883224536978e+01 5.778745214811430742e+03
7.909655174569610381e+01 5.779515157886744419e+03
7.910425608404270292e+01 5.783877590861345197e+03
7.911935500644403874e+01 5.792477131407868910e+03
7.912935504052788360e+01 5.798209559798375267e+03
7.915375799170159610e+01 5.812324404815953130e+03
7.916860302455255294e+01 5.821000000000000000e+03
7.918909756628815444e+01 5.833090747999037376e+03
7.919174691634056273e+01 5.834663479482633193e+03
7.919306846282796641e+01 5.835448831251936099e+03
7.919372845585546372e+01 5.835841254024722730e+03
7.919438792946485250e+01 5.836233508201259610e+03
7.919714167742084499e+01 5.837872951980803009e+03
7.919851515746825044e+01 5.838691570176271853e+03
7.919920105118143283e+01 5.839100603783760562e+03
7.919954378673121198e+01 5.839305051769019883e+03
7.919988638151238547e+01 5.839509453895870138e+03
7.920698967962238157e+01 5.843756106197040936e+03
7.920910464380577309e+01 5.845023708057446129e+03
7.922863952171709911e+01 5.856801948922146948e+03
7.925190921001592415e+01 5.871000000000000000e+03
7.926853092202374285e+01 5.881256383119759448e+03
7.928480959360895497e+01 5.891395956763047252e+03
7.930849791205579891e+01 5.906322774931001732e+03
7.933147246191055046e+01 5.921000000000000000e+03
7.934085999656237220e+01 5.927055336232162517e+03
7.935013013673030002e+01 5.933068701681323546e+03
7.936832596525481165e+01 5.944971253664713913e+03
7.938607522480405976e+01 5.956711063565764562e+03
7.939682627680193150e+01 5.963885586377381514e+03
7.940741571284861777e+01 5.971000000000000000e+03
7.942613061872509661e+01 5.984097967492593853e+03
7.944465514343531254e+01 5.997145694263439509e+03
7.945798465966147717e+01 6.006585953588864868e+03
7.947121624062906164e+01 6.016000000000000000e+03
7.948114209472781511e+01 6.023090516904660944e+03
7.950228305960098396e+01 6.038274581129143371e+03
7.951689471879376470e+01 6.048834999067952594e+03
7.953363387997063683e+01 6.061000000000000000e+03
7.954889893314812355e+01 6.072156670230864620e+03
7.956403146461440201e+01 6.083276379584152892e+03
7.957175065879121689e+01 6.088971767949280547e+03
7.957943553646289558e+01 6.094657484409988683e+03
7.959470316776112497e+01 6.106000000000000000e+03
7.960218819149721980e+01 6.111583532987353465e+03
7.960964058874370153e+01 6.117157741448922025e+03
7.962444827315302120e+01 6.128278278070941269e+03
7.963200079408102283e+01 6.133973282880642728e+03
7.963951972955084102e+01 6.139658554866933628e+03
7.964700528333702323e+01 6.145334118958759063e+03
7.965073560570716893e+01 6.148168268311272186e+03
7.965445765835690395e+01 6.151000000000000000e+03
7.967623229129773677e+01 6.168475816192898492e+03
7.969797310672751678e+01 6.186000000000000000e+03
7.971956053120244690e+01 6.203475292094711222e+03
7.974111707650884284e+01 6.221000000000000000e+03
7.975947263572395229e+01 6.235981114146495202e+03
7.977168991141721222e+01 6.245982315499501055e+03
7.978389804315604295e+01 6.256000000000000000e+03
7.979451412714217895e+01 6.264730751490902549e+03
7.980512383116727904e+01 6.273474316488087425e+03
7.981572717428925046e+01 6.282230723220483014e+03
7.982632417553176651e+01 6.291000000000000000e+03
7.983837157197933720e+01 6.300991482874092981e+03
7.985041135852533500e+01 6.311000000000000000e+03
7.986020860723289161e+01 6.319161558655203407e+03
7.986510544170812409e+01 6.323246641096669919e+03
7.987000108537566234e+01 6.327334596315524323e+03
7.987438675524393261e+01 6.331000000000000000e+03
7.987904431651747927e+01 6.334896038686511019e+03
7.988370085534326392e+01 6.338794716459812662e+03
7.988835637321088257e+01 6.342696036002298570e+03
7.989068374973675191e+01 6.344647687276229590e+03
7.989301087158125370e+01 6.346600000000000364e+03
7.989786091591109596e+01 6.351300000000000182e+03
7.990028322970117358e+01 6.353650000000000546e+03
7.990149371038648951e+01 6.354825000000000728e+03
7.990270374060162339e+01 6.356000000000000000e+03
7.990901892534873241e+01 6.363500000000000000e+03
7.991217091438916498e+01 6.367250000000000000e+03
7.991374551097962353e+01 6.369125000000000000e+03
7.991453246015456102e+01 6.370062500000000000e+03
7.991531917672041629e+01 6.371000000000000000e+03
7.991610589328627157e+01 6.370062500000000000e+03
7.991689284246120906e+01 6.369125000000000000e+03
7.991846743905166761e+01 6.367250000000000000e+03
7.992161942809210018e+01 6.363500000000000000e+03
7.992793461283920919e+01 6.356000000000000000e+03
7.992914464305434308e+01 6.354825000000000728e+03
7.993035512373965901e+01 6.353650000000000546e+03
7.993277743752972242e+01 6.351300000000000182e+03
7.993762748185957889e+01 6.346600000000000364e+03
7.993995460370408068e+01 6.344647687276229590e+03
7.994228198022995002e+01 6.342696036002298570e+03
7.994693749809756866e+01 6.338794716459812662e+03
7.995159403692335331e+01 6.334896038686511019e+03
7.995625159819689998e+01 6.331000000000000000e+03
7.996063726806517025e+01 6.327334596315524323e+03
7.996553291173270850e+01 6.323246641096669919e+03
7.997042974620794098e+01 6.319161558655203407e+03
7.998022699491549758e+01 6.311000000000000000e+03
7.999226678146149538e+01 6.300991482874092981e+03
8.000431417790906607e+01 6.291000000000000000e+03
8.001491117915158213e+01 6.282230723220483014e+03
8.002551452227355355e+01 6.273474316488087425e+03
8.003612422629865364e+01 6.264730751490902549e+03
8.004674031028478964e+01 6.256000000000000000e+03
8.005894844202362037e+01 6.245982315499501055e+03
8.007116571771688029e+01 6.235981114146495202e+03
8.008952127693198975e+01 6.221000000000000000e+03
8.011107782223838569e+01 6.203475292094711222e+03
8.013266524671331581e+01 6.186000000000000000e+03
8.015440606214309582e+01 6.168475816192898492e+03
8.017618069508392864e+01 6.151000000000000000e+03
8.017990274773366366e+01 6.148168268311272186e+03
8.018363307010380936e+01 6.145334118958759063e+03
8.019111862388997736e+01 6.139658554866933628e+03
8.019863755935980976e+01 6.133973282880642728e+03
8.020619008028781138e+01 6.128278278070941269e+03
8.022099776469713106e+01 6.117157741448922025e+03
8.022845016194361278e+01 6.111583532987353465e+03
8.023593518567970762e+01 6.106000000000000000e+03
8.025120281697792279e+01 6.094657484409988683e+03
8.025888769464961570e+01 6.088971767949280547e+03
8.026660688882643058e+01 6.083276379584152892e+03
8.028173942029270904e+01 6.072156670230864620e+03
8.029700447347019576e+01 6.061000000000000000e+03
8.031374363464706789e+01 6.048834999067952594e+03
8.032835529383984863e+01 6.038274581129143371e+03
8.034949625871301748e+01 6.023090516904660944e+03
8.035942211281177094e+01 6.016000000000000000e+03
8.037265369377935542e+01 6.006585953588864868e+03
8.038598321000552005e+01 5.997145694263439509e+03
8.040450773471573598e+01 5.984097967492593853e+03
8.042322264059221482e+01 5.971000000000000000e+03
8.043381207663890109e+01 5.963885586377381514e+03
8.044456312863677283e+01 5.956711063565764562e+03
8.046231238818600673e+01 5.944971253664713913e+03
8.048050821671053257e+01 5.933068701681323546e+03
8.048977835687846039e+01 5.927055336232162517e+03
8.049916589153028212e+01 5.921000000000000000e+03
8.052214044138503368e+01 5.906322774931001732e+03
8.054582875983187762e+01 5.891395956763047252e+03
8.056210743141708974e+01 5.881256383119759448e+03
8.057872914342490844e+01 5.871000000000000000e+03
8.060199883172373347e+01 5.856801948922146948e+03
8.062153370963505949e+01 5.845023708057446129e+03
8.062364867381845102e+01 5.843756106197040936e+03
8.063075197192844712e+01 5.839509453895870138e+03
8.063109456670962061e+01 5.839305051769019883e+03
8.063143730225939976e+01 5.839100603783760562e+03
8.063212319597258215e+01 5.838691570176271853e+03
8.063349667601998760e+01 5.837872951980803009e+03
8.063625042397598008e+01 5.836233508201259610e+03
8.063690989758536887e+01 5.835841254024722730e+03
8.063756989061286617e+01 5.835448831251936099e+03
8.063889143710025564e+01 5.834663479482633193e+03
8.064154078715266394e+01 5.833090747999037376e+03
8.066203532888827965e+01 5.821000000000000000e+03
8.067688036173923649e+01 5.812324404815953130e+03
8.070128331291294899e+01 5.798209559798375267e+03
8.071128334699679385e+01 5.792477131407868910e+03
8.072638226939811545e+01 5.783877590861345197e+03
8.073408660774472878e+01 5.779515157886744419e+03
8.073544952119546281e+01 5.778745214811430742e+03
8.074921229080365492e+01 5.771000000000000000e+03
8.075591026224068969e+01 5.767247208179240261e+03
8.076771961262781474e+01 5.760647581597568205e+03
8.078078236506578946e+01 5.753372645957148961e+03
8.081216848003013808e+01 5.736000000000000000e+03
8.081529658923921033e+01 5.734276765325053020e+03
8.081831980981704078e+01 5.732612718651146679e+03
8.082134694761357707e+01 5.730947898682818050e+03
8.084863015630133987e+01 5.716005170388375518e+03
8.087623312015941224e+01 5.701000000000000000e+03
8.090383608401748461e+01 5.716005170388375518e+03
8.093111929270523319e+01 5.730947898682818050e+03
8.093414643050176949e+01 5.732612718651146679e+03
8.093716965107961414e+01 5.734276765325053020e+03
8.094029776028867218e+01 5.736000000000000000e+03
8.097168387525303501e+01 5.753372645957148961e+03
8.098474662769100973e+01 5.760647581597568205e+03
8.099655597807812057e+01 5.767247208179240261e+03
8.100325394951515534e+01 5.771000000000000000e+03
8.101701671912334746e+01 5.778745214811430742e+03
8.101837963257408148e+01 5.779515157886744419e+03
8.102608397092069481e+01 5.783877590861345197e+03
8.104118289332203062e+01 5.792477131407868910e+03
8.105118292740587549e+01 5.798209559798375267e+03
8.107558587857957377e+01 5.812324404815953130e+03
8.109043091143053061e+01 5.821000000000000000e+03
8.111092545316614633e+01 5.833090747999037376e+03
8.111357480321854041e+01 5.834663479482633193e+03
8.111489634970592988e+01 5.835448831251936099e+03
8.111555634273344140e+01 5.835841254024722730e+03
8.111621581634283018e+01 5.836233508201259610e+03
8.111896956429882266e+01 5.837872951980803009e+03
8.112034304434622811e+01 5.838691570176271853e+03
8.112102893805941051e+01 5.839100603783760562e+03
8.112137167360918966e+01 5.839305051769019883e+03
8.112171426839036315e+01 5.839509453895870138e+03
8.112881756650035925e+01 5.843756106197040936e+03
8.113093253068376498e+01 5.845023708057446129e+03
8.115046740859507679e+01 5.856801948922146948e+03
8.117373709689388761e+01 5.871000000000000000e+03
8.119035880890172052e+01 5.881256383119759448e+03
8.120663748048693265e+01 5.891395956763047252e+03
8.123032579893376237e+01 5.906322774931001732e+03
8.125330034878854235e+01 5.921000000000000000e+03
8.126268788344034988e+01 5.927055336232162517e+03
8.127195802360827770e+01 5.933068701681323546e+03
8.129015385213278932e+01 5.944971253664713913e+03
8.130790311168203743e+01 5.956711063565764562e+03
8.131865416367992339e+01 5.963885586377381514e+03
8.132924359972659545e+01 5.971000000000000000e+03
8.134795850560306008e+01 5.984097967492593853e+03
8.136648303031327600e+01 5.997145694263439509e+03
8.137981254653945484e+01 6.006585953588864868e+03
8.139304412750703932e+01 6.016000000000000000e+03
8.140296998160579278e+01 6.023090516904660944e+03
8.142411094647896164e+01 6.038274581129143371e+03
8.143872260567174237e+01 6.048834999067952594e+03
8.145546176684860029e+01 6.061000000000000000e+03
8.147072682002610122e+01 6.072156670230864620e+03
8.148585935149237969e+01 6.083276379584152892e+03
8.149357854566918036e+01 6.088971767949280547e+03
8.150126342334087326e+01 6.094657484409988683e+03
8.151653105463910265e+01 6.106000000000000000e+03
8.152401607837519748e+01 6.111583532987353465e+03
8.153146847562167920e+01 6.117157741448922025e+03
8.154627616003099888e+01 6.128278278070941269e+03
8.155382868095898630e+01 6.133973282880642728e+03
8.156134761642883291e+01 6.139658554866933628e+03
8.156883317021500091e+01 6.145334118958759063e+03
8.157256349258514661e+01 6.148168268311272186e+03
8.157628554523488162e+01 6.151000000000000000e+03
8.159806017817571444e+01 6.168475816192898492e+03
8.161980099360549445e+01 6.186000000000000000e+03
8.164138841808042457e+01 6.203475292094711222e+03
8.166294496338682052e+01 6.221000000000000000e+03
8.168130052260192997e+01 6.235981114146495202e+03
8.169351779829518989e+01 6.245982315499501055e+03
8.170572593003402062e+01 6.256000000000000000e+03
8.171634201402015663e+01 6.264730751490902549e+03
8.172695171804525671e+01 6.273474316488087425e+03
8.173755506116722813e+01 6.282230723220483014e+03
8.174815206240975840e+01 6.291000000000000000e+03
8.176019945885732909e+01 6.300991482874092981e+03
8.177223924540331268e+01 6.311000000000000000e+03
8.178203649411088350e+01 6.319161558655203407e+03
8.178693332858610177e+01 6.323246641096669919e+03
8.179182897225364002e+01 6.327334596315524323e+03
8.179621464212191029e+01 6.331000000000000000e+03
8.180087220339544274e+01 6.334896038686511019e+03
8.180552874222124160e+01 6.338794716459812662e+03
8.181018426008887445e+01 6.342696036002298570e+03
8.181251163661472958e+01 6.344647687276229590e+03
8.181483875845921716e+01 6.346600000000000364e+03
8.181968880278907363e+01 6.351300000000000182e+03
8.182211111657915126e+01 6.353650000000000546e+03
8.182332159726448140e+01 6.354825000000000728e+03
8.182453162747958686e+01 6.356000000000000000e+03
8.183084681222672430e+01 6.363500000000000000e+03
8.183399880126714265e+01 6.367250000000000000e+03
8.183557339785760121e+01 6.369125000000000000e+03
8.183636034703253870e+01 6.370062500000000000e+03
8.183714706359839397e+01 6.371000000000000000e+03
8.183793378016424924e+01 6.370062500000000000e+03
8.183872072933918673e+01 6.369125000000000000e+03
8.184029532592964529e+01 6.367250000000000000e+03
8.184344731497006364e+01 6.363500000000000000e+03
8.184976249971720108e+01 6.356000000000000000e+03
8.185097252993230654e+01 6.354825000000000728e+03
8.185218301061763668e+01 6.353650000000000546e+03
8.185460532440771431e+01 6.351300000000000182e+03
8.185945536873757078e+01 6.346600000000000364e+03
8.186178249058205836e+01 6.344647687276229590e+03
8.186410986710791349e+01 6.342696036002298570e+03
8.186876538497554634e+01 6.338794716459812662e+03
8.187342192380134520e+01 6.334896038686511019e+03
8.187807948507487765e+01 6.331000000000000000e+03
8.188246515494314792e+01 6.327334596315524323e+03
8.188736079861068617e+01 6.323246641096669919e+03
8.189225763308590444e+01 6.319161558655203407e+03
8.190205488179347526e+01 6.311000000000000000e+03
8.191409466833945885e+01 6.300991482874092981e+03
8.192614206478702954e+01 6.291000000000000000e+03
8.193673906602955981e+01 6.282230723220483014e+03
8.194734240915153123e+01 6.273474316488087425e+03
8.195795211317663131e+01 6.264730751490902549e+03
8.196856819716276732e+01 6.256000000000000000e+03
8.198077632890159805e+01 6.245982315499501055e+03
8.199299360459485797e+01 6.235981114146495202e+03
8.201134916380996742e+01 6.221000000000000000e+03
8.203290570911636337e+01 6.203475292094711222e+03
8.205449313359129349e+01 6.186000000000000000e+03
8.207623394902107350e+01 6.168475816192898492e+03
8.209800858196190632e+01 6.151000000000000000e+03
8.210173063461164134e+01 6.148168268311272186e+03
8.210546095698178704e+01 6.145334118958759063e+03
8.211294651076795503e+01 6.139658554866933628e+03
8.212046544623780164e+01 6.133973282880642728e+03
8.212801796716578906e+01 6.128278278070941269e+03
8.214282565157510874e+01 6.117157741448922025e+03
8.215027804882159046e+01 6.111583532987353465e+03
8.215776307255768529e+01 6.106000000000000000e+03
8.217303070385591468e+01 6.094657484409988683e+03
8.218071558152760758e+01 6.088971767949280547e+03
8.218843477570440825e+01 6.083276379584152892e+03
8.220356730717068672e+01 6.072156670230864620e+03
8.221883236034818765e+01 6.061000000000000000e+03
8.223557152152504557e+01 6.048834999067952594e+03
8.225018318071782630e+01 6.038274581129143371e+03
8.227132414559099516e+01 6.023090516904660944e+03
8.228124999968974862e+01 6.016000000000000000e+03
8.229448158065733310e+01 6.006585953588864868e+03
8.230781109688351194e+01 5.997145694263439509e+03
8.232633562159372786e+01 5.984097967492593853e+03
8.234505052747019249e+01 5.971000000000000000e+03
8.235563996351686455e+01 5.963885586377381514e+03
8.236639101551475051e+01 5.956711063565764562e+03
8.238414027506399862e+01 5.944971253664713913e+03
8.240233610358851024e+01 5.933068701681323546e+03
8.241160624375643806e+01 5.927055336232162517e+03
8.242099377840824559e+01 5.921000000000000000e+03
8.244396832826302557e+01 5.906322774931001732e+03
8.246765664670985529e+01 5.891395956763047252e+03
8.248393531829506742e+01 5.881256383119759448e+03
8.250055703030290033e+01 5.871000000000000000e+03
8.252382671860171115e+01 5.856801948922146948e+03
8.254336159651302296e+01 5.845023708057446129e+03
8.254547656069642869e+01 5.843756106197040936e+03
8.255257985880642480e+01 5.839509453895870138e+03
8.255292245358759828e+01 5.839305051769019883e+03
8.255326518913737743e+01 5.839100603783760562e+03
8.255395108285055983e+01 5.838691570176271853e+03
8.255532456289796528e+01 5.837872951980803009e+03
8.255807831085395776e+01 5.836233508201259610e+03
8.255873778446334654e+01 5.835841254024722730e+03
8.255939777749085806e+01 5.835448831251936099e+03
8.256071932397824753e+01 5.834663479482633193e+03
8.256336867403064161e+01 5.833090747999037376e+03
8.258386321576625733e+01 5.821000000000000000e+03
8.259870824861721417e+01 5.812324404815953130e+03
8.262311119979091245e+01 5.798209559798375267e+03
8.263311123387475732e+01 5.792477131407868910e+03
8.264821015627609313e+01 5.783877590861345197e+03
8.265591449462270646e+01 5.779515157886744419e+03
8.265727740807344048e+01 5.778745214811430742e+03
8.267104017768163260e+01 5.771000000000000000e+03
8.267773814911866737e+01 5.767247208179240261e+03
8.268954749950577821e+01 5.760647581597568205e+03
8.270261025194375293e+01 5.753372645957148961e+03
8.273399636690811576e+01 5.736000000000000000e+03
8.273712447611717380e+01 5.734276765325053020e+03
8.274014769669501845e+01 5.732612718651146679e+03
8.274317483449155475e+01 5.730947898682818050e+03
8.277045804317930333e+01 5.716005170388375518e+03
8.279806100703737570e+01 5.701000000000000000e+03
8.280736476194144302e+01 5.696299767616116696e+03
8.281674990895118071e+01 5.691577756961269188e+03
8.283576820165683330e+01 5.682067792569701851e+03
8.286793650135939515e+01 5.666158182732464411e+03
8.287561045387379011e+01 5.662394951670154114e+03
8.287616612573120278e+01 5.662122929592526816e+03
8.287672207395731050e+01 5.661850836085401170e+03
8.287783480024927485e+01 5.661306434670083945e+03
8.288006357735642382e+01 5.660216773446381922e+03
8.288020224886622600e+01 5.660149010020322748e+03
8.288149477417474031e+01 5.659517593057181330e+03
8.288278879112192499e+01 5.658885791585033076e+03
8.288538130912466784e+01 5.657621033707950119e+03
8.289058434641717099e+01 5.655086888358275246e+03
8.290106294878316362e+01 5.650000000000000000e+03
8.294423756276809456e+01 5.629272204888298802e+03
8.297497481836602162e+01 5.614737222997924619e+03
8.300653291529728506e+01 5.600000000000000000e+03
8.301611290326181347e+01 5.595559138360928046e+03
8.302572311302519381e+01 5.591113821732636097e+03
8.304503472496716654e+01 5.582209796666496004e+03
8.308402645933664132e+01 5.564347990646462677e+03
8.311924233503800963e+01 5.548347817202922670e+03
8.313700115609069030e+01 5.540326122140537336e+03
8.315486162490503830e+01 5.532289969591510271e+03
8.319089073148556679e+01 5.516174135411034513e+03
8.320906103318695557e+01 5.508094375114532340e+03
8.322733627059757566e+01 5.500000000000000000e+03
8.326760791763615543e+01 5.482274596889916211e+03
8.328793144471377730e+01 5.473386772410306548e+03
8.330838154471922508e+01 5.464482135951820965e+03
8.334543848903778951e+01 5.448443906490607333e+03
8.336412348552032370e+01 5.440404303246951713e+03
8.338291391798367158e+01 5.432350994423984048e+03
8.342081439976271895e+01 5.416203119612529008e+03
8.343992615466569873e+01 5.408108483110237103e+03
8.345914671721683931e+01 5.400000000000000000e+03
8.350126900847335776e+01 5.382341283162184482e+03
8.354390669790402058e+01 5.364619688891984879e+03
8.362234262564898302e+01 5.332414195103907332e+03
8.362648943897936249e+01 5.330725577178969615e+03
8.370254676621154033e+01 5.300000000000000000e+03
8.378143268623620088e+01 5.268613070347176290e+03
8.386202564019211536e+01 5.237037856906376874e+03
8.395817276074585322e+01 5.200000000000000000e+03
8.400785549171520472e+01 5.181123188790137647e+03
8.405817450101824306e+01 5.162181835061464881e+03
8.410914128953955071e+01 5.143175607226947250e+03
8.416076763084589629e+01 5.124104171424285596e+03
8.416231668820462630e+01 5.123534711241189143e+03
8.416386634254669730e+01 5.122965192817484422e+03
8.416696744346761250e+01 5.121825981212500665e+03
8.417007093620482294e+01 5.120686536537831671e+03
8.417317682335138329e+01 5.119546858721945682e+03
8.417716011178418967e+01 5.118086171107819609e+03
8.418114734134334753e+01 5.116625100430052953e+03
8.418513851751077937e+01 5.115163646537939712e+03
8.418913364577844050e+01 5.113701809280693851e+03
8.419711827648102087e+01 5.110783377244053554e+03
8.420511871233647128e+01 5.107863416640710057e+03
8.421590584764052778e+01 5.103933093874856240e+03
8.422672177027713758e+01 5.100000000000000000e+03
8.422734031089372309e+01 5.099775307355141194e+03
8.423326965245944109e+01 5.097622666933323671e+03
8.424037929482622644e+01 5.095044541692768689e+03
8.424750118164223522e+01 5.092465273752032772e+03
8.426178180694412845e+01 5.087303306729801989e+03
8.427606704525271653e+01 5.082152863521321706e+03
8.429040155025610659e+01 5.076997862837097273e+03
8.430474124181482409e+01 5.071854175867099912e+03
8.431913037449842818e+01 5.066705947393367751e+03
8.432069207678847533e+01 5.066147985041328866e+03
8.432225436237823146e+01 5.065589969318183648e+03
8.432538068467854941e+01 5.064473777727936067e+03
8.432850934386344477e+01 5.063357372561343254e+03
8.433164034239413809e+01 5.062240753757101629e+03
8.433790936730429166e+01 5.060006874990323922e+03
8.434418777921676735e+01 5.057772140936690448e+03
8.435677284294624201e+01 5.053300105003316276e+03
8.436939569313980769e+01 5.048824642022135777e+03
8.439484975488232976e+01 5.039830148983069193e+03
8.442045803719500441e+01 5.030821798014501837e+03
8.446447766564092774e+01 5.015431166328467953e+03
8.448665910714122163e+01 5.007720659996419272e+03
8.450895608141539128e+01 5.000000000000000000e+03
8.455441694628902383e+01 4.984350466656896970e+03
8.460035404654774993e+01 4.968660727985812628e+03
8.469368525943093573e+01 4.937160013312628507e+03
8.474935023185605587e+01 4.918608118927849318e+03
8.480571248260844186e+01 4.900000000000000000e+03
8.492176222775563588e+01 4.862230287249800313e+03
8.504077480515823595e+01 4.824236259859541860e+03
8.505034867685336053e+01 4.821211725570394265e+03
8.505994193969249295e+01 4.818185765245956645e+03
8.507918686095482030e+01 4.812129562455151245e+03
8.511791185578627505e+01 4.800000000000000000e+03
8.512871974953526433e+01 4.796628177874657922e+03
8.513955183709956032e+01 4.793254645241781873e+03
8.518810150679465210e+01 4.778205745655412102e+03
8.521255911482953138e+01 4.770668521131959096e+03
8.523713972754327983e+01 4.763122760832113272e+03
8.529364914497273276e+01 4.745886131456858493e+03
8.535081321409847988e+01 4.728604880064525787e+03
8.543832014507357542e+01 4.702447642573829398e+03
8.544244324956150649e+01 4.701223933096043766e+03
8.544656974305783592e+01 4.700000000000000000e+03
8.554495279580908118e+01 4.671047855811226327e+03
8.564525897399798282e+01 4.641974078156351425e+03
8.571311755293602630e+01 4.622554150333280631e+03
8.579280611322454320e+01 4.600000000000000000e+03
8.585696296813213735e+01 4.582035357707135518e+03
8.586611092478912610e+01 4.579487693472211504e+03
8.587527451669839706e+01 4.576939121644680199e+03
8.589364875862877113e+01 4.571839253271146845e+03
8.593058655026459292e+01 4.561628604046322835e+03
8.600522807213822318e+01 4.541163546563089767e+03
8.601148167170408954e+01 4.539459058171074503e+03
8.601774246262162649e+01 4.537754164709254837e+03
8.608735515940233540e+01 4.518901882588699664e+03
8.615786227285228449e+01 4.500000000000000000e+03
8.616806362618984849e+01 4.497281034716017530e+03
8.617828368504753200e+01 4.494561065026764481e+03
8.626072709203361910e+01 4.472764117764656476e+03
8.634439654540811659e+01 4.450902561122331463e+03
8.651551913787074000e+01 4.406984467210255389e+03
8.654311436218010556e+01 4.400000000000000000e+03
8.659966933702565939e+01 4.385768783619147143e+03
8.665677631474667919e+01 4.371510725873732554e+03
8.680163260523136159e+01 4.335839642122849909e+03
8.695009455417081767e+01 4.300000000000000000e+03
8.715131492578147743e+01 4.252544907707078892e+03
8.724481900230151155e+01 4.230918457524750920e+03
8.731229841999103769e+01 4.215474635658658372e+03
8.738051129319049437e+01 4.200000000000000000e+03
8.751946442256905812e+01 4.168895314184890594e+03
8.766149740206815011e+01 4.137666949604132242e+03
8.766778002846601225e+01 4.136298565928655080e+03
8.775148584059407142e+01 4.118170185945573394e+03
8.783627746246561685e+01 4.100000000000000000e+03
8.800938317436767022e+01 4.063495247384585582e+03
8.818708815119532574e+01 4.026822041401353090e+03
8.821996036679212239e+01 4.020124987488006354e+03
8.825299216261936408e+01 4.013422300691796409e+03
8.831953899437911559e+01 4.000000000000000000e+03
8.834374896517722675e+01 3.995143612901741562e+03
8.836804452601273852e+01 3.990284269093446710e+03
8.845934549244920220e+01 3.972149362520172872e+03
8.855186438968698326e+01 3.953973216789043363e+03
8.856359440039631181e+01 3.951683009119788494e+03
8.857534412102783961e+01 3.949392145892666576e+03
8.859890288418715443e+01 3.944808451638598854e+03
8.865663440450614985e+01 3.933629798901071808e+03
8.871484302866622329e+01 3.922435527900394845e+03
8.877353451153906860e+01 3.911225605882083528e+03
8.883271470123848701e+01 3.900000000000000000e+03
8.895246010028051842e+01 3.877521237213616132e+03
8.907423176176310164e+01 3.854979169015443404e+03
8.932405612042470011e+01 3.809704043666336020e+03
8.935124611269182537e+01 3.804853485772945078e+03
8.937853620600606064e+01 3.800000000000000000e+03
8.946666494573319994e+01 3.784427856473555948e+03
8.955584764189273983e+01 3.768825250797792251e+03
8.973744908276623278e+01 3.737528294758099491e+03
8.996010674790721851e+01 3.700000000000000000e+03
9.015260109701605984e+01 3.668280721280808848e+03
9.027057691276510809e+01 3.649163394452884859e+03
9.039034883451651581e+01 3.630000000000000000e+03
9.048512255765598411e+01 3.614999772910571210e+03
9.053282698920418170e+01 3.607499829684217730e+03
9.058074508694721771e+01 3.600000000000000000e+03
9.073050406084983877e+01 3.576775986262010065e+03
9.080617034363338291e+01 3.565164474887929828e+03
9.088236876135631803e+01 3.553553293824999400e+03
9.106016542580728412e+01 3.526775768576072096e+03
9.124089664387473420e+01 3.500000000000000000e+03
9.129531518730735229e+01 3.492023793463924903e+03
9.137786009491696859e+01 3.480000000000000000e+03
9.146040500252658489e+01 3.492023793463924903e+03
9.151482354595920299e+01 3.500000000000000000e+03
9.169555476402665306e+01 3.526775768576072096e+03
9.187335142847761915e+01 3.553553293824999400e+03
9.194954984620055427e+01 3.565164474887929828e+03
9.202521612898408421e+01 3.576775986262010065e+03
9.217497510288671947e+01 3.600000000000000000e+03
9.222289320062975548e+01 3.607499829684217730e+03
9.227059763217795307e+01 3.614999772910571210e+03
9.236537135531742138e+01 3.630000000000000000e+03
9.248514327706882909e+01 3.649163394452884859e+03
9.260311909281787734e+01 3.668280721280808848e+03
9.279561344192671868e+01 3.700000000000000000e+03
9.301827110706770441e+01 3.737528294758099491e+03
9.319987254794119735e+01 3.768825250797792251e+03
9.328905524410073724e+01 3.784427856473555948e+03
9.337718398382787655e+01 3.800000000000000000e+03
9.340447407714211181e+01 3.804853485772945078e+03
9.343166406940923707e+01 3.809704043666336020e+03
9.368148842807084975e+01 3.854979169015443404e+03
9.380326008955341877e+01 3.877521237213616132e+03
9.392300548859545017e+01 3.900000000000000000e+03
9.398218567829486858e+01 3.911225605882083528e+03
9.404087716116771389e+01 3.922435527900394845e+03
9.409908578532778733e+01 3.933629798901071808e+03
9.415681730564678276e+01 3.944808451638598854e+03
9.418037606880609758e+01 3.949392145892666576e+03
9.419212578943762537e+01 3.951683009119788494e+03
9.420385580014695392e+01 3.953973216789043363e+03
9.429637469738474920e+01 3.972149362520172872e+03
9.438767566382121288e+01 3.990284269093446710e+03
9.441197122465672464e+01 3.995143612901741562e+03
9.443618119545483580e+01 4.000000000000000000e+03
9.450272802721457310e+01 4.013422300691796409e+03
9.453575982304181480e+01 4.020124987488006354e+03
9.456863203863861145e+01 4.026822041401353090e+03
9.474633701546628117e+01 4.063495247384585582e+03
9.491944272736833454e+01 4.100000000000000000e+03
9.500423434923987998e+01 4.118170185945573394e+03
9.508794016136792493e+01 4.136298565928655080e+03
9.509422278776580129e+01 4.137666949604132242e+03
9.523625576726487907e+01 4.168895314184890594e+03
9.537520889664344281e+01 4.200000000000000000e+03
9.544342176984289949e+01 4.215474635658658372e+03
9.551090118753242564e+01 4.230918457524750920e+03
9.560440526405244555e+01 4.252544907707078892e+03
9.580562563566311951e+01 4.300000000000000000e+03
9.595408758460257559e+01 4.335839642122849909e+03
9.609894387508725799e+01 4.371510725873732554e+03
9.615605085280827780e+01 4.385768783619147143e+03
9.621260582765381741e+01 4.400000000000000000e+03
9.624020105196319719e+01 4.406984467210255389e+03
9.641132364442582059e+01 4.450902561122331463e+03
9.649499309780031808e+01 4.472764117764656476e+03
9.657743650478641939e+01 4.494561065026764481e+03
9.658765656364408869e+01 4.497281034716017530e+03
9.659785791698165269e+01 4.500000000000000000e+03
9.666836503043160178e+01 4.518901882588699664e+03
9.673797772721229649e+01 4.537754164709254837e+03
9.674423851812983344e+01 4.539459058171074503e+03
9.675049211769569979e+01 4.541163546563089767e+03
9.682513363956934427e+01 4.561628604046322835e+03
9.686207143120515184e+01 4.571839253271146845e+03
9.688044567313551170e+01 4.576939121644680199e+03
9.688960926504481108e+01 4.579487693472211504e+03
9.689875722170178562e+01 4.582035357707135518e+03
9.696291407660937978e+01 4.600000000000000000e+03
9.704260263689789667e+01 4.622554150333280631e+03
9.711046121583594015e+01 4.641974078156351425e+03
9.721076739402485600e+01 4.671047855811226327e+03
9.730915044677610126e+01 4.700000000000000000e+03
9.731327694027240227e+01 4.701223933096043766e+03
9.731740004476034755e+01 4.702447642573829398e+03
9.740490697573542889e+01 4.728604880064525787e+03
9.746207104486117601e+01 4.745886131456858493e+03
9.751858046229064314e+01 4.763122760832113272e+03
9.754316107500437738e+01 4.770668521131959096e+03
9.756761868303925667e+01 4.778205745655412102e+03
9.761616835273434845e+01 4.793254645241781873e+03
9.762700044029864443e+01 4.796628177874657922e+03
9.763780833404763371e+01 4.800000000000000000e+03
9.767653332887908846e+01 4.812129562455151245e+03
9.769577825014141581e+01 4.818185765245956645e+03
9.770537151298054823e+01 4.821211725570394265e+03
9.771494538467567281e+01 4.824236259859541860e+03
9.783395796207827289e+01 4.862230287249800313e+03
9.795000770722545269e+01 4.900000000000000000e+03
9.800636995797785289e+01 4.918608118927849318e+03
9.806203493040297303e+01 4.937160013312628507e+03
9.815536614328615883e+01 4.968660727985812628e+03
9.820130324354488494e+01 4.984350466656896970e+03
9.824676410841853169e+01 5.000000000000000000e+03
9.826906108269268714e+01 5.007720659996419272e+03
9.829124252419299523e+01 5.015431166328467953e+03
9.833526215263890435e+01 5.030821798014501837e+03
9.836087043495157900e+01 5.039830148983069193e+03
9.838632449669411528e+01 5.048824642022135777e+03
9.839894734688768096e+01 5.053300105003316276e+03
9.841153241061715562e+01 5.057772140936690448e+03
9.841781082252963131e+01 5.060006874990323922e+03
9.842407984743978488e+01 5.062240753757101629e+03
9.842721084597047820e+01 5.063357372561343254e+03
9.843033950515535935e+01 5.064473777727936067e+03
9.843346582745567730e+01 5.065589969318183648e+03
9.843502811304543343e+01 5.066147985041328866e+03
9.843658981533548058e+01 5.066705947393367751e+03
9.845097894801909888e+01 5.071854175867099912e+03
9.846531863957780217e+01 5.076997862837097273e+03
9.847965314458119224e+01 5.082152863521321706e+03
9.849393838288978031e+01 5.087303306729801989e+03
9.850821900819167354e+01 5.092465273752032772e+03
9.851534089500768232e+01 5.095044541692768689e+03
9.852245053737446767e+01 5.097622666933323671e+03
9.852837987894019989e+01 5.099775307355141194e+03
9.852899841955675697e+01 5.100000000000000000e+03
9.853981434219338098e+01 5.103933093874856240e+03
9.855060147749743749e+01 5.107863416640710057e+03
9.855860191335287368e+01 5.110783377244053554e+03
9.856658654405546827e+01 5.113701809280693851e+03
9.857058167232312940e+01 5.115163646537939712e+03
9.857457284849056123e+01 5.116625100430052953e+03
9.857856007804971910e+01 5.118086171107819609e+03
9.858254336648252547e+01 5.119546858721945682e+03
9.858564925362908582e+01 5.120686536537831671e+03
9.858875274636629626e+01 5.121825981212500665e+03
9.859185384728721147e+01 5.122965192817484422e+03
9.859340350162926825e+01 5.123534711241189143e+03
9.859495255898801247e+01 5.124104171424285596e+03
9.864657890029434384e+01 5.143175607226947250e+03
9.869754568881565149e+01 5.162181835061464881e+03
9.874786469811868983e+01 5.181123188790137647e+03
9.879754742908804133e+01 5.200000000000000000e+03
9.889369454964177919e+01 5.237037856906376874e+03
9.897428750359770788e+01 5.268613070347176290e+03
9.905317342362235422e+01 5.300000000000000000e+03
9.912923075085453206e+01 5.330725577178969615e+03
9.913337756418491153e+01 5.332414195103907332e+03
9.921181349192985977e+01 5.364619688891984879e+03
9.925445118136053679e+01 5.382341283162184482e+03
9.929657347261704103e+01 5.400000000000000000e+03
9.931579403516821003e+01 5.408108483110237103e+03
9.933490579007117560e+01 5.416203119612529008e+03
9.937280627185023718e+01 5.432350994423984048e+03
9.939159670431357085e+01 5.440404303246951713e+03
9.941028170079610504e+01 5.448443906490607333e+03
9.944733864511466948e+01 5.464482135951820965e+03
9.946778874512011726e+01 5.473386772410306548e+03
9.948811227219773912e+01 5.482274596889916211e+03
9.952838391923631889e+01 5.500000000000000000e+03
9.954665915664695319e+01 5.508094375114532340e+03
9.956482945834834197e+01 5.516174135411034513e+03
9.960085856492887046e+01 5.532289969591510271e+03
9.961871903374321846e+01 5.540326122140537336e+03
9.963647785479588492e+01 5.548347817202922670e+03
9.967169373049726744e+01 5.564347990646462677e+03
9.971068546486674222e+01 5.582209796666496004e+03
9.972999707680871495e+01 5.591113821732636097e+03
9.973960728657209529e+01 5.595559138360928046e+03
9.974918727453660949e+01 5.600000000000000000e+03
9.978074537146790135e+01 5.614737222997924619e+03
9.981148262706579999e+01 5.629272204888298802e+03
9.985465724105074514e+01 5.650000000000000000e+03
9.986513584341673777e+01 5.655086888358275246e+03
9.987033888070922671e+01 5.657621033707950119e+03
9.987293139871198377e+01 5.658885791585033076e+03
9.987422541565916845e+01 5.659517593057181330e+03
9.987551794096768276e+01 5.660149010020322748e+03
9.987565661247748494e+01 5.660216773446381922e+03
9.987788538958463391e+01 5.661306434670083945e+03
9.987899811587659826e+01 5.661850836085401170e+03
9.987955406410270598e+01 5.662122929592526816e+03
9.988010973596013287e+01 5.662394951670154114e+03
9.988778368847451361e+01 5.666158182732464411e+03
9.991995198817707546e+01 5.682067792569701851e+03
9.993897028088272805e+01 5.691577756961269188e+03
9.994835542789246574e+01 5.696299767616116696e+03
9.995765918279653306e+01 5.701000000000000000e+03
9.998526214665460543e+01 5.716005170388375518e+03
1.000125453553423540e+02 5.730947898682818050e+03
1.000155724931388903e+02 5.732612718651146679e+03
1.000185957137167350e+02 5.734276765325053020e+03
1.000217238229257930e+02 5.736000000000000000e+03
1.000531099378901416e+02 5.753372645957148961e+03
1.000661726903281306e+02 5.760647581597568205e+03
1.000779820407152414e+02 5.767247208179240261e+03
1.000846800121522762e+02 5.771000000000000000e+03
1.000984427817604683e+02 5.778745214811430742e+03
1.000998056952112023e+02 5.779515157886744419e+03
1.001075100335578156e+02 5.783877590861345197e+03
1.001226089559591514e+02 5.792477131407868910e+03
1.001326089900429963e+02 5.798209559798375267e+03
1.001570119412166946e+02 5.812324404815953130e+03
1.001718569740676514e+02 5.821000000000000000e+03
1.001923515158032671e+02 5.833090747999037376e+03
1.001950008658556754e+02 5.834663479482633193e+03
1.001963224123430649e+02 5.835448831251936099e+03
1.001969824053705764e+02 5.835841254024722730e+03
1.001976418789799510e+02 5.836233508201259610e+03
1.002003956269359435e+02 5.837872951980803009e+03
1.002017691069833489e+02 5.838691570176271853e+03
1.002024550006965313e+02 5.839100603783760562e+03
1.002027977362463105e+02 5.839305051769019883e+03
1.002031403310274982e+02 5.839509453895870138e+03
1.002102436291374943e+02 5.843756106197040936e+03
1.002123585933208858e+02 5.845023708057446129e+03
1.002318934712322118e+02 5.856801948922146948e+03
1.002551631595310369e+02 5.871000000000000000e+03
1.002717848715388413e+02 5.881256383119759448e+03
1.002880635431240535e+02 5.891395956763047252e+03
1.003117518615709116e+02 5.906322774931001732e+03
1.003347264114256632e+02 5.921000000000000000e+03
1.003441139460774991e+02 5.927055336232162517e+03
1.003533840862454269e+02 5.933068701681323546e+03
1.003715799147699386e+02 5.944971253664713913e+03
1.003893291743191867e+02 5.956711063565764562e+03
1.004000802263170442e+02 5.963885586377381514e+03
1.004106696623637447e+02 5.971000000000000000e+03
1.004293845682402093e+02 5.984097967492593853e+03
1.004479090929504252e+02 5.997145694263439509e+03
1.004612386091765899e+02 6.006585953588864868e+03
1.004744701901441886e+02 6.016000000000000000e+03
1.004843960442429420e+02 6.023090516904660944e+03
1.005055370091160967e+02 6.038274581129143371e+03
1.005201486683088774e+02 6.048834999067952594e+03
1.005368878294857495e+02 6.061000000000000000e+03
1.005521528826632363e+02 6.072156670230864620e+03
1.005672854141295147e+02 6.083276379584152892e+03
1.005750046083063296e+02 6.088971767949280547e+03
1.005826894859780225e+02 6.094657484409988683e+03
1.005979571172762377e+02 6.106000000000000000e+03
1.006054421410123325e+02 6.111583532987353465e+03
1.006128945382588142e+02 6.117157741448922025e+03
1.006277022226681339e+02 6.128278278070941269e+03
1.006352547435961355e+02 6.133973282880642728e+03
1.006427736790659679e+02 6.139658554866933628e+03
1.006502592328521501e+02 6.145334118958759063e+03
1.006539895552222958e+02 6.148168268311272186e+03
1.006577116078720309e+02 6.151000000000000000e+03
1.006794862408128637e+02 6.168475816192898492e+03
1.007012270562426295e+02 6.186000000000000000e+03
1.007228144807175738e+02 6.203475292094711222e+03
1.007443710260239698e+02 6.221000000000000000e+03
1.007627265852390792e+02 6.235981114146495202e+03
1.007749438609323391e+02 6.245982315499501055e+03
1.007871519926711699e+02 6.256000000000000000e+03
1.007977680766572917e+02 6.264730751490902549e+03
1.008083777806824060e+02 6.273474316488087425e+03
1.008189811238043632e+02 6.282230723220483014e+03
1.008295781250468934e+02 6.291000000000000000e+03
1.008416255214944783e+02 6.300991482874092981e+03
1.008536653080404619e+02 6.311000000000000000e+03
1.008634625567480327e+02 6.319161558655203407e+03
1.008683593912232652e+02 6.323246641096669919e+03
1.008732550348907751e+02 6.327334596315524323e+03
1.008776407047590595e+02 6.331000000000000000e+03
1.008822982660325920e+02 6.334896038686511019e+03
1.008869548048583908e+02 6.338794716459812662e+03
1.008916103227260237e+02 6.342696036002298570e+03
1.008939376992518930e+02 6.344647687276229590e+03
1.008962648210963806e+02 6.346600000000000364e+03
1.009011148654262371e+02 6.351300000000000182e+03
1.009035371792163005e+02 6.353650000000000546e+03
1.009047476599016306e+02 6.354825000000000728e+03
1.009059576901167645e+02 6.356000000000000000e+03
1.009122728748638735e+02 6.363500000000000000e+03
1.009154248639042919e+02 6.367250000000000000e+03
1.009169994604947647e+02 6.369125000000000000e+03
1.009177864096697022e+02 6.370062500000000000e+03
1.009185731262355432e+02 6.371000000000000000e+03
1.009193598428014127e+02 6.370062500000000000e+03
1.009201467919763360e+02 6.369125000000000000e+03
1.009217213885667945e+02 6.367250000000000000e+03
1.009248733776072271e+02 6.363500000000000000e+03
1.009311885623543503e+02 6.356000000000000000e+03
1.009323985925694842e+02 6.354825000000000728e+03
1.009336090732548001e+02 6.353650000000000546e+03
1.009360313870448635e+02 6.351300000000000182e+03
1.009408814313747200e+02 6.346600000000000364e+03
1.009432085532192218e+02 6.344647687276229590e+03
1.009455359297450912e+02 6.342696036002298570e+03
1.009501914476127098e+02 6.338794716459812662e+03
1.009548479864385087e+02 6.334896038686511019e+03
1.009595055477120411e+02 6.331000000000000000e+03
1.009638912175803114e+02 6.327334596315524323e+03
1.009687868612478496e+02 6.323246641096669919e+03
1.009736836957230821e+02 6.319161558655203407e+03
1.009834809444306387e+02 6.311000000000000000e+03
1.009955207309766365e+02 6.300991482874092981e+03
1.010075681274242072e+02 6.291000000000000000e+03
1.010181651286667375e+02 6.282230723220483014e+03
1.010287684717887089e+02 6.273474316488087425e+03
1.010393781758137948e+02 6.264730751490902549e+03
1.010499942597999450e+02 6.256000000000000000e+03
1.010622023915387615e+02 6.245982315499501055e+03
1.010744196672320356e+02 6.235981114146495202e+03
1.010927752264471451e+02 6.221000000000000000e+03
1.011143317717535410e+02 6.203475292094711222e+03
1.011359191962284712e+02 6.186000000000000000e+03
1.011576600116582370e+02 6.168475816192898492e+03
1.011794346445990698e+02 6.151000000000000000e+03
1.011831566972488190e+02 6.148168268311272186e+03
1.011868870196189505e+02 6.145334118958759063e+03
1.011943725734051327e+02 6.139658554866933628e+03
1.012018915088749651e+02 6.133973282880642728e+03
1.012094440298029667e+02 6.128278278070941269e+03
1.012242517142122722e+02 6.117157741448922025e+03
1.012317041114587681e+02 6.111583532987353465e+03
1.012391891351948630e+02 6.106000000000000000e+03
1.012544567664930923e+02 6.094657484409988683e+03
1.012621416441647852e+02 6.088971767949280547e+03
1.012698608383416001e+02 6.083276379584152892e+03
1.012849933698078644e+02 6.072156670230864620e+03
1.013002584229853653e+02 6.061000000000000000e+03
1.013169975841622232e+02 6.048834999067952594e+03
1.013316092433550040e+02 6.038274581129143371e+03
1.013527502082281728e+02 6.023090516904660944e+03
1.013626760623269263e+02 6.016000000000000000e+03
1.013759076432945108e+02 6.006585953588864868e+03
1.013892371595206896e+02 5.997145694263439509e+03
1.014077616842309055e+02 5.984097967492593853e+03
1.014264765901073702e+02 5.971000000000000000e+03
1.014370660261540422e+02 5.963885586377381514e+03
1.014478170781519282e+02 5.956711063565764562e+03
1.014655663377011763e+02 5.944971253664713913e+03
1.014837621662256879e+02 5.933068701681323546e+03
1.014930323063936157e+02 5.927055336232162517e+03
1.015024198410454375e+02 5.921000000000000000e+03
1.015253943909002032e+02 5.906322774931001732e+03
1.015490827093470472e+02 5.891395956763047252e+03
1.015653613809322451e+02 5.881256383119759448e+03
1.015819830929400780e+02 5.871000000000000000e+03
1.016052527812389030e+02 5.856801948922146948e+03
1.016247876591502148e+02 5.845023708057446129e+03
1.016269026233336206e+02 5.843756106197040936e+03
1.016340059214436167e+02 5.839509453895870138e+03
1.016343485162247902e+02 5.839305051769019883e+03
1.016346912517745693e+02 5.839100603783760562e+03
1.016353771454877517e+02 5.838691570176271853e+03
1.016367506255351714e+02 5.837872951980803009e+03
1.016395043734911496e+02 5.836233508201259610e+03
1.016401638471005242e+02 5.835841254024722730e+03
1.016408238401280357e+02 5.835448831251936099e+03
1.016421453866154252e+02 5.834663479482633193e+03
1.016447947366678335e+02 5.833090747999037376e+03
1.016652892784034492e+02 5.821000000000000000e+03
1.016801343112544060e+02 5.812324404815953130e+03
1.017045372624281185e+02 5.798209559798375267e+03
1.017145372965119634e+02 5.792477131407868910e+03
1.017296362189132992e+02 5.783877590861345197e+03
1.017373405572598983e+02 5.779515157886744419e+03
1.017387034707106466e+02 5.778745214811430742e+03
1.017524662403188245e+02 5.771000000000000000e+03
1.017591642117558592e+02 5.767247208179240261e+03
1.017709735621429843e+02 5.760647581597568205e+03
1.017840363145809590e+02 5.753372645957148961e+03
1.018154224295453218e+02 5.736000000000000000e+03
1.018185505387543799e+02 5.734276765325053020e+03
1.018215737593322103e+02 5.732612718651146679e+03
1.018246008971287608e+02 5.730947898682818050e+03
1.018518841058165094e+02 5.716005170388375518e+03
1.018794870696745818e+02 5.701000000000000000e+03
1.018887908245786349e+02 5.696299767616116696e+03
1.018981759715883868e+02 5.691577756961269188e+03
1.019171942642940252e+02 5.682067792569701851e+03
1.019493625639966012e+02 5.666158182732464411e+03
1.019570365165109820e+02 5.662394951670154114e+03
1.019575921883683947e+02 5.662122929592526816e+03
1.019581481365945024e+02 5.661850836085401170e+03
1.019592608628864667e+02 5.661306434670083945e+03
1.019614896399936299e+02 5.660216773446381922e+03
1.019616283115034321e+02 5.660149010020322748e+03
1.019629208368119464e+02 5.659517593057181330e+03
1.019642148537591311e+02 5.658885791585033076e+03
1.019668073717618597e+02 5.657621033707950119e+03
1.019720104090543771e+02 5.655086888358275246e+03
1.019824890114203555e+02 5.650000000000000000e+03
1.020256636254053006e+02 5.629272204888298802e+03
1.020564008810032135e+02 5.614737222997924619e+03
1.020879589779344769e+02 5.600000000000000000e+03
1.020975389658990053e+02 5.595559138360928046e+03
1.021071491756623857e+02 5.591113821732636097e+03
1.021264607876043584e+02 5.582209796666496004e+03
1.021654525219738332e+02 5.564347990646462677e+03
1.022006683976752157e+02 5.548347817202922670e+03
1.022184272187278822e+02 5.540326122140537336e+03
1.022362876875422302e+02 5.532289969591510271e+03
1.022723167941227587e+02 5.516174135411034513e+03
1.022904870958241474e+02 5.508094375114532340e+03
1.023087623332347817e+02 5.500000000000000000e+03
1.023490339802733615e+02 5.482274596889916211e+03
1.023693575073509834e+02 5.473386772410306548e+03
1.023898076073564312e+02 5.464482135951820965e+03
1.024268645516749956e+02 5.448443906490607333e+03
1.024455495481575156e+02 5.440404303246951713e+03
1.024643399806208777e+02 5.432350994423984048e+03
1.025022404623999250e+02 5.416203119612529008e+03
1.025213522173029048e+02 5.408108483110237103e+03
1.025405727798540454e+02 5.400000000000000000e+03
1.025826950711105638e+02 5.382341283162184482e+03
1.026253327605412267e+02 5.364619688891984879e+03
1.027037686882862033e+02 5.332414195103907332e+03
1.027079155016165686e+02 5.330725577178969615e+03
1.027839728288487606e+02 5.300000000000000000e+03
1.028628587488734070e+02 5.268613070347176290e+03
1.029434517028293214e+02 5.237037856906376874e+03
1.030395988233830593e+02 5.200000000000000000e+03
1.030892815543524250e+02 5.181123188790137647e+03
1.031396005636554492e+02 5.162181835061464881e+03
1.031905673521767426e+02 5.143175607226947250e+03
1.032421936934831024e+02 5.124104171424285596e+03
1.032437427508418182e+02 5.123534711241189143e+03
1.032452924051839034e+02 5.122965192817484422e+03
1.032483935061048044e+02 5.121825981212500665e+03
1.032514969988420148e+02 5.120686536537831671e+03
1.032546028859885894e+02 5.119546858721945682e+03
1.032585861744213958e+02 5.118086171107819609e+03
1.032625734039805394e+02 5.116625100430052953e+03
1.032665645801479855e+02 5.115163646537939712e+03
1.032705597084156466e+02 5.113701809280693851e+03
1.032785443391182270e+02 5.110783377244053554e+03
1.032865447749736632e+02 5.107863416640710057e+03
1.032973319102777339e+02 5.103933093874856240e+03
1.033081478329143295e+02 5.100000000000000000e+03
1.033087663735309150e+02 5.099775307355141194e+03
1.033146957150966330e+02 5.097622666933323671e+03
1.033218053574634325e+02 5.095044541692768689e+03
1.033289272442794271e+02 5.092465273752032772e+03
1.033432078695813345e+02 5.087303306729801989e+03
1.033574931078899226e+02 5.082152863521321706e+03
1.033718276128932985e+02 5.076997862837097273e+03
1.033861673044520160e+02 5.071854175867099912e+03
1.034005564371356343e+02 5.066705947393367751e+03
1.034021181394256672e+02 5.066147985041328866e+03
1.034036804250154375e+02 5.065589969318183648e+03
1.034068067473157271e+02 5.064473777727936067e+03
1.034099354065006366e+02 5.063357372561343254e+03
1.034130664050313158e+02 5.062240753757101629e+03
1.034193354299414693e+02 5.060006874990323922e+03
1.034256138418539592e+02 5.057772140936690448e+03
1.034381989055834197e+02 5.053300105003316276e+03
1.034508217557769854e+02 5.048824642022135777e+03
1.034762758175195216e+02 5.039830148983069193e+03
1.035018840998321963e+02 5.030821798014501837e+03
1.035459037282781196e+02 5.015431166328467953e+03
1.035680851697784135e+02 5.007720659996419272e+03
1.035903821440525689e+02 5.000000000000000000e+03
1.036358430089262299e+02 4.984350466656896970e+03
1.036817801091849418e+02 4.968660727985812628e+03
1.037751113220681418e+02 4.937160013312628507e+03
1.038307762944932620e+02 4.918608118927849318e+03
1.038871385452456479e+02 4.900000000000000000e+03
1.040031882903928420e+02 4.862230287249800313e+03
1.041222008677954420e+02 4.824236259859541860e+03
1.041317747394905666e+02 4.821211725570394265e+03
1.041413680023296990e+02 4.818185765245956645e+03
1.041606129235920264e+02 4.812129562455151245e+03
1.041993379184234811e+02 4.800000000000000000e+03
1.042101458121724704e+02 4.796628177874657922e+03
1.042209778997367522e+02 4.793254645241781873e+03
1.042695275694318440e+02 4.778205745655412102e+03
1.042939851774667090e+02 4.770668521131959096e+03
1.043185657901804575e+02 4.763122760832113272e+03
1.043750752076099388e+02 4.745886131456858493e+03
1.044322392767356718e+02 4.728604880064525787e+03
1.045197462077107673e+02 4.702447642573829398e+03
1.045238693121986984e+02 4.701223933096043766e+03
1.045279958056950136e+02 4.700000000000000000e+03
1.046263788584462588e+02 4.671047855811226327e+03
1.047266850366351605e+02 4.641974078156351425e+03
1.047945436155732040e+02 4.622554150333280631e+03
1.048742321758617209e+02 4.600000000000000000e+03
1.049383890307693150e+02 4.582035357707135518e+03
1.049475369874263038e+02 4.579487693472211504e+03
1.049567005793355889e+02 4.576939121644680199e+03
1.049750748212659630e+02 4.571839253271146845e+03
1.050120126129017706e+02 4.561628604046322835e+03
1.050866541347754008e+02 4.541163546563089767e+03
1.050929077343412672e+02 4.539459058171074503e+03
1.050991685252588042e+02 4.537754164709254837e+03
1.051687812220395131e+02 4.518901882588699664e+03
1.052392883354894479e+02 4.500000000000000000e+03
1.052494896888270119e+02 4.497281034716017530e+03
1.052597097476846955e+02 4.494561065026764481e+03
1.053421531546707968e+02 4.472764117764656476e+03
1.054258226080452800e+02 4.450902561122331463e+03
1.055969452005079177e+02 4.406984467210255389e+03
1.056245404248172832e+02 4.400000000000000000e+03
1.056810953996628371e+02 4.385768783619147143e+03
1.057382023773838569e+02 4.371510725873732554e+03
1.058830586678685393e+02 4.335839642122849909e+03
1.060315206168079953e+02 4.300000000000000000e+03
1.062327409884186409e+02 4.252544907707078892e+03
1.063262450649386892e+02 4.230918457524750920e+03
1.063937244826282011e+02 4.215474635658658372e+03
1.064619373558276578e+02 4.200000000000000000e+03
1.066008904852062358e+02 4.168895314184890594e+03
1.067429234647053136e+02 4.137666949604132242e+03
1.067492060911031899e+02 4.136298565928655080e+03
1.068329119032312349e+02 4.118170185945573394e+03
1.069177035251027803e+02 4.100000000000000000e+03
1.070908092370048337e+02 4.063495247384585582e+03
1.072685142138324892e+02 4.026822041401353090e+03
1.073013864294292716e+02 4.020124987488006354e+03
1.073344182252565275e+02 4.013422300691796409e+03
1.074009650570162648e+02 4.000000000000000000e+03
1.074251750278143902e+02 3.995143612901741562e+03
1.074494705886498878e+02 3.990284269093446710e+03
1.075407715550863657e+02 3.972149362520172872e+03
1.076332904523241609e+02 3.953973216789043363e+03
1.076450204630334895e+02 3.951683009119788494e+03
1.076567701836650031e+02 3.949392145892666576e+03
1.076803289468243179e+02 3.944808451638598854e+03
1.077380604671433133e+02 3.933629798901071808e+03
1.077962690913033867e+02 3.922435527900394845e+03
1.078549605741762321e+02 3.911225605882083528e+03
1.079141407638756505e+02 3.900000000000000000e+03
1.080338861629176819e+02 3.877521237213616132e+03
1.081556578244002651e+02 3.854979169015443404e+03
1.084054821830618778e+02 3.809704043666336020e+03
1.084326721753290030e+02 3.804853485772945078e+03
1.084599622686432383e+02 3.800000000000000000e+03
1.085480910083703634e+02 3.784427856473555948e+03
1.086372737045299033e+02 3.768825250797792251e+03
1.088188751454034104e+02 3.737528294758099491e+03
1.090415328105443962e+02 3.700000000000000000e+03
1.092340271596532233e+02 3.668280721280808848e+03
1.093520029754022715e+02 3.649163394452884859e+03
1.094717748971536793e+02 3.630000000000000000e+03
1.095665486202931618e+02 3.614999772910571210e+03
1.096142530518413452e+02 3.607499829684217730e+03
1.096621711495843954e+02 3.600000000000000000e+03
1.098119301234870022e+02 3.576775986262010065e+03
1.098875964062705464e+02 3.565164474887929828e+03
1.099637948239934815e+02 3.553553293824999400e+03
1.101415914884444476e+02 3.526775768576072096e+03
1.103223227065118976e+02 3.500000000000000000e+03
1.103767412499445300e+02 3.492023793463924903e+03
1.104592861575541463e+02 3.480000000000000000e+03
1.105418310651637483e+02 3.492023793463924903e+03
1.105962496085963664e+02 3.500000000000000000e+03
1.107769808266638165e+02 3.526775768576072096e+03
1.109547774911147826e+02 3.553553293824999400e+03
1.110309759088377177e+02 3.565164474887929828e+03
1.111066421916212619e+02 3.576775986262010065e+03
1.112564011655238971e+02 3.600000000000000000e+03
1.113043192632669331e+02 3.607499829684217730e+03
1.113520236948151165e+02 3.614999772910571210e+03
1.114467974179545990e+02 3.630000000000000000e+03
1.115665693397060068e+02 3.649163394452884859e+03
1.116845451554550550e+02 3.668280721280808848e+03
1.118770395045638821e+02 3.700000000000000000e+03
1.120996971697048679e+02 3.737528294758099491e+03
1.122812986105783750e+02 3.768825250797792251e+03
1.123704813067379007e+02 3.784427856473555948e+03
1.124586100464650400e+02 3.800000000000000000e+03
1.124859001397792753e+02 3.804853485772945078e+03
1.125130901320463863e+02 3.809704043666336020e+03
1.127629144907079990e+02 3.854979169015443404e+03
1.128846861521905964e+02 3.877521237213616132e+03
1.130044315512326136e+02 3.900000000000000000e+03
1.130636117409320320e+02 3.911225605882083528e+03
1.131223032238048916e+02 3.922435527900394845e+03
1.131805118479649650e+02 3.933629798901071808e+03
1.132382433682839462e+02 3.944808451638598854e+03
1.132618021314432610e+02 3.949392145892666576e+03
1.132735518520748030e+02 3.951683009119788494e+03
1.132852818627841174e+02 3.953973216789043363e+03
1.133778007600218984e+02 3.972149362520172872e+03
1.134691017264583763e+02 3.990284269093446710e+03
1.134933972872938881e+02 3.995143612901741562e+03
1.135176072580919993e+02 4.000000000000000000e+03
1.135841540898517508e+02 4.013422300691796409e+03
1.136171858856789925e+02 4.020124987488006354e+03
1.136500581012757891e+02 4.026822041401353090e+03
1.138277630781034588e+02 4.063495247384585582e+03
1.140008687900054980e+02 4.100000000000000000e+03
1.140856604118770434e+02 4.118170185945573394e+03
1.141693662240051026e+02 4.136298565928655080e+03
1.141756488504029647e+02 4.137666949604132242e+03
1.143176818299020567e+02 4.168895314184890594e+03
1.144566349592806205e+02 4.200000000000000000e+03
1.145248478324800772e+02 4.215474635658658372e+03
1.145923272501695891e+02 4.230918457524750920e+03
1.146858313266896232e+02 4.252544907707078892e+03
1.148870516983002688e+02 4.300000000000000000e+03
1.150355136472397390e+02 4.335839642122849909e+03
1.151803699377244214e+02 4.371510725873732554e+03
1.152374769154454555e+02 4.385768783619147143e+03
1.152940318902909951e+02 4.400000000000000000e+03
1.153216271146003606e+02 4.406984467210255389e+03
1.154927497070629840e+02 4.450902561122331463e+03
1.155764191604374957e+02 4.472764117764656476e+03
1.156588625674235686e+02 4.494561065026764481e+03
1.156690826262812664e+02 4.497281034716017530e+03
1.156792839796188161e+02 4.500000000000000000e+03
1.157497910930687510e+02 4.518901882588699664e+03
1.158194037898494742e+02 4.537754164709254837e+03
1.158256645807670111e+02 4.539459058171074503e+03
1.158319181803328775e+02 4.541163546563089767e+03
1.159065597022065077e+02 4.561628604046322835e+03
1.159434974938423295e+02 4.571839253271146845e+03
1.159618717357726894e+02 4.576939121644680199e+03
1.159710353276819603e+02 4.579487693472211504e+03
1.159801832843389491e+02 4.582035357707135518e+03
1.160443401392465432e+02 4.600000000000000000e+03
1.161240286995350743e+02 4.622554150333280631e+03
1.161918872784731036e+02 4.641974078156351425e+03
1.162921934566620195e+02 4.671047855811226327e+03
1.163905765094132647e+02 4.700000000000000000e+03
1.163947030029095799e+02 4.701223933096043766e+03
1.163988261073975252e+02 4.702447642573829398e+03
1.164863330383726066e+02 4.728604880064525787e+03
1.165434971074983537e+02 4.745886131456858493e+03
1.166000065249278066e+02 4.763122760832113272e+03
1.166245871376415550e+02 4.770668521131959096e+03
1.166490447456764343e+02 4.778205745655412102e+03
1.166975944153715261e+02 4.793254645241781873e+03
1.167084265029358079e+02 4.796628177874657922e+03
1.167192343966847972e+02 4.800000000000000000e+03
1.167579593915162519e+02 4.812129562455151245e+03
1.167772043127785935e+02 4.818185765245956645e+03
1.167867975756176975e+02 4.821211725570394265e+03
1.167963714473128505e+02 4.824236259859541860e+03
1.169153840247154506e+02 4.862230287249800313e+03
1.170314337698626161e+02 4.900000000000000000e+03
1.170877960206150021e+02 4.918608118927849318e+03
1.171434609930401507e+02 4.937160013312628507e+03
1.172367922059233365e+02 4.968660727985812628e+03
1.172827293061820484e+02 4.984350466656896970e+03
1.173281901710556951e+02 5.000000000000000000e+03
1.173504871453298506e+02 5.007720659996419272e+03
1.173726685868301445e+02 5.015431166328467953e+03
1.174166882152760536e+02 5.030821798014501837e+03
1.174422964975887282e+02 5.039830148983069193e+03
1.174677505593312645e+02 5.048824642022135777e+03
1.174803734095248160e+02 5.053300105003316276e+03
1.174929584732543049e+02 5.057772140936690448e+03
1.174992368851667806e+02 5.060006874990323922e+03
1.175055059100769199e+02 5.062240753757101629e+03
1.175086369086076132e+02 5.063357372561343254e+03
1.175117655677925086e+02 5.064473777727936067e+03
1.175148918900928265e+02 5.065589969318183648e+03
1.175164541756825827e+02 5.066147985041328866e+03
1.175180158779726298e+02 5.066705947393367751e+03
1.175324050106562481e+02 5.071854175867099912e+03
1.175467447022149656e+02 5.076997862837097273e+03
1.175610792072183557e+02 5.082152863521321706e+03
1.175753644455269296e+02 5.087303306729801989e+03
1.175896450708288228e+02 5.092465273752032772e+03
1.175967669576448316e+02 5.095044541692768689e+03
1.176038766000116169e+02 5.097622666933323671e+03
1.176098059415773491e+02 5.099775307355141194e+03
1.176104244821939204e+02 5.100000000000000000e+03
1.176212404048305302e+02 5.103933093874856240e+03
1.176320275401345867e+02 5.107863416640710057e+03
1.176400279759900229e+02 5.110783377244053554e+03
1.176480126066926175e+02 5.113701809280693851e+03
1.176520077349602786e+02 5.115163646537939712e+03
1.176559989111277105e+02 5.116625100430052953e+03
1.176599861406868683e+02 5.118086171107819609e+03
1.176639694291196747e+02 5.119546858721945682e+03
1.176670753162662493e+02 5.120686536537831671e+03
1.176701788090034597e+02 5.121825981212500665e+03
1.176732799099243607e+02 5.122965192817484422e+03
1.176748295642664459e+02 5.123534711241189143e+03
1.176763786216251617e+02 5.124104171424285596e+03
1.177280049629315073e+02 5.143175607226947250e+03
1.177789717514528149e+02 5.162181835061464881e+03
1.178292907607558533e+02 5.181123188790137647e+03
1.178789734917252048e+02 5.200000000000000000e+03
1.179751206122789426e+02 5.237037856906376874e+03
1.180557135662348571e+02 5.268613070347176290e+03
1.181345994862595035e+02 5.300000000000000000e+03
1.182106568134916955e+02 5.330725577178969615e+03
1.182148036268220608e+02 5.332414195103907332e+03
1.182932395545670090e+02 5.364619688891984879e+03
1.183358772439976860e+02 5.382341283162184482e+03
1.183779995352541903e+02 5.400000000000000000e+03
1.183972200978053451e+02 5.408108483110237103e+03
1.184163318527083106e+02 5.416203119612529008e+03
1.184542323344873580e+02 5.432350994423984048e+03
1.184730227669507059e+02 5.440404303246951713e+03
1.184917077634332401e+02 5.448443906490607333e+03
1.185287647077518045e+02 5.464482135951820965e+03
1.185492148077572665e+02 5.473386772410306548e+03
1.185695383348348741e+02 5.482274596889916211e+03
1.186098099818734539e+02 5.500000000000000000e+03
1.186280852192840598e+02 5.508094375114532340e+03
1.186462555209854486e+02 5.516174135411034513e+03
1.186822846275659913e+02 5.532289969591510271e+03
1.187001450963803393e+02 5.540326122140537336e+03
1.187179039174330057e+02 5.548347817202922670e+03
1.187531197931343740e+02 5.564347990646462677e+03
1.187921115275038630e+02 5.582209796666496004e+03
1.188114231394458216e+02 5.591113821732636097e+03
1.188210333492092161e+02 5.595559138360928046e+03
1.188306133371737303e+02 5.600000000000000000e+03
1.188621714341049938e+02 5.614737222997924619e+03
1.188929086897029208e+02 5.629272204888298802e+03
1.189360833036878660e+02 5.650000000000000000e+03
1.189465619060538444e+02 5.655086888358275246e+03
1.189517649433463617e+02 5.657621033707950119e+03
1.189543574613491046e+02 5.658885791585033076e+03
1.189556514782962893e+02 5.659517593057181330e+03
1.189569440036047894e+02 5.660149010020322748e+03
1.189570826751146058e+02 5.660216773446381922e+03
1.189593114522217547e+02 5.661306434670083945e+03
1.189604241785137049e+02 5.661850836085401170e+03
1.189609801267398268e+02 5.662122929592526816e+03
1.189615357985972395e+02 5.662394951670154114e+03
1.189692097511116344e+02 5.666158182732464411e+03
1.190013780508141963e+02 5.682067792569701851e+03
1.190203963435198347e+02 5.691577756961269188e+03
1.190297814905295866e+02 5.696299767616116696e+03
1.190390852454336255e+02 5.701000000000000000e+03
1.190666882092916978e+02 5.716005170388375518e+03
1.190939714179794464e+02 5.730947898682818050e+03
1.190969985557759969e+02 5.732612718651146679e+03
1.191000217763538416e+02 5.734276765325053020e+03
1.191031498855629138e+02 5.736000000000000000e+03
1.191345360005272482e+02 5.753372645957148961e+03
1.191475987529652230e+02 5.760647581597568205e+03
1.191594081033523480e+02 5.767247208179240261e+03
1.191661060747893828e+02 5.771000000000000000e+03
1.191798688443975891e+02 5.778745214811430742e+03
1.191812317578483089e+02 5.779515157886744419e+03
1.191889360961949222e+02 5.783877590861345197e+03
1.192040350185962438e+02 5.792477131407868910e+03
1.192140350526800887e+02 5.798209559798375267e+03
1.192384380038538012e+02 5.812324404815953130e+03
1.192532830367047438e+02 5.821000000000000000e+03
1.192737775784403595e+02 5.833090747999037376e+03
1.192764269284927821e+02 5.834663479482633193e+03
1.192777484749801715e+02 5.835448831251936099e+03
1.192784084680076830e+02 5.835841254024722730e+03
1.192790679416170576e+02 5.836233508201259610e+03
1.192818216895730501e+02 5.837872951980803009e+03
1.192831951696204555e+02 5.838691570176271853e+03
1.192838810633336237e+02 5.839100603783760562e+03
1.192842237988834029e+02 5.839305051769019883e+03
1.192845663936645906e+02 5.839509453895870138e+03
1.192916696917745725e+02 5.843756106197040936e+03
1.192937846559579782e+02 5.845023708057446129e+03
1.193133195338692900e+02 5.856801948922146948e+03
1.193365892221681008e+02 5.871000000000000000e+03
1.193532109341759337e+02 5.881256383119759448e+03
1.193694896057611317e+02 5.891395956763047252e+03
1.193931779242079756e+02 5.906322774931001732e+03
1.194161524740627414e+02 5.921000000000000000e+03
1.194255400087145631e+02 5.927055336232162517e+03
1.194348101488824909e+02 5.933068701681323546e+03
1.194530059774070025e+02 5.944971253664713913e+03
1.194707552369562507e+02 5.956711063565764562e+03
1.194815062889541224e+02 5.963885586377381514e+03
1.194920957250008087e+02 5.971000000000000000e+03
1.195108106308772733e+02 5.984097967492593853e+03
1.195293351555874892e+02 5.997145694263439509e+03
1.195426646718136681e+02 6.006585953588864868e+03
1.195558962527812525e+02 6.016000000000000000e+03
1.195658221068800060e+02 6.023090516904660944e+03
1.195869630717531606e+02 6.038274581129143371e+03
1.196015747309459414e+02 6.048834999067952594e+03
1.196183138921228135e+02 6.061000000000000000e+03
1.196335789453002860e+02 6.072156670230864620e+03
1.196487114767665787e+02 6.083276379584152892e+03
1.196564306709433936e+02 6.088971767949280547e+03
1.196641155486150865e+02 6.094657484409988683e+03
1.196793831799132874e+02 6.106000000000000000e+03
1.196868682036493965e+02 6.111583532987353465e+03
1.196943206008958782e+02 6.117157741448922025e+03
1.197091282853051979e+02 6.128278278070941269e+03
1.197166808062331995e+02 6.133973282880642728e+03
1.197241997417030461e+02 6.139658554866933628e+03
1.197316852954892141e+02 6.145334118958759063e+03
1.197354156178593456e+02 6.148168268311272186e+03
1.197391376705090806e+02 6.151000000000000000e+03
1.197609123034499135e+02 6.168475816192898492e+03
1.197826531188796935e+02 6.186000000000000000e+03
1.198042405433546378e+02 6.203475292094711222e+03
1.198257970886610195e+02 6.221000000000000000e+03
1.198441526478761148e+02 6.235981114146495202e+03
1.198563699235693889e+02 6.245982315499501055e+03
1.198685780553082054e+02 6.256000000000000000e+03
1.198791941392943556e+02 6.264730751490902549e+03
1.198898038433194557e+02 6.273474316488087425e+03
1.199004071864414129e+02 6.282230723220483014e+03
1.199110041876839432e+02 6.291000000000000000e+03
1.199230515841315139e+02 6.300991482874092981e+03
1.199350913706774975e+02 6.311000000000000000e+03
1.199448886193850399e+02 6.319161558655203407e+03
1.199497854538602724e+02 6.323246641096669919e+03
1.199546810975278106e+02 6.327334596315524323e+03
1.199590667673960809e+02 6.331000000000000000e+03
1.199637243286696275e+02 6.334896038686511019e+03
1.199683808674954264e+02 6.338794716459812662e+03
1.199730363853630450e+02 6.342696036002298570e+03
1.199753637618889144e+02 6.344647687276229590e+03
1.199776908837334162e+02 6.346600000000000364e+03
1.199825409280632584e+02 6.351300000000000182e+03
1.199849632418533361e+02 6.353650000000000546e+03
1.199861737225386662e+02 6.354825000000000728e+03
1.199873837527537859e+02 6.356000000000000000e+03
1.199936989375009091e+02 6.363500000000000000e+03
1.199968509265413275e+02 6.367250000000000000e+03
1.199984255231318002e+02 6.369125000000000000e+03
1.199992124723067377e+02 6.370062500000000000e+03
1.199999991888725788e+02 6.371000000000000000e+03
