8.000000224530214155e+01 5.771000000000000000e+03
8.003208823426147944e+01 5.778745214811430742e+03
8.003526432706338767e+01 5.779515157886744419e+03
8.005321371556323129e+01 5.783877590861345197e+03
8.008836835657371012e+01 5.792477131407868910e+03
8.011163499575853564e+01 5.798209559798375267e+03
8.016835789504619925e+01 5.812324404815953130e+03
8.020282660229825922e+01 5.821000000000000000e+03
8.025036654484193832e+01 5.833090747999037376e+03
8.025650817570488016e+01 5.834663479482633193e+03
8.025957140495968645e+01 5.835448831251936099e+03
8.026110112798596674e+01 5.835841254024722730e+03
8.026262959181487133e+01 5.836233508201259610e+03
8.026901136403034798e+01 5.837872951980803009e+03
8.027219402486649358e+01 5.838691570176271853e+03
8.027378330455819366e+01 5.839100603783760562e+03
8.027457743241944854e+01 5.839305051769019883e+03
8.027537121922166818e+01 5.839509453895870138e+03
8.029182609716848162e+01 5.843756106197040936e+03
8.029672420360037677e+01 5.845023708057446129e+03
8.034193885988928230e+01 5.856801948922146948e+03
8.039573534109030106e+01 5.871000000000000000e+03
8.043412115840789056e+01 5.881256383119759448e+03
8.047168149529989023e+01 5.891395956763047252e+03
8.052627986073655109e+01 5.906322774931001732e+03
8.057916729225078711e+01 5.921000000000000000e+03
8.060075888098103292e+01 5.927055336232162517e+03
8.062206995058723180e+01 5.933068701681323546e+03
8.066386996313671887e+01 5.944971253664713913e+03
8.070460566286281789e+01 5.956711063565764562e+03
8.072926165671553633e+01 5.963885586377381514e+03
8.075353350969763255e+01 5.971000000000000000e+03
8.079626913414234934e+01 5.984097967492593853e+03
8.083855383404309691e+01 5.997145694263439509e+03
8.086897030353443938e+01 6.006585953588864868e+03
8.089915509953382866e+01 6.016000000000000000e+03
8.092179329521403019e+01 6.023090516904660944e+03
8.096999489086134361e+01 6.038274581129143371e+03
8.100329752494982927e+01 6.048834999067952594e+03
8.104143702398936000e+01 6.061000000000000000e+03
8.107620659843381361e+01 6.072156670230864620e+03
8.111066378411581468e+01 6.083276379584152892e+03
8.112823656754787294e+01 6.088971767949280547e+03
8.114572852871641828e+01 6.094657484409988683e+03
8.118047202153880448e+01 6.106000000000000000e+03
8.119750130355598117e+01 6.111583532987353465e+03
8.121445383254864225e+01 6.117157741448922025e+03
8.124813052666536350e+01 6.128278278070941269e+03
8.126530319586213125e+01 6.133973282880642728e+03
8.128239694515525571e+01 6.139658554866933628e+03
8.129941227560749439e+01 6.145334118958759063e+03
8.130789069011078141e+01 6.148168268311272186e+03
8.131634968593802171e+01 6.151000000000000000e+03
8.136563945976186574e+01 6.168475816192898492e+03
8.141484739299272633e+01 6.186000000000000000e+03
8.146370298998107273e+01 6.203475292094711222e+03
8.151248365633222193e+01 6.221000000000000000e+03
8.155401683692420534e+01 6.235981114146495202e+03
8.158165893579604244e+01 6.245982315499501055e+03
8.160927877792066454e+01 6.256000000000000000e+03
8.163329549129377938e+01 6.264730751490902549e+03
8.165729661828687824e+01 6.273474316488087425e+03
8.168128220589967725e+01 6.282230723220483014e+03
8.170525230103638137e+01 6.291000000000000000e+03
8.173250177078899981e+01 6.300991482874092981e+03
8.175973258230439455e+01 6.311000000000000000e+03
8.178189030833358686e+01 6.319161558655203407e+03
8.179296477055225978e+01 6.323246641096669919e+03
8.180403630490567934e+01 6.327334596315524323e+03
8.181395433052861677e+01 6.331000000000000000e+03
8.182448702362654558e+01 6.334896038686511019e+03
8.183501719535554741e+01 6.338794716459812662e+03
8.184554484936586505e+01 6.342696036002298570e+03
8.185080773333294246e+01 6.344647687276229590e+03
8.185606998923795175e+01 6.346600000000000364e+03
8.186694202228697748e+01 6.351300000000000182e+03
8.187237180906805634e+01 6.353650000000000546e+03
8.187508514712808960e+01 6.354825000000000728e+03
8.187779744910189095e+01 6.356000000000000000e+03
8.189183330374518732e+01 6.363500000000000000e+03
8.189883856432068399e+01 6.367250000000000000e+03
8.190233803463685547e+01 6.369125000000000000e+03
8.190408698063947668e+01 6.370062500000000000e+03
8.190583540085711434e+01 6.371000000000000000e+03
8.190758382107475200e+01 6.370062500000000000e+03
8.190933276707738742e+01 6.369125000000000000e+03
8.191283223739355890e+01 6.367250000000000000e+03
8.191983749796905556e+01 6.363500000000000000e+03
8.193387335261235194e+01 6.356000000000000000e+03
8.193658565458615328e+01 6.354825000000000728e+03
8.193929899264618655e+01 6.353650000000000546e+03
8.194472877942726541e+01 6.351300000000000182e+03
8.195560081247629114e+01 6.346600000000000364e+03
8.196086306838130042e+01 6.344647687276229590e+03
8.196612595234836363e+01 6.342696036002298570e+03
8.197665360635869547e+01 6.338794716459812662e+03
8.198718377808769731e+01 6.334896038686511019e+03
8.199771647118562612e+01 6.331000000000000000e+03
8.200763449680856354e+01 6.327334596315524323e+03
8.201870603116198311e+01 6.323246641096669919e+03
8.202978049338065603e+01 6.319161558655203407e+03
8.205193821940984833e+01 6.311000000000000000e+03
8.207916903092524308e+01 6.300991482874092981e+03
8.210641850067786152e+01 6.291000000000000000e+03
8.213038859581456563e+01 6.282230723220483014e+03
8.215437418342736464e+01 6.273474316488087425e+03
8.217837531042046351e+01 6.264730751490902549e+03
8.220239202379357835e+01 6.256000000000000000e+03
8.223001186591820044e+01 6.245982315499501055e+03
8.225765396479003755e+01 6.235981114146495202e+03
8.229918714538202096e+01 6.221000000000000000e+03
8.234796781173317015e+01 6.203475292094711222e+03
8.239682340872151656e+01 6.186000000000000000e+03
8.244603134195237715e+01 6.168475816192898492e+03
8.249532111577622118e+01 6.151000000000000000e+03
8.250378011160346148e+01 6.148168268311272186e+03
8.251225852610674849e+01 6.145334118958759063e+03
8.252927385655898718e+01 6.139658554866933628e+03
8.254636760585211164e+01 6.133973282880642728e+03
8.256354027504887938e+01 6.128278278070941269e+03
8.259721696916560063e+01 6.117157741448922025e+03
8.261416949815824751e+01 6.111583532987353465e+03
8.263119878017542419e+01 6.106000000000000000e+03
8.266594227299782460e+01 6.094657484409988683e+03
8.268343423416636995e+01 6.088971767949280547e+03
8.270100701759842821e+01 6.083276379584152892e+03
8.273546420328042927e+01 6.072156670230864620e+03
8.277023377772488288e+01 6.061000000000000000e+03
8.280837327676441362e+01 6.048834999067952594e+03
8.284167591085289928e+01 6.038274581129143371e+03
8.288987750650019848e+01 6.023090516904660944e+03
8.291251570218041422e+01 6.016000000000000000e+03
8.294270049817980350e+01 6.006585953588864868e+03
8.297311696767114597e+01 5.997145694263439509e+03
8.301540166757189354e+01 5.984097967492593853e+03
8.305813729201661033e+01 5.971000000000000000e+03
8.308240914499869234e+01 5.963885586377381514e+03
8.310706513885142499e+01 5.956711063565764562e+03
8.314780083857750981e+01 5.944971253664713913e+03
8.318960085112701108e+01 5.933068701681323546e+03
8.321091192073320997e+01 5.927055336232162517e+03
8.323250350946345577e+01 5.921000000000000000e+03
8.328539094097769180e+01 5.906322774931001732e+03
8.333998930641435265e+01 5.891395956763047252e+03
8.337754964330635232e+01 5.881256383119759448e+03
8.341593546062394182e+01 5.871000000000000000e+03
8.346973194182494638e+01 5.856801948922146948e+03
8.351494659811386612e+01 5.845023708057446129e+03
8.351984470454576126e+01 5.843756106197040936e+03
8.353629958249257470e+01 5.839509453895870138e+03
8.353709336929479434e+01 5.839305051769019883e+03
8.353788749715604922e+01 5.839100603783760562e+03
8.353947677684774931e+01 5.838691570176271853e+03
8.354265943768389491e+01 5.837872951980803009e+03
8.354904120989937155e+01 5.836233508201259610e+03
8.355056967372827614e+01 5.835841254024722730e+03
8.355209939675455644e+01 5.835448831251936099e+03
8.355516262600936273e+01 5.834663479482633193e+03
8.356130425687230456e+01 5.833090747999037376e+03
8.360884419941598367e+01 5.821000000000000000e+03
8.364331290666804364e+01 5.812324404815953130e+03
8.370003580595570725e+01 5.798209559798375267e+03
8.372330244514051856e+01 5.792477131407868910e+03
8.375845708615101159e+01 5.783877590861345197e+03
8.377640647465085522e+01 5.779515157886744419e+03
8.377958256745276344e+01 5.778745214811430742e+03
8.381166855641210134e+01 5.771000000000000000e+03
8.382729132407372674e+01 5.767247208179240261e+03
8.385484262056031923e+01 5.760647581597568205e+03
8.388532768893952607e+01 5.753372645957148961e+03
8.395861597873681603e+01 5.736000000000000000e+03
8.396592348867024214e+01 5.734276765325053020e+03
8.397298652354574244e+01 5.732612718651146679e+03
8.398005925507241898e+01 5.730947898682818050e+03
8.404382953851765592e+01 5.716005170388375518e+03
8.410839254289687972e+01 5.701000000000000000e+03
8.417295554727610352e+01 5.716005170388375518e+03
8.423672583072134046e+01 5.730947898682818050e+03
8.424379856224801699e+01 5.732612718651146679e+03
8.425086159712351730e+01 5.734276765325053020e+03
8.425816910705694340e+01 5.736000000000000000e+03
8.433145739685423337e+01 5.753372645957148961e+03
8.436194246523345441e+01 5.760647581597568205e+03
8.438949376172003269e+01 5.767247208179240261e+03
8.440511652938165810e+01 5.771000000000000000e+03
8.443720251834099599e+01 5.778745214811430742e+03
8.444037861114290422e+01 5.779515157886744419e+03
8.445832799964274784e+01 5.783877590861345197e+03
8.449348264065324088e+01 5.792477131407868910e+03
8.451674927983805219e+01 5.798209559798375267e+03
8.457347217912571580e+01 5.812324404815953130e+03
8.460794088637777577e+01 5.821000000000000000e+03
8.465548082892145487e+01 5.833090747999037376e+03
8.466162245978439671e+01 5.834663479482633193e+03
8.466468568903920300e+01 5.835448831251936099e+03
8.466621541206548329e+01 5.835841254024722730e+03
8.466774387589438788e+01 5.836233508201259610e+03
8.467412564810986453e+01 5.837872951980803009e+03
8.467730830894602434e+01 5.838691570176271853e+03
8.467889758863771021e+01 5.839100603783760562e+03
8.467969171649896509e+01 5.839305051769019883e+03
8.468048550330118474e+01 5.839509453895870138e+03
8.469694038124799818e+01 5.843756106197040936e+03
8.470183848767989332e+01 5.845023708057446129e+03
8.474705314396881306e+01 5.856801948922146948e+03
8.480084962516983182e+01 5.871000000000000000e+03
8.483923544248740711e+01 5.881256383119759448e+03
8.487679577937940678e+01 5.891395956763047252e+03
8.493139414481606764e+01 5.906322774931001732e+03
8.498428157633030366e+01 5.921000000000000000e+03
8.500587316506054947e+01 5.927055336232162517e+03
8.502718423466674835e+01 5.933068701681323546e+03
8.506898424721624963e+01 5.944971253664713913e+03
8.510971994694233445e+01 5.956711063565764562e+03
8.513437594079506709e+01 5.963885586377381514e+03
8.515864779377714910e+01 5.971000000000000000e+03
8.520138341822186590e+01 5.984097967492593853e+03
8.524366811812261346e+01 5.997145694263439509e+03
8.527408458761395593e+01 6.006585953588864868e+03
8.530426938361334521e+01 6.016000000000000000e+03
8.532690757929356096e+01 6.023090516904660944e+03
8.537510917494086016e+01 6.038274581129143371e+03
8.540841180902934582e+01 6.048834999067952594e+03
8.544655130806887655e+01 6.061000000000000000e+03
8.548132088251333016e+01 6.072156670230864620e+03
8.551577806819533123e+01 6.083276379584152892e+03
8.553335085162738949e+01 6.088971767949280547e+03
8.555084281279593483e+01 6.094657484409988683e+03
8.558558630561833525e+01 6.106000000000000000e+03
8.560261558763551193e+01 6.111583532987353465e+03
8.561956811662817302e+01 6.117157741448922025e+03
8.565324481074488006e+01 6.128278278070941269e+03
8.567041747994164780e+01 6.133973282880642728e+03
8.568751122923478647e+01 6.139658554866933628e+03
8.570452655968702516e+01 6.145334118958759063e+03
8.571300497419029796e+01 6.148168268311272186e+03
8.572146397001753826e+01 6.151000000000000000e+03
8.577075374384138229e+01 6.168475816192898492e+03
8.581996167707224288e+01 6.186000000000000000e+03
8.586881727406058928e+01 6.203475292094711222e+03
8.591759794041173848e+01 6.221000000000000000e+03
8.595913112100372189e+01 6.235981114146495202e+03
8.598677321987555899e+01 6.245982315499501055e+03
8.601439306200018109e+01 6.256000000000000000e+03
8.603840977537329593e+01 6.264730751490902549e+03
8.606241090236639479e+01 6.273474316488087425e+03
8.608639648997919380e+01 6.282230723220483014e+03
8.611036658511589792e+01 6.291000000000000000e+03
8.613761605486851636e+01 6.300991482874092981e+03
8.616484686638391111e+01 6.311000000000000000e+03
8.618700459241310341e+01 6.319161558655203407e+03
8.619807905463177633e+01 6.323246641096669919e+03
8.620915058898519590e+01 6.327334596315524323e+03
8.621906861460813332e+01 6.331000000000000000e+03
8.622960130770606213e+01 6.334896038686511019e+03
8.624013147943507818e+01 6.338794716459812662e+03
8.625065913344539581e+01 6.342696036002298570e+03
8.625592201741245901e+01 6.344647687276229590e+03
8.626118427331748251e+01 6.346600000000000364e+03
8.627205630636649403e+01 6.351300000000000182e+03
8.627748609314757289e+01 6.353650000000000546e+03
8.628019943120760615e+01 6.354825000000000728e+03
8.628291173318140750e+01 6.356000000000000000e+03
8.629694758782470387e+01 6.363500000000000000e+03
8.630395284840020054e+01 6.367250000000000000e+03
8.630745231871637202e+01 6.369125000000000000e+03
8.630920126471900744e+01 6.370062500000000000e+03
8.631094968493664510e+01 6.371000000000000000e+03
8.631269810515428276e+01 6.370062500000000000e+03
8.631444705115690397e+01 6.369125000000000000e+03
8.631794652147307545e+01 6.367250000000000000e+03
8.632495178204857211e+01 6.363500000000000000e+03
8.633898763669186849e+01 6.356000000000000000e+03
8.634169993866566983e+01 6.354825000000000728e+03
8.634441327672570310e+01 6.353650000000000546e+03
8.634984306350678196e+01 6.351300000000000182e+03
8.636071509655580769e+01 6.346600000000000364e+03
8.636597735246081697e+01 6.344647687276229590e+03
8.637124023642789439e+01 6.342696036002298570e+03
8.638176789043821202e+01 6.338794716459812662e+03
8.639229806216721386e+01 6.334896038686511019e+03
8.640283075526514267e+01 6.331000000000000000e+03
8.641274878088808009e+01 6.327334596315524323e+03
8.642382031524149966e+01 6.323246641096669919e+03
8.643489477746017258e+01 6.319161558655203407e+03
8.645705250348936488e+01 6.311000000000000000e+03
8.648428331500475963e+01 6.300991482874092981e+03
8.651153278475737807e+01 6.291000000000000000e+03
8.653550287989408218e+01 6.282230723220483014e+03
8.655948846750688119e+01 6.273474316488087425e+03
8.658348959449998006e+01 6.264730751490902549e+03
8.660750630787309490e+01 6.256000000000000000e+03
8.663512614999771699e+01 6.245982315499501055e+03
8.666276824886955410e+01 6.235981114146495202e+03
8.670430142946153751e+01 6.221000000000000000e+03
8.675308209581268670e+01 6.203475292094711222e+03
8.680193769280103311e+01 6.186000000000000000e+03
8.685114562603189370e+01 6.168475816192898492e+03
8.690043539985573773e+01 6.151000000000000000e+03
8.690889439568297803e+01 6.148168268311272186e+03
8.691737281018626504e+01 6.145334118958759063e+03
8.693438814063850373e+01 6.139658554866933628e+03
8.695148188993162819e+01 6.133973282880642728e+03
8.696865455912839593e+01 6.128278278070941269e+03
8.700233125324511718e+01 6.117157741448922025e+03
8.701928378223777827e+01 6.111583532987353465e+03
8.703631306425495495e+01 6.106000000000000000e+03
8.707105655707734115e+01 6.094657484409988683e+03
8.708854851824588650e+01 6.088971767949280547e+03
8.710612130167794476e+01 6.083276379584152892e+03
8.714057848735994583e+01 6.072156670230864620e+03
8.717534806180439944e+01 6.061000000000000000e+03
8.721348756084393017e+01 6.048834999067952594e+03
8.724679019493241583e+01 6.038274581129143371e+03
8.729499179057972924e+01 6.023090516904660944e+03
8.731762998625993077e+01 6.016000000000000000e+03
8.734781478225932005e+01 6.006585953588864868e+03
8.737823125175066252e+01 5.997145694263439509e+03
8.742051595165141009e+01 5.984097967492593853e+03
8.746325157609612688e+01 5.971000000000000000e+03
8.748752342907822310e+01 5.963885586377381514e+03
8.751217942293094154e+01 5.956711063565764562e+03
8.755291512265704057e+01 5.944971253664713913e+03
8.759471513520652763e+01 5.933068701681323546e+03
8.761602620481272652e+01 5.927055336232162517e+03
8.763761779354297232e+01 5.921000000000000000e+03
8.769050522505720835e+01 5.906322774931001732e+03
8.774510359049386921e+01 5.891395956763047252e+03
8.778266392738586887e+01 5.881256383119759448e+03
8.782104974470345837e+01 5.871000000000000000e+03
8.787484622590447714e+01 5.856801948922146948e+03
8.792006088219338267e+01 5.845023708057446129e+03
8.792495898862527781e+01 5.843756106197040936e+03
8.794141386657209125e+01 5.839509453895870138e+03
8.794220765337431089e+01 5.839305051769019883e+03
8.794300178123556577e+01 5.839100603783760562e+03
8.794459106092725165e+01 5.838691570176271853e+03
8.794777372176341146e+01 5.837872951980803009e+03
8.795415549397888810e+01 5.836233508201259610e+03
8.795568395780779269e+01 5.835841254024722730e+03
8.795721368083407299e+01 5.835448831251936099e+03
8.796027691008887928e+01 5.834663479482633193e+03
8.796641854095182111e+01 5.833090747999037376e+03
8.801395848349550022e+01 5.821000000000000000e+03
8.804842719074756019e+01 5.812324404815953130e+03
8.810515009003522380e+01 5.798209559798375267e+03
8.812841672922004932e+01 5.792477131407868910e+03
8.816357137023052815e+01 5.783877590861345197e+03
8.818152075873037177e+01 5.779515157886744419e+03
8.818469685153227999e+01 5.778745214811430742e+03
8.821678284049161789e+01 5.771000000000000000e+03
8.823240560815324329e+01 5.767247208179240261e+03
8.825995690463983578e+01 5.760647581597568205e+03
8.829044197301904262e+01 5.753372645957148961e+03
8.836373026281634679e+01 5.736000000000000000e+03
8.837103777274975869e+01 5.734276765325053020e+03
8.837810080762525899e+01 5.732612718651146679e+03
8.838517353915193553e+01 5.730947898682818050e+03
8.844894382259717247e+01 5.716005170388375518e+03
8.851350682697639627e+01 5.701000000000000000e+03
8.853551557893858615e+01 5.696299767616116696e+03
8.855772933489551235e+01 5.691577756961269188e+03
8.860278235850680062e+01 5.682067792569701851e+03
8.867910498313347034e+01 5.666158182732464411e+03
8.869733433433378877e+01 5.662394951670154114e+03
8.869865465566580554e+01 5.662122929592526816e+03
8.869997567853256726e+01 5.661850836085401170e+03
8.870261983090935587e+01 5.661306434670083945e+03
8.870791657659324869e+01 5.660216773446381922e+03
8.870824615683224579e+01 5.660149010020322748e+03
8.871131823303650776e+01 5.659517593057181330e+03
8.871439409792870379e+01 5.658885791585033076e+03
8.872055721935467432e+01 5.657621033707950119e+03
8.873292920932431116e+01 5.655086888358275246e+03
8.875785763408849505e+01 5.650000000000000000e+03
8.886073922341255127e+01 5.629272204888298802e+03
8.893415198352431617e+01 5.614737222997924619e+03
8.900967247427755069e+01 5.600000000000000000e+03
8.903262392466197639e+01 5.595559138360928046e+03
8.905565407024687374e+01 5.591113821732636097e+03
8.910195199279105793e+01 5.582209796666496004e+03
8.919550935595901819e+01 5.564347990646462677e+03
8.928009712363299855e+01 5.548347817202922670e+03
8.932278610780113581e+01 5.540326122140537336e+03
8.936574162969930057e+01 5.532289969591510271e+03
8.945246186954867085e+01 5.516174135411034513e+03
8.949623154039026929e+01 5.508094375114532340e+03
8.954027753849854321e+01 5.500000000000000000e+03
8.963742085596513220e+01 5.482274596889916211e+03
8.968648850229178038e+01 5.473386772410306548e+03
8.973589113500024439e+01 5.464482135951820965e+03
8.982548748474239630e+01 5.448443906490607333e+03
8.987070118241915395e+01 5.440404303246951713e+03
8.991619519327720411e+01 5.432350994423984048e+03
9.000803422847458535e+01 5.416203119612529008e+03
9.005438445624646704e+01 5.408108483110237103e+03
9.010102528673131417e+01 5.400000000000000000e+03
9.020333281064222319e+01 5.382341283162184482e+03
9.030702254487022174e+01 5.364619688891984879e+03
9.049811532983532913e+01 5.332414195103907332e+03
9.050823076078665963e+01 5.330725577178969615e+03
9.069398555929039674e+01 5.300000000000000000e+03
9.088710294455815131e+01 5.268613070347176290e+03
9.108488035415963679e+01 5.237037856906376874e+03
9.132147427504054349e+01 5.200000000000000000e+03
9.144400915789277917e+01 5.181123188790137647e+03
9.156830701928743110e+01 5.162181835061464881e+03
9.169440559048156558e+01 5.143175607226947250e+03
9.182234372307561898e+01 5.124104171424285596e+03
9.182618578162139045e+01 5.123534711241189143e+03
9.183002951104327849e+01 5.122965192817484422e+03
9.183772198680193810e+01 5.121825981212500665e+03
9.184542115899944292e+01 5.120686536537831671e+03
9.185312703627727160e+01 5.119546858721945682e+03
9.186301091536583385e+01 5.118086171107819609e+03
9.187290583601807725e+01 5.116625100430052953e+03
9.188281181652575924e+01 5.115163646537939712e+03
9.189272887522247402e+01 5.113701809280693851e+03
9.191255283637039497e+01 5.110783377244053554e+03
9.193242113658230608e+01 5.107863416640710057e+03
9.195921802550117263e+01 5.103933093874856240e+03
9.198609577462937636e+01 5.100000000000000000e+03
9.198763314160753168e+01 5.099775307355141194e+03
9.200237190655226982e+01 5.097622666933323671e+03
9.202004825875953031e+01 5.095044541692768689e+03
9.203775907528705602e+01 5.092465273752032772e+03
9.207328449973181250e+01 5.087303306729801989e+03
9.210883765549066027e+01 5.082152863521321706e+03
9.214452981233648643e+01 5.076997862837097273e+03
9.218025135023040662e+01 5.071854175867099912e+03
9.221611264994751878e+01 5.066705947393367751e+03
9.222000580293745031e+01 5.066147985041328866e+03
9.222390060658881339e+01 5.065589969318183648e+03
9.223169517002673956e+01 5.064473777727936067e+03
9.223949634863318181e+01 5.063357372561343254e+03
9.224730415077431189e+01 5.062240753757101629e+03
9.226293965903519734e+01 5.060006874990323922e+03
9.227860176219586208e+01 5.057772140936690448e+03
9.231000602197406124e+01 5.053300105003316276e+03
9.234151747395145549e+01 5.048824642022135777e+03
9.240509994589899634e+01 5.039830148983069193e+03
9.246912104639534391e+01 5.030821798014501837e+03
9.257929668652766964e+01 5.015431166328467953e+03
9.263487474076586636e+01 5.007720659996419272e+03
9.269078347397096707e+01 5.000000000000000000e+03
9.280490238307957895e+01 4.984350466656896970e+03
9.292039140417790577e+01 4.968660727985812628e+03
9.315557926921654541e+01 4.937160013312628507e+03
9.329620427135805016e+01 4.918608118927849318e+03
9.343886321512547966e+01 4.900000000000000000e+03
9.373346714651800937e+01 4.862230287249800313e+03
9.403682693694739214e+01 4.824236259859541860e+03
9.406128566505218203e+01 4.821211725570394265e+03
9.408580224478653520e+01 4.818185765245956645e+03
9.413500978971279665e+01 4.812129562455151245e+03
9.423412830563270859e+01 4.800000000000000000e+03
9.426181606441997474e+01 4.796628177874657922e+03
9.428957646302394835e+01 4.793254645241781873e+03
9.441413089222189114e+01 4.778205745655412102e+03
9.447695902173315119e+01 4.770668521131959096e+03
9.454015883507204876e+01 4.763122760832113272e+03
9.468566474153919899e+01 4.745886131456858493e+03
9.483316131673016969e+01 4.728604880064525787e+03
9.505955143168644383e+01 4.702447642573829398e+03
9.507023650284394023e+01 4.701223933096043766e+03
9.508093200112946874e+01 4.700000000000000000e+03
9.533641871073760399e+01 4.671047855811226327e+03
9.559787410565319021e+01 4.641974078156351425e+03
9.577532033532942535e+01 4.622554150333280631e+03
9.598429588009534541e+01 4.600000000000000000e+03
9.615301294315472092e+01 4.582035357707135518e+03
9.617710438146038143e+01 4.579487693472211504e+03
9.620124567849840957e+01 4.576939121644680199e+03
9.624967849140733733e+01 4.571839253271146845e+03
9.634714954048502022e+01 4.561628604046322835e+03
9.654455035881122171e+01 4.541163546563089767e+03
9.656111574802430653e+01 4.539459058171074503e+03
9.657770436024446781e+01 4.537754164709254837e+03
9.676243323883524283e+01 4.518901882588699664e+03
9.695007000449115253e+01 4.500000000000000000e+03
9.697726328094935866e+01 4.497281034716017530e+03
9.700451783206941059e+01 4.494561065026764481e+03
9.722479603230382850e+01 4.472764117764656476e+03
9.744912457966688635e+01 4.450902561122331463e+03
9.791041201827275131e+01 4.406984467210255389e+03
9.798511820318327636e+01 4.400000000000000000e+03
9.813850546223503102e+01 4.385768783619147143e+03
9.829377614313335698e+01 4.371510725873732554e+03
9.868940484306230587e+01 4.335839642122849909e+03
9.909758658337604231e+01 4.300000000000000000e+03
9.965534260932921029e+01 4.252544907707078892e+03
9.991634980591898341e+01 4.230918457524750920e+03
1.001054509231690020e+02 4.215474635658658372e+03
1.002972479751056909e+02 4.200000000000000000e+03
1.006899788282583472e+02 4.168895314184890594e+03
1.010943033395499384e+02 4.137666949604132242e+03
1.011122570226429360e+02 4.136298565928655080e+03
1.013520280111438012e+02 4.118170185945573394e+03
1.015960001311315892e+02 4.100000000000000000e+03
1.020975779924256841e+02 4.063495247384585582e+03
1.026175395769799223e+02 4.026822041401353090e+03
1.027143024491185059e+02 4.020124987488006354e+03
1.028117208619866574e+02 4.013422300691796409e+03
1.030085546390673699e+02 4.000000000000000000e+03
1.030803550275862790e+02 3.995143612901741562e+03
1.031525129816740218e+02 3.990284269093446710e+03
1.034246171849213454e+02 3.972149362520172872e+03
1.037018927365522956e+02 3.953973216789043363e+03
1.037371598437595708e+02 3.951683009119788494e+03
1.037725118899661254e+02 3.949392145892666576e+03
1.038434722087027779e+02 3.944808451638598854e+03
1.040178049210529565e+02 3.933629798901071808e+03
1.041942219504049660e+02 3.922435527900394845e+03
1.043727667985640011e+02 3.911225605882083528e+03
1.045534843928121234e+02 3.900000000000000000e+03
1.049213023682148247e+02 3.877521237213616132e+03
1.052983829042665036e+02 3.854979169015443404e+03
1.060820285453868195e+02 3.809704043666336020e+03
1.061681634668487533e+02 3.804853485772945078e+03
1.062547872617622176e+02 3.800000000000000000e+03
1.065357171805935224e+02 3.784427856473555948e+03
1.068219001480568835e+02 3.768825250797792251e+03
1.074107519120366021e+02 3.737528294758099491e+03
1.081444788724880226e+02 3.700000000000000000e+03
1.087899273336203976e+02 3.668280721280808848e+03
1.091909155629052179e+02 3.649163394452884859e+03
1.096024182654712718e+02 3.630000000000000000e+03
1.099310274701511361e+02 3.614999772910571210e+03
1.100973438809567995e+02 3.607499829684217730e+03
1.102650308337483267e+02 3.600000000000000000e+03
1.107932454973760628e+02 3.576775986262010065e+03
1.110625806577625667e+02 3.565164474887929828e+03
1.113355265598941344e+02 3.553553293824999400e+03
1.119793388698271741e+02 3.526775768576072096e+03
1.126442122029374673e+02 3.500000000000000000e+03
1.128465635051223614e+02 3.492023793463924903e+03
1.131554748424683225e+02 3.480000000000000000e+03
1.134643861798142837e+02 3.492023793463924903e+03
1.136667374819991778e+02 3.500000000000000000e+03
1.143316108151094852e+02 3.526775768576072096e+03
1.149754231250425249e+02 3.553553293824999400e+03
1.152483690271740784e+02 3.565164474887929828e+03
1.155177041875605823e+02 3.576775986262010065e+03
1.160459188511883326e+02 3.600000000000000000e+03
1.162136058039798456e+02 3.607499829684217730e+03
1.163799222147855232e+02 3.614999772910571210e+03
1.167085314194653733e+02 3.630000000000000000e+03
1.171200341220314272e+02 3.649163394452884859e+03
1.175210223513162475e+02 3.668280721280808848e+03
1.181664708124486367e+02 3.700000000000000000e+03
1.189001977729000430e+02 3.737528294758099491e+03
1.194890495368797758e+02 3.768825250797792251e+03
1.197752325043431370e+02 3.784427856473555948e+03
1.200561624231744418e+02 3.800000000000000000e+03
1.201427862180879060e+02 3.804853485772945078e+03
1.202289211395498398e+02 3.809704043666336020e+03
1.210125667806701699e+02 3.854979169015443404e+03
1.213896473167218346e+02 3.877521237213616132e+03
1.217574652921245359e+02 3.900000000000000000e+03
1.219381828863726582e+02 3.911225605882083528e+03
1.221167277345317075e+02 3.922435527900394845e+03
1.222931447638837170e+02 3.933629798901071808e+03
1.224674774762338814e+02 3.944808451638598854e+03
1.225384377949705481e+02 3.949392145892666576e+03
1.225737898411771027e+02 3.951683009119788494e+03
1.226090569483843780e+02 3.953973216789043363e+03
1.228863325000153282e+02 3.972149362520172872e+03
1.231584367032626517e+02 3.990284269093446710e+03
1.232305946573503803e+02 3.995143612901741562e+03
1.233023950458692894e+02 4.000000000000000000e+03
1.234992288229500161e+02 4.013422300691796409e+03
1.235966472358181534e+02 4.020124987488006354e+03
1.236934101079567512e+02 4.026822041401353090e+03
1.242133716925109752e+02 4.063495247384585582e+03
1.247149495538050701e+02 4.100000000000000000e+03
1.249589216737928723e+02 4.118170185945573394e+03
1.251986926622937375e+02 4.136298565928655080e+03
1.252166463453867351e+02 4.137666949604132242e+03
1.256209708566783263e+02 4.168895314184890594e+03
1.260137017098309968e+02 4.200000000000000000e+03
1.262054987617676716e+02 4.215474635658658372e+03
1.263945998790176901e+02 4.230918457524750920e+03
1.266556070756074632e+02 4.252544907707078892e+03
1.272133631015606170e+02 4.300000000000000000e+03
1.276215448418743676e+02 4.335839642122849909e+03
1.280171735418033165e+02 4.371510725873732554e+03
1.281724442227016425e+02 4.385768783619147143e+03
1.283258314817533972e+02 4.400000000000000000e+03
1.284005376666639222e+02 4.406984467210255389e+03
1.288618251052697872e+02 4.450902561122331463e+03
1.290861536526328450e+02 4.472764117764656476e+03
1.293064318528672629e+02 4.494561065026764481e+03
1.293336864039873149e+02 4.497281034716017530e+03
1.293608796804455210e+02 4.500000000000000000e+03
1.295485164461014165e+02 4.518901882588699664e+03
1.297332453246922057e+02 4.537754164709254837e+03
1.297498339369123528e+02 4.539459058171074503e+03
1.297663993261254518e+02 4.541163546563089767e+03
1.299638001444516533e+02 4.561628604046322835e+03
1.300612711935293362e+02 4.571839253271146845e+03
1.301097040064382497e+02 4.576939121644680199e+03
1.301338453034762779e+02 4.579487693472211504e+03
1.301579367417819526e+02 4.582035357707135518e+03
1.303266538048413281e+02 4.600000000000000000e+03
1.305356293496072340e+02 4.622554150333280631e+03
1.307130755792834691e+02 4.641974078156351425e+03
1.309745309741990695e+02 4.671047855811226327e+03
1.312300176838072048e+02 4.700000000000000000e+03
1.312407131820927191e+02 4.701223933096043766e+03
1.312513982532502155e+02 4.702447642573829398e+03
1.314777883682064896e+02 4.728604880064525787e+03
1.316252849433974461e+02 4.745886131456858493e+03
1.317707908498645963e+02 4.763122760832113272e+03
1.318339906632035081e+02 4.770668521131959096e+03
1.318968187927147540e+02 4.778205745655412102e+03
1.320213732219127110e+02 4.793254645241781873e+03
1.320491336205166704e+02 4.796628177874657922e+03
1.320768213793039649e+02 4.800000000000000000e+03
1.321759398952238769e+02 4.812129562455151245e+03
1.322251474401501241e+02 4.818185765245956645e+03
1.322496640198844773e+02 4.821211725570394265e+03
1.322741227479892814e+02 4.824236259859541860e+03
1.325774825384186499e+02 4.862230287249800313e+03
1.328720864698111939e+02 4.900000000000000000e+03
1.330147454135786234e+02 4.918608118927849318e+03
1.331553704157201139e+02 4.937160013312628507e+03
1.333905582807587678e+02 4.968660727985812628e+03
1.335060473018570804e+02 4.984350466656896970e+03
1.336201662109656922e+02 5.000000000000000000e+03
1.336760749441707787e+02 5.007720659996419272e+03
1.337316529984089755e+02 5.015431166328467953e+03
1.338418286385413012e+02 5.030821798014501837e+03
1.339058497390376488e+02 5.039830148983069193e+03
1.339694322109851896e+02 5.048824642022135777e+03
1.340009436629625839e+02 5.053300105003316276e+03
1.340323479227407972e+02 5.057772140936690448e+03
1.340480100259014762e+02 5.060006874990323922e+03
1.340636455341623332e+02 5.062240753757101629e+03
1.340714533363034775e+02 5.063357372561343254e+03
1.340792545149099055e+02 5.064473777727936067e+03
1.340870490783478317e+02 5.065589969318183648e+03
1.340909438819992090e+02 5.066147985041328866e+03
1.340948370349891263e+02 5.066705947393367751e+03
1.341306983347062669e+02 5.071854175867099912e+03
1.341664198726001587e+02 5.076997862837097273e+03
1.342021120294459990e+02 5.082152863521321706e+03
1.342376651852048326e+02 5.087303306729801989e+03
1.342731906096495891e+02 5.092465273752032772e+03
1.342909014261771290e+02 5.095044541692768689e+03
1.343085777783843753e+02 5.097622666933323671e+03
1.343233165433291276e+02 5.099775307355141194e+03
1.343248539103072972e+02 5.100000000000000000e+03
1.343517316594354725e+02 5.103933093874856240e+03
1.343785285483543532e+02 5.107863416640710057e+03
1.343983968485662501e+02 5.110783377244053554e+03
1.344182208097141995e+02 5.113701809280693851e+03
1.344281378684108859e+02 5.115163646537939712e+03
1.344380438489185678e+02 5.116625100430052953e+03
1.344479387695708397e+02 5.118086171107819609e+03
1.344578226486593735e+02 5.119546858721945682e+03
1.344655285259372022e+02 5.120686536537831671e+03
1.344732276981347354e+02 5.121825981212500665e+03
1.344809201738933666e+02 5.122965192817484422e+03
1.344847639033152689e+02 5.123534711241189143e+03
1.344886059618610545e+02 5.124104171424285596e+03
1.346165440944550937e+02 5.143175607226947250e+03
1.347426426656492424e+02 5.162181835061464881e+03
1.348669405270438801e+02 5.181123188790137647e+03
1.349894754098961300e+02 5.200000000000000000e+03
1.352260693307770225e+02 5.237037856906376874e+03
1.354238467403785080e+02 5.268613070347176290e+03
1.356169641256462626e+02 5.300000000000000000e+03
1.358027189241500139e+02 5.330725577178969615e+03
1.358128343551013586e+02 5.332414195103907332e+03
1.360039271400664518e+02 5.364619688891984879e+03
1.361076168742944219e+02 5.382341283162184482e+03
1.362099243982053451e+02 5.400000000000000000e+03
1.362565652286901923e+02 5.408108483110237103e+03
1.363029154564620740e+02 5.416203119612529008e+03
1.363947544916594552e+02 5.432350994423984048e+03
1.364402485025175054e+02 5.440404303246951713e+03
1.364854622001942630e+02 5.448443906490607333e+03
1.365750585499364149e+02 5.464482135951820965e+03
1.366244611826448931e+02 5.473386772410306548e+03
1.366735288289715413e+02 5.482274596889916211e+03
1.367706721464381303e+02 5.500000000000000000e+03
1.368147181445463900e+02 5.508094375114532340e+03
1.368584878153880027e+02 5.516174135411034513e+03
1.369452080552373445e+02 5.532289969591510271e+03
1.369881635771355377e+02 5.540326122140537336e+03
1.370308525613036750e+02 5.548347817202922670e+03
1.371154403289776553e+02 5.564347990646462677e+03
1.372089976921456014e+02 5.582209796666496004e+03
1.372552956146897998e+02 5.591113821732636097e+03
1.372783257602746971e+02 5.595559138360928046e+03
1.373012772106591228e+02 5.600000000000000000e+03
1.373767977014123574e+02 5.614737222997924619e+03
1.374502104615241365e+02 5.629272204888298802e+03
1.375530920508481643e+02 5.650000000000000000e+03
1.375780204756123339e+02 5.655086888358275246e+03
1.375903924655819992e+02 5.657621033707950119e+03
1.375965555870079697e+02 5.658885791585033076e+03
1.375996314519001658e+02 5.659517593057181330e+03
1.376027035281044277e+02 5.660149010020322748e+03
1.376030331083434248e+02 5.660216773446381922e+03
1.376083298540272892e+02 5.661306434670083945e+03
1.376109740064040921e+02 5.661850836085401170e+03
1.376122950292708538e+02 5.662122929592526816e+03
1.376136153506028847e+02 5.662394951670154114e+03
1.376318447018032032e+02 5.666158182732464411e+03
1.377081673264298445e+02 5.682067792569701851e+03
1.377532203500411470e+02 5.691577756961269188e+03
1.377754341059980732e+02 5.696299767616116696e+03
1.377974428579602773e+02 5.701000000000000000e+03
1.378620058623394868e+02 5.716005170388375518e+03
1.379257761457847096e+02 5.730947898682818050e+03
1.379328488773114145e+02 5.732612718651146679e+03
1.379399119121868864e+02 5.734276765325053020e+03
1.379472194221203267e+02 5.736000000000000000e+03
1.380205077119176167e+02 5.753372645957148961e+03
1.380509927802968377e+02 5.760647581597568205e+03
1.380785440767834302e+02 5.767247208179240261e+03
1.380941668444450556e+02 5.771000000000000000e+03
1.381262528334043793e+02 5.778745214811430742e+03
1.381294289262062875e+02 5.779515157886744419e+03
1.381473783147061454e+02 5.783877590861345197e+03
1.381825329557166242e+02 5.792477131407868910e+03
1.382057995949014355e+02 5.798209559798375267e+03
1.382625224941891133e+02 5.812324404815953130e+03
1.382969912014411591e+02 5.821000000000000000e+03
1.383445311439848240e+02 5.833090747999037376e+03
1.383506727748477942e+02 5.834663479482633193e+03
1.383537360041025863e+02 5.835448831251936099e+03
1.383552657271288808e+02 5.835841254024722730e+03
1.383567941909577712e+02 5.836233508201259610e+03
1.383631759631732621e+02 5.837872951980803009e+03
1.383663586240093935e+02 5.838691570176271853e+03
1.383679479037010935e+02 5.839100603783760562e+03
1.383687420315623342e+02 5.839305051769019883e+03
1.383695358183645681e+02 5.839509453895870138e+03
1.383859906963113531e+02 5.843756106197040936e+03
1.383908888027432624e+02 5.845023708057446129e+03
1.384361034590321822e+02 5.856801948922146948e+03
1.384898999402332151e+02 5.871000000000000000e+03
1.385282857575508046e+02 5.881256383119759448e+03
1.385658460944427759e+02 5.891395956763047252e+03
1.386204444598794510e+02 5.906322774931001732e+03
1.386733318913936728e+02 5.921000000000000000e+03
1.386949234801239186e+02 5.927055336232162517e+03
1.387162345497301317e+02 5.933068701681323546e+03
1.387580345622796187e+02 5.944971253664713913e+03
1.387987702620057178e+02 5.956711063565764562e+03
1.388234262558584362e+02 5.963885586377381514e+03
1.388476981088405182e+02 5.971000000000000000e+03
1.388904337332852492e+02 5.984097967492593853e+03
1.389327184331859826e+02 5.997145694263439509e+03
1.389631349026773250e+02 6.006585953588864868e+03
1.389933196986767143e+02 6.016000000000000000e+03
1.390159578943569443e+02 6.023090516904660944e+03
1.390641594900042435e+02 6.038274581129143371e+03
1.390974621240927149e+02 6.048834999067952594e+03
1.391356016231322599e+02 6.061000000000000000e+03
1.391703711975766851e+02 6.072156670230864620e+03
1.392048283832587003e+02 6.083276379584152892e+03
1.392224011666907586e+02 6.088971767949280547e+03
1.392398931278593182e+02 6.094657484409988683e+03
1.392746366206816901e+02 6.106000000000000000e+03
1.392916659026988668e+02 6.111583532987353465e+03
1.393086184316915421e+02 6.117157741448922025e+03
1.393422951258082492e+02 6.128278278070941269e+03
1.393594677950050311e+02 6.133973282880642728e+03
1.393765615442981414e+02 6.139658554866933628e+03
1.393935768747504085e+02 6.145334118958759063e+03
1.394020552892536671e+02 6.148168268311272186e+03
1.394105142850809216e+02 6.151000000000000000e+03
1.394598040589047514e+02 6.168475816192898492e+03
1.395090119921356120e+02 6.186000000000000000e+03
1.395578675891239584e+02 6.203475292094711222e+03
1.396066482554751076e+02 6.221000000000000000e+03
1.396481814360670910e+02 6.235981114146495202e+03
1.396758235349389281e+02 6.245982315499501055e+03
1.397034433770635360e+02 6.256000000000000000e+03
1.397274600904366650e+02 6.264730751490902549e+03
1.397514612174297781e+02 6.273474316488087425e+03
1.397754468050425487e+02 6.282230723220483014e+03
1.397994169001792670e+02 6.291000000000000000e+03
1.398266663699318713e+02 6.300991482874092981e+03
1.398538971814472802e+02 6.311000000000000000e+03
1.398760549074764583e+02 6.319161558655203407e+03
1.398871293696951454e+02 6.323246641096669919e+03
1.398982009040485650e+02 6.327334596315524323e+03
1.399081189296715024e+02 6.331000000000000000e+03
1.399186516227694312e+02 6.334896038686511019e+03
1.399291817944984473e+02 6.338794716459812662e+03
1.399397094485087507e+02 6.342696036002298570e+03
1.399449723324758281e+02 6.344647687276229590e+03
1.399502345883808516e+02 6.346600000000000364e+03
1.399611066214298489e+02 6.351300000000000182e+03
1.399665364082109420e+02 6.353650000000000546e+03
1.399692497462709753e+02 6.354825000000000728e+03
1.399719620482447624e+02 6.356000000000000000e+03
1.399859979028880730e+02 6.363500000000000000e+03
1.399930031634635554e+02 6.367250000000000000e+03
1.399965026337797269e+02 6.369125000000000000e+03
1.399982515797823623e+02 6.370062500000000000e+03
1.400000000000000000e+02 6.371000000000000000e+03
