6.000000000000000000e+01 5.771000000000000000e+03
6.001376276960819212e+01 5.778745214811430742e+03
6.001512568305891904e+01 5.779515157886744419e+03
6.002283002140553236e+01 5.783877590861345197e+03
6.003792894380686818e+01 5.792477131407868910e+03
6.004792897789071304e+01 5.798209559798375267e+03
6.007233192906441843e+01 5.812324404815953130e+03
6.008717696191537527e+01 5.821000000000000000e+03
6.010767150365098388e+01 5.833090747999037376e+03
6.011032085370339217e+01 5.834663479482633193e+03
6.011164240019078164e+01 5.835448831251936099e+03
6.011230239321829316e+01 5.835841254024722730e+03
6.011296186682767484e+01 5.836233508201259610e+03
6.011571561478366732e+01 5.837872951980803009e+03
6.011708909483107277e+01 5.838691570176271853e+03
6.011777498854425517e+01 5.839100603783760562e+03
6.011811772409403432e+01 5.839305051769019883e+03
6.011846031887521491e+01 5.839509453895870138e+03
6.012556361698520391e+01 5.843756106197040936e+03
6.012767858116860253e+01 5.845023708057446129e+03
6.014721345907992855e+01 5.856801948922146948e+03
6.017048314737873937e+01 5.871000000000000000e+03
6.018710485938656518e+01 5.881256383119759448e+03
6.020338353097177020e+01 5.891395956763047252e+03
6.022707184941861414e+01 5.906322774931001732e+03
6.025004639927337990e+01 5.921000000000000000e+03
6.025943393392519454e+01 5.927055336232162517e+03
6.026870407409312946e+01 5.933068701681323546e+03
6.028689990261764109e+01 5.944971253664713913e+03
6.030464916216688209e+01 5.956711063565764562e+03
6.031540021416476094e+01 5.963885586377381514e+03
6.032598965021144721e+01 5.971000000000000000e+03
6.034470455608791895e+01 5.984097967492593853e+03
6.036322908079813487e+01 5.997145694263439509e+03
6.037655859702429950e+01 6.006585953588864868e+03
6.038979017799189108e+01 6.016000000000000000e+03
6.039971603209063744e+01 6.023090516904660944e+03
6.042085699696381340e+01 6.038274581129143371e+03
6.043546865615658703e+01 6.048834999067952594e+03
6.045220781733345916e+01 6.061000000000000000e+03
6.046747287051094588e+01 6.072156670230864620e+03
6.048260540197722435e+01 6.083276379584152892e+03
6.049032459615403923e+01 6.088971767949280547e+03
6.049800947382572502e+01 6.094657484409988683e+03
6.051327710512394731e+01 6.106000000000000000e+03
6.052076212886004924e+01 6.111583532987353465e+03
6.052821452610653097e+01 6.117157741448922025e+03
6.054302221051584354e+01 6.128278278070941269e+03
6.055057473144384517e+01 6.133973282880642728e+03
6.055809366691367757e+01 6.139658554866933628e+03
6.056557922069985977e+01 6.145334118958759063e+03
6.056930954306999837e+01 6.148168268311272186e+03
6.057303159571973339e+01 6.151000000000000000e+03
6.059480622866057331e+01 6.168475816192898492e+03
6.061654704409034622e+01 6.186000000000000000e+03
6.063813446856527634e+01 6.203475292094711222e+03
6.065969101387167228e+01 6.221000000000000000e+03
6.067804657308677463e+01 6.235981114146495202e+03
6.069026384878004166e+01 6.245982315499501055e+03
6.070247198051886528e+01 6.256000000000000000e+03
6.071308806450500839e+01 6.264730751490902549e+03
6.072369776853010848e+01 6.273474316488087425e+03
6.073430111165207279e+01 6.282230723220483014e+03
6.074489811289459595e+01 6.291000000000000000e+03
6.075694550934217375e+01 6.300991482874092981e+03
6.076898529588816444e+01 6.311000000000000000e+03
6.077878254459572105e+01 6.319161558655203407e+03
6.078367937907095353e+01 6.323246641096669919e+03
6.078857502273848468e+01 6.327334596315524323e+03
6.079296069260675495e+01 6.331000000000000000e+03
6.079761825388030161e+01 6.334896038686511019e+03
6.080227479270609336e+01 6.338794716459812662e+03
6.080693031057371911e+01 6.342696036002298570e+03
6.080925768709958135e+01 6.344647687276229590e+03
6.081158480894407603e+01 6.346600000000000364e+03
6.081643485327393250e+01 6.351300000000000182e+03
6.081885716706400302e+01 6.353650000000000546e+03
6.082006764774932606e+01 6.354825000000000728e+03
6.082127767796445283e+01 6.356000000000000000e+03
6.082759286271157606e+01 6.363500000000000000e+03
6.083074485175199442e+01 6.367250000000000000e+03
6.083231944834246008e+01 6.369125000000000000e+03
6.083310639751739046e+01 6.370062500000000000e+03
6.083389311408325284e+01 6.371000000000000000e+03
6.083467983064910811e+01 6.370062500000000000e+03
6.083546677982403850e+01 6.369125000000000000e+03
6.083704137641450416e+01 6.367250000000000000e+03
6.084019336545492962e+01 6.363500000000000000e+03
6.084650855020205285e+01 6.356000000000000000e+03
6.084771858041717252e+01 6.354825000000000728e+03
6.084892906110250266e+01 6.353650000000000546e+03
6.085135137489257318e+01 6.351300000000000182e+03
6.085620141922242965e+01 6.346600000000000364e+03
6.085852854106691723e+01 6.344647687276229590e+03
6.086085591759278657e+01 6.342696036002298570e+03
6.086551143546041232e+01 6.338794716459812662e+03
6.087016797428620407e+01 6.334896038686511019e+03
6.087482553555974363e+01 6.331000000000000000e+03
6.087921120542802100e+01 6.327334596315524323e+03
6.088410684909554504e+01 6.323246641096669919e+03
6.088900368357077753e+01 6.319161558655203407e+03
6.089880093227834124e+01 6.311000000000000000e+03
6.091084071882433193e+01 6.300991482874092981e+03
6.092288811527190262e+01 6.291000000000000000e+03
6.093348511651443289e+01 6.282230723220483014e+03
6.094408845963639720e+01 6.273474316488087425e+03
6.095469816366149729e+01 6.264730751490902549e+03
6.096531424764764040e+01 6.256000000000000000e+03
6.097752237938646402e+01 6.245982315499501055e+03
6.098973965507972395e+01 6.235981114146495202e+03
6.100809521429483340e+01 6.221000000000000000e+03
6.102965175960122224e+01 6.203475292094711222e+03
6.105123918407615946e+01 6.186000000000000000e+03
6.107297999950593237e+01 6.168475816192898492e+03
6.109475463244677229e+01 6.151000000000000000e+03
6.109847668509650731e+01 6.148168268311272186e+03
6.110220700746664590e+01 6.145334118958759063e+03
6.110969256125282811e+01 6.139658554866933628e+03
6.111721149672266051e+01 6.133973282880642728e+03
6.112476401765066214e+01 6.128278278070941269e+03
6.113957170205997471e+01 6.117157741448922025e+03
6.114702409930645643e+01 6.111583532987353465e+03
6.115450912304255837e+01 6.106000000000000000e+03
6.116977675434077355e+01 6.094657484409988683e+03
6.117746163201246645e+01 6.088971767949280547e+03
6.118518082618927423e+01 6.083276379584152892e+03
6.120031335765555269e+01 6.072156670230864620e+03
6.121557841083304652e+01 6.061000000000000000e+03
6.123231757200991865e+01 6.048834999067952594e+03
6.124692923120269228e+01 6.038274581129143371e+03
6.126807019607586824e+01 6.023090516904660944e+03
6.127799605017461460e+01 6.016000000000000000e+03
6.129122763114220618e+01 6.006585953588864868e+03
6.130455714736837081e+01 5.997145694263439509e+03
6.132308167207858673e+01 5.984097967492593853e+03
6.134179657795505847e+01 5.971000000000000000e+03
6.135238601400174474e+01 5.963885586377381514e+03
6.136313706599961648e+01 5.956711063565764562e+03
6.138088632554886459e+01 5.944971253664713913e+03
6.139908215407337622e+01 5.933068701681323546e+03
6.140835229424130404e+01 5.927055336232162517e+03
6.141773982889312578e+01 5.921000000000000000e+03
6.144071437874789154e+01 5.906322774931001732e+03
6.146440269719472838e+01 5.891395956763047252e+03
6.148068136877994050e+01 5.881256383119759448e+03
6.149730308078776631e+01 5.871000000000000000e+03
6.152057276908657713e+01 5.856801948922146948e+03
6.154010764699789604e+01 5.845023708057446129e+03
6.154222261118130177e+01 5.843756106197040936e+03
6.154932590929129077e+01 5.839509453895870138e+03
6.154966850407247136e+01 5.839305051769019883e+03
6.155001123962225051e+01 5.839100603783760562e+03
6.155069713333543291e+01 5.838691570176271853e+03
6.155207061338283836e+01 5.837872951980803009e+03
6.155482436133883084e+01 5.836233508201259610e+03
6.155548383494821252e+01 5.835841254024722730e+03
6.155614382797571693e+01 5.835448831251936099e+03
6.155746537446311351e+01 5.834663479482633193e+03
6.156011472451551469e+01 5.833090747999037376e+03
6.158060926625113041e+01 5.821000000000000000e+03
6.159545429910208725e+01 5.812324404815953130e+03
6.161985725027579264e+01 5.798209559798375267e+03
6.162985728435963750e+01 5.792477131407868910e+03
6.164495620676097332e+01 5.783877590861345197e+03
6.165266054510757954e+01 5.779515157886744419e+03
6.165402345855831356e+01 5.778745214811430742e+03
6.166778622816650568e+01 5.771000000000000000e+03
6.167448419960354045e+01 5.767247208179240261e+03
6.168629354999065839e+01 5.760647581597568205e+03
6.169935630242863311e+01 5.753372645957148961e+03
6.173074241739298884e+01 5.736000000000000000e+03
6.173387052660205399e+01 5.734276765325053020e+03
6.173689374717988443e+01 5.732612718651146679e+03
6.173992088497642783e+01 5.730947898682818050e+03
6.176720409366417641e+01 5.716005170388375518e+03
6.179480705752225589e+01 5.701000000000000000e+03
6.180411081242630900e+01 5.696299767616116696e+03
6.181349595943606090e+01 5.691577756961269188e+03
6.183251425214169927e+01 5.682067792569701851e+03
6.186468255184426823e+01 5.666158182732464411e+03
6.187235650435865608e+01 5.662394951670154114e+03
6.187291217621606876e+01 5.662122929592526816e+03
6.187346812444218358e+01 5.661850836085401170e+03
6.187458085073414082e+01 5.661306434670083945e+03
6.187680962784129690e+01 5.660216773446381922e+03
6.187694829935109908e+01 5.660149010020322748e+03
6.187824082465961339e+01 5.659517593057181330e+03
6.187953484160679807e+01 5.658885791585033076e+03
6.188212735960954092e+01 5.657621033707950119e+03
6.188733039690204407e+01 5.655086888358275246e+03
6.189780899926802959e+01 5.650000000000000000e+03
6.194098361325296764e+01 5.629272204888298802e+03
6.197172086885088760e+01 5.614737222997924619e+03
6.200327896578215814e+01 5.600000000000000000e+03
6.201285895374667945e+01 5.595559138360928046e+03
6.202246916351006689e+01 5.591113821732636097e+03
6.204178077545203251e+01 5.582209796666496004e+03
6.208077250982151440e+01 5.564347990646462677e+03
6.211598838552288271e+01 5.548347817202922670e+03
6.213374720657554917e+01 5.540326122140537336e+03
6.215160767538989717e+01 5.532289969591510271e+03
6.218763678197043276e+01 5.516174135411034513e+03
6.220580708367182154e+01 5.508094375114532340e+03
6.222408232108244164e+01 5.500000000000000000e+03
6.226435396812102852e+01 5.482274596889916211e+03
6.228467749519864327e+01 5.473386772410306548e+03
6.230512759520409816e+01 5.464482135951820965e+03
6.234218453952265548e+01 5.448443906490607333e+03
6.236086953600518967e+01 5.440404303246951713e+03
6.237965996846853045e+01 5.432350994423984048e+03
6.241756045024758492e+01 5.416203119612529008e+03
6.243667220515055760e+01 5.408108483110237103e+03
6.245589276770171239e+01 5.400000000000000000e+03
6.249801505895823084e+01 5.382341283162184482e+03
6.254065274838889366e+01 5.364619688891984879e+03
6.261908867613385610e+01 5.332414195103907332e+03
6.262323548946422846e+01 5.330725577178969615e+03
6.269929281669641341e+01 5.300000000000000000e+03
6.277817873672105975e+01 5.268613070347176290e+03
6.285877169067698134e+01 5.237037856906376874e+03
6.295491881123071920e+01 5.200000000000000000e+03
6.300460154220007070e+01 5.181123188790137647e+03
6.305492055150311614e+01 5.162181835061464881e+03
6.310588734002441669e+01 5.143175607226947250e+03
6.315751368133075516e+01 5.124104171424285596e+03
6.315906273868948517e+01 5.123534711241189143e+03
6.316061239303155617e+01 5.122965192817484422e+03
6.316371349395247137e+01 5.121825981212500665e+03
6.316681698668968181e+01 5.120686536537831671e+03
6.316992287383624216e+01 5.119546858721945682e+03
6.317390616226905564e+01 5.118086171107819609e+03
6.317789339182820640e+01 5.116625100430052953e+03
6.318188456799565245e+01 5.115163646537939712e+03
6.318587969626330647e+01 5.113701809280693851e+03
6.319386432696589395e+01 5.110783377244053554e+03
6.320186476282133725e+01 5.107863416640710057e+03
6.321265189812540086e+01 5.103933093874856240e+03
6.322346782076200356e+01 5.100000000000000000e+03
6.322408636137858196e+01 5.099775307355141194e+03
6.323001570294430707e+01 5.097622666933323671e+03
6.323712534531109952e+01 5.095044541692768689e+03
6.324424723212709409e+01 5.092465273752032772e+03
6.325852785742900153e+01 5.087303306729801989e+03
6.327281309573758250e+01 5.082152863521321706e+03
6.328714760074097256e+01 5.076997862837097273e+03
6.330148729229968296e+01 5.071854175867099912e+03
6.331587642498330126e+01 5.066705947393367751e+03
6.331743812727333420e+01 5.066147985041328866e+03
6.331900041286310454e+01 5.065589969318183648e+03
6.332212673516340828e+01 5.064473777727936067e+03
6.332525539434831074e+01 5.063357372561343254e+03
6.332838639287899696e+01 5.062240753757101629e+03
6.333465541778914343e+01 5.060006874990323922e+03
6.334093382970162622e+01 5.057772140936690448e+03
6.335351889343110088e+01 5.053300105003316276e+03
6.336614174362466656e+01 5.048824642022135777e+03
6.339159580536719574e+01 5.039830148983069193e+03
6.341720408767987038e+01 5.030821798014501837e+03
6.346122371612578661e+01 5.015431166328467953e+03
6.348340515762608760e+01 5.007720659996419272e+03
6.350570213190024305e+01 5.000000000000000000e+03
6.355116299677388980e+01 4.984350466656896970e+03
6.359710009703260880e+01 4.968660727985812628e+03
6.369043130991579460e+01 4.937160013312628507e+03
6.374609628234092185e+01 4.918608118927849318e+03
6.380245853309331494e+01 4.900000000000000000e+03
6.391850827824049475e+01 4.862230287249800313e+03
6.403752085564309482e+01 4.824236259859541860e+03
6.404709472733823361e+01 4.821211725570394265e+03
6.405668799017735182e+01 4.818185765245956645e+03
6.407593291143967917e+01 4.812129562455151245e+03
6.411465790627113392e+01 4.800000000000000000e+03
6.412546580002013741e+01 4.796628177874657922e+03
6.413629788758441919e+01 4.793254645241781873e+03
6.418484755727951097e+01 4.778205745655412102e+03
6.420930516531439025e+01 4.770668521131959096e+03
6.423388577802813870e+01 4.763122760832113272e+03
6.429039519545760584e+01 4.745886131456858493e+03
6.434755926458333875e+01 4.728604880064525787e+03
6.443506619555843429e+01 4.702447642573829398e+03
6.443918930004636536e+01 4.701223933096043766e+03
6.444331579354268058e+01 4.700000000000000000e+03
6.454169884629394005e+01 4.671047855811226327e+03
6.464200502448284169e+01 4.641974078156351425e+03
6.470986360342088517e+01 4.622554150333280631e+03
6.478955216370940207e+01 4.600000000000000000e+03
6.485370901861699622e+01 4.582035357707135518e+03
6.486285697527398497e+01 4.579487693472211504e+03
6.487202056718325593e+01 4.576939121644680199e+03
6.489039480911363000e+01 4.571839253271146845e+03
6.492733260074943757e+01 4.561628604046322835e+03
6.500197412262308205e+01 4.541163546563089767e+03
6.500822772218893419e+01 4.539459058171074503e+03
6.501448851310647115e+01 4.537754164709254837e+03
6.508410120988719427e+01 4.518901882588699664e+03
6.515460832333714336e+01 4.500000000000000000e+03
6.516480967667469315e+01 4.497281034716017530e+03
6.517502973553237666e+01 4.494561065026764481e+03
6.525747314251846376e+01 4.472764117764656476e+03
6.534114259589297546e+01 4.450902561122331463e+03
6.551226518835559887e+01 4.406984467210255389e+03
6.553986041266496443e+01 4.400000000000000000e+03
6.559641538751050405e+01 4.385768783619147143e+03
6.565352236523152385e+01 4.371510725873732554e+03
6.579837865571620625e+01 4.335839642122849909e+03
6.594684060465567654e+01 4.300000000000000000e+03
6.614806097626633630e+01 4.252544907707078892e+03
6.624156505278637042e+01 4.230918457524750920e+03
6.630904447047588235e+01 4.215474635658658372e+03
6.637725734367533903e+01 4.200000000000000000e+03
6.651621047305391699e+01 4.168895314184890594e+03
6.665824345255299477e+01 4.137666949604132242e+03
6.666452607895087112e+01 4.136298565928655080e+03
6.674823189107891608e+01 4.118170185945573394e+03
6.683302351295046151e+01 4.100000000000000000e+03
6.700612922485251488e+01 4.063495247384585582e+03
6.718383420168018461e+01 4.026822041401353090e+03
6.721670641727698126e+01 4.020124987488006354e+03
6.724973821310422295e+01 4.013422300691796409e+03
6.731628504486397446e+01 4.000000000000000000e+03
6.734049501566207141e+01 3.995143612901741562e+03
6.736479057649758317e+01 3.990284269093446710e+03
6.745609154293406107e+01 3.972149362520172872e+03
6.754861044017184213e+01 3.953973216789043363e+03
6.756034045088117068e+01 3.951683009119788494e+03
6.757209017151269848e+01 3.949392145892666576e+03
6.759564893467199909e+01 3.944808451638598854e+03
6.765338045499099451e+01 3.933629798901071808e+03
6.771158907915106795e+01 3.922435527900394845e+03
6.777028056202392747e+01 3.911225605882083528e+03
6.782946075172334588e+01 3.900000000000000000e+03
6.794920615076536308e+01 3.877521237213616132e+03
6.807097781224796051e+01 3.854979169015443404e+03
6.832080217090955898e+01 3.809704043666336020e+03
6.834799216317668424e+01 3.804853485772945078e+03
6.837528225649091951e+01 3.800000000000000000e+03
6.846341099621805881e+01 3.784427856473555948e+03
6.855259369237758449e+01 3.768825250797792251e+03
6.873419513325109165e+01 3.737528294758099491e+03
6.895685279839207737e+01 3.700000000000000000e+03
6.914934714750091871e+01 3.668280721280808848e+03
6.926732296324996696e+01 3.649163394452884859e+03
6.938709488500136047e+01 3.630000000000000000e+03
6.948186860814084298e+01 3.614999772910571210e+03
6.952957303968904057e+01 3.607499829684217730e+03
6.957749113743207658e+01 3.600000000000000000e+03
6.972725011133469764e+01 3.576775986262010065e+03
6.980291639411825599e+01 3.565164474887929828e+03
6.987911481184119111e+01 3.553553293824999400e+03
7.005691147629214299e+01 3.526775768576072096e+03
7.023764269435959307e+01 3.500000000000000000e+03
7.029206123779222537e+01 3.492023793463924903e+03
7.037460614540182746e+01 3.480000000000000000e+03
7.045715105301144376e+01 3.492023793463924903e+03
7.051156959644406186e+01 3.500000000000000000e+03
7.069230081451151193e+01 3.526775768576072096e+03
7.087009747896247802e+01 3.553553293824999400e+03
7.094629589668541314e+01 3.565164474887929828e+03
7.102196217946895729e+01 3.576775986262010065e+03
7.117172115337159255e+01 3.600000000000000000e+03
7.121963925111462856e+01 3.607499829684217730e+03
7.126734368266281194e+01 3.614999772910571210e+03
7.136211740580229446e+01 3.630000000000000000e+03
7.148188932755370217e+01 3.649163394452884859e+03
7.159986514330275043e+01 3.668280721280808848e+03
7.179235949241159176e+01 3.700000000000000000e+03
7.201501715755257749e+01 3.737528294758099491e+03
7.219661859842608465e+01 3.768825250797792251e+03
7.228580129458561032e+01 3.784427856473555948e+03
7.237393003431274963e+01 3.800000000000000000e+03
7.240122012762697068e+01 3.804853485772945078e+03
7.242841011989409594e+01 3.809704043666336020e+03
7.267823447855570862e+01 3.854979169015443404e+03
7.280000614003829185e+01 3.877521237213616132e+03
7.291975153908032325e+01 3.900000000000000000e+03
7.297893172877974166e+01 3.911225605882083528e+03
7.303762321165258697e+01 3.922435527900394845e+03
7.309583183581266042e+01 3.933629798901071808e+03
7.315356335613165584e+01 3.944808451638598854e+03
7.317712211929097066e+01 3.949392145892666576e+03
7.318887183992249845e+01 3.951683009119788494e+03
7.320060185063181279e+01 3.953973216789043363e+03
7.329312074786960807e+01 3.972149362520172872e+03
7.338442171430607175e+01 3.990284269093446710e+03
7.340871727514158351e+01 3.995143612901741562e+03
7.343292724593969467e+01 4.000000000000000000e+03
7.349947407769944618e+01 4.013422300691796409e+03
7.353250587352668788e+01 4.020124987488006354e+03
7.356537808912348453e+01 4.026822041401353090e+03
7.374308306595114004e+01 4.063495247384585582e+03
7.391618877785319341e+01 4.100000000000000000e+03
7.400098039972473885e+01 4.118170185945573394e+03
7.408468621185278380e+01 4.136298565928655080e+03
7.409096883825066016e+01 4.137666949604132242e+03
7.423300181774975215e+01 4.168895314184890594e+03
7.437195494712831589e+01 4.200000000000000000e+03
7.444016782032777257e+01 4.215474635658658372e+03
7.450764723801729872e+01 4.230918457524750920e+03
7.460115131453733284e+01 4.252544907707078892e+03
7.480237168614799259e+01 4.300000000000000000e+03
7.495083363508744867e+01 4.335839642122849909e+03
7.509568992557213107e+01 4.371510725873732554e+03
7.515279690329315088e+01 4.385768783619147143e+03
7.520935187813870471e+01 4.400000000000000000e+03
7.523694710244807027e+01 4.406984467210255389e+03
7.540806969491069367e+01 4.450902561122331463e+03
7.549173914828519116e+01 4.472764117764656476e+03
7.557418255527127826e+01 4.494561065026764481e+03
7.558440261412896177e+01 4.497281034716017530e+03
7.559460396746652577e+01 4.500000000000000000e+03
7.566511108091647486e+01 4.518901882588699664e+03
7.573472377769718378e+01 4.537754164709254837e+03
7.574098456861472073e+01 4.539459058171074503e+03
7.574723816818058708e+01 4.541163546563089767e+03
7.582187969005423156e+01 4.561628604046322835e+03
7.585881748169003913e+01 4.571839253271146845e+03
7.587719172362039899e+01 4.576939121644680199e+03
7.588635531552968416e+01 4.579487693472211504e+03
7.589550327218667292e+01 4.582035357707135518e+03
7.595966012709426707e+01 4.600000000000000000e+03
7.603934868738278396e+01 4.622554150333280631e+03
7.610720726632082744e+01 4.641974078156351425e+03
7.620751344450972908e+01 4.671047855811226327e+03
7.630589649726098855e+01 4.700000000000000000e+03
7.631002299075728956e+01 4.701223933096043766e+03
7.631414609524523485e+01 4.702447642573829398e+03
7.640165302622033039e+01 4.728604880064525787e+03
7.645881709534606330e+01 4.745886131456858493e+03
7.651532651277554464e+01 4.763122760832113272e+03
7.653990712548927888e+01 4.770668521131959096e+03
7.656436473352415817e+01 4.778205745655412102e+03
7.661291440321924995e+01 4.793254645241781873e+03
7.662374649078353173e+01 4.796628177874657922e+03
7.663455438453253521e+01 4.800000000000000000e+03
7.667327937936398996e+01 4.812129562455151245e+03
7.669252430062631731e+01 4.818185765245956645e+03
7.670211756346543552e+01 4.821211725570394265e+03
7.671169143516057431e+01 4.824236259859541860e+03
7.683070401256317439e+01 4.862230287249800313e+03
7.694675375771035419e+01 4.900000000000000000e+03
7.700311600846274018e+01 4.918608118927849318e+03
7.705878098088787453e+01 4.937160013312628507e+03
7.715211219377107454e+01 4.968660727985812628e+03
7.719804929402978644e+01 4.984350466656896970e+03
7.724351015890343319e+01 5.000000000000000000e+03
7.726580713317758864e+01 5.007720659996419272e+03
7.728798857467788253e+01 5.015431166328467953e+03
7.733200820312380586e+01 5.030821798014501837e+03
7.735761648543646629e+01 5.039830148983069193e+03
7.738307054717900257e+01 5.048824642022135777e+03
7.739569339737256826e+01 5.053300105003316276e+03
7.740827846110204291e+01 5.057772140936690448e+03
7.741455687301453281e+01 5.060006874990323922e+03
7.742082589792467218e+01 5.062240753757101629e+03
7.742395689645536550e+01 5.063357372561343254e+03
7.742708555564026085e+01 5.064473777727936067e+03
7.743021187794056459e+01 5.065589969318183648e+03
7.743177416353033493e+01 5.066147985041328866e+03
7.743333586582036787e+01 5.066705947393367751e+03
7.744772499850398617e+01 5.071854175867099912e+03
7.746206469006270368e+01 5.076997862837097273e+03
7.747639919506609374e+01 5.082152863521321706e+03
7.749068443337466761e+01 5.087303306729801989e+03
7.750496505867657504e+01 5.092465273752032772e+03
7.751208694549256961e+01 5.095044541692768689e+03
7.751919658785936917e+01 5.097622666933323671e+03
7.752512592942508718e+01 5.099775307355141194e+03
7.752574447004167268e+01 5.100000000000000000e+03
7.753656039267826827e+01 5.103933093874856240e+03
7.754734752798233899e+01 5.107863416640710057e+03
7.755534796383778939e+01 5.110783377244053554e+03
7.756333259454036977e+01 5.113701809280693851e+03
7.756732772280801669e+01 5.115163646537939712e+03
7.757131889897546273e+01 5.116625100430052953e+03
7.757530612853462060e+01 5.118086171107819609e+03
7.757928941696744118e+01 5.119546858721945682e+03
7.758239530411398732e+01 5.120686536537831671e+03
7.758549879685119777e+01 5.121825981212500665e+03
7.758859989777211297e+01 5.122965192817484422e+03
7.759014955211418396e+01 5.123534711241189143e+03
7.759169860947291397e+01 5.124104171424285596e+03
7.764332495077925955e+01 5.143175607226947250e+03
7.769429173930055299e+01 5.162181835061464881e+03
7.774461074860360554e+01 5.181123188790137647e+03
7.779429347957295704e+01 5.200000000000000000e+03
7.789044060012669490e+01 5.237037856906376874e+03
7.797103355408262360e+01 5.268613070347176290e+03
7.804991947410726993e+01 5.300000000000000000e+03
7.812597680133944777e+01 5.330725577178969615e+03
7.813012361466982725e+01 5.332414195103907332e+03
7.820855954241477548e+01 5.364619688891984879e+03
7.825119723184545251e+01 5.382341283162184482e+03
7.829331952310195675e+01 5.400000000000000000e+03
7.831254008565312574e+01 5.408108483110237103e+03
7.833165184055609132e+01 5.416203119612529008e+03
7.836955232233515289e+01 5.432350994423984048e+03
7.838834275479848657e+01 5.440404303246951713e+03
7.840702775128102076e+01 5.448443906490607333e+03
7.844408469559957098e+01 5.464482135951820965e+03
7.846453479560503297e+01 5.473386772410306548e+03
7.848485832268264062e+01 5.482274596889916211e+03
7.852512996972123460e+01 5.500000000000000000e+03
7.854340520713185470e+01 5.508094375114532340e+03
7.856157550883324348e+01 5.516174135411034513e+03
7.859760461541378618e+01 5.532289969591510271e+03
7.861546508422813417e+01 5.540326122140537336e+03
7.863322390528080064e+01 5.548347817202922670e+03
7.866843978098216894e+01 5.564347990646462677e+03
7.870743151535164372e+01 5.582209796666496004e+03
7.872674312729361645e+01 5.591113821732636097e+03
7.873635333705699679e+01 5.595559138360928046e+03
7.874593332502152521e+01 5.600000000000000000e+03
7.877749142195278864e+01 5.614737222997924619e+03
7.880822867755071570e+01 5.629272204888298802e+03
7.885140329153564664e+01 5.650000000000000000e+03
7.886188189390163927e+01 5.655086888358275246e+03
7.886708493119414243e+01 5.657621033707950119e+03
7.886967744919688528e+01 5.658885791585033076e+03
7.887097146614406995e+01 5.659517593057181330e+03
7.887226399145258426e+01 5.660149010020322748e+03
7.887240266296238644e+01 5.660216773446381922e+03
7.887463144006953542e+01 5.661306434670083945e+03
7.887574416636149977e+01 5.661850836085401170e+03
7.887630011458760748e+01 5.662122929592526816e+03
7.887685578644502016e+01 5.662394951670154114e+03
7.888452973895940090e+01 5.666158182732464411e+03
7.891669803866199118e+01 5.682067792569701851e+03
7.893571633136761534e+01 5.691577756961269188e+03
7.894510147837738145e+01 5.696299767616116696e+03
7.895440523328142035e+01 5.701000000000000000e+03
7.898200819713949272e+01 5.716005170388375518e+03
7.900929140582725552e+01 5.730947898682818050e+03
7.901231854362379181e+01 5.732612718651146679e+03
7.901534176420162225e+01 5.734276765325053020e+03
7.901846987341069450e+01 5.736000000000000000e+03
7.904985598837504313e+01 5.753372645957148961e+03
7.906291874081301785e+01 5.760647581597568205e+03
7.907472809120014290e+01 5.767247208179240261e+03
7.908142606263717767e+01 5.771000000000000000e+03
7.909518883224536978e+01 5.778745214811430742e+03
7.909655174569610381e+01 5.779515157886744419e+03
7.910425608404270292e+01 5.783877590861345197e+03
7.911935500644403874e+01 5.792477131407868910e+03
7.912935504052788360e+01 5.798209559798375267e+03
7.915375799170159610e+01 5.812324404815953130e+03
7.916860302455255294e+01 5.821000000000000000e+03
7.918909756628815444e+01 5.833090747999037376e+03
7.919174691634056273e+01 5.834663479482633193e+03
7.919306846282796641e+01 5.835448831251936099e+03
7.919372845585546372e+01 5.835841254024722730e+03
7.919438792946485250e+01 5.836233508201259610e+03
7.919714167742084499e+01 5.837872951980803009e+03
7.919851515746825044e+01 5.838691570176271853e+03
7.919920105118143283e+01 5.839100603783760562e+03
7.919954378673121198e+01 5.839305051769019883e+03
7.919988638151238547e+01 5.839509453895870138e+03
7.920698967962238157e+01 5.843756106197040936e+03
7.920910464380577309e+01 5.845023708057446129e+03
7.922863952171709911e+01 5.856801948922146948e+03
7.925190921001592415e+01 5.871000000000000000e+03
7.926853092202374285e+01 5.881256383119759448e+03
7.928480959360895497e+01 5.891395956763047252e+03
7.930849791205579891e+01 5.906322774931001732e+03
7.933147246191055046e+01 5.921000000000000000e+03
7.934085999656237220e+01 5.927055336232162517e+03
7.935013013673030002e+01 5.933068701681323546e+03
7.936832596525481165e+01 5.944971253664713913e+03
7.938607522480405976e+01 5.956711063565764562e+03
7.939682627680193150e+01 5.963885586377381514e+03
7.940741571284861777e+01 5.971000000000000000e+03
7.942613061872509661e+01 5.984097967492593853e+03
7.944465514343531254e+01 5.997145694263439509e+03
7.945798465966147717e+01 6.006585953588864868e+03
7.947121624062906164e+01 6.016000000000000000e+03
7.948114209472781511e+01 6.023090516904660944e+03
7.950228305960098396e+01 6.038274581129143371e+03
7.951689471879376470e+01 6.048834999067952594e+03
7.953363387997063683e+01 6.061000000000000000e+03
7.954889893314812355e+01 6.072156670230864620e+03
7.956403146461440201e+01 6.083276379584152892e+03
7.957175065879121689e+01 6.088971767949280547e+03
7.957943553646289558e+01 6.094657484409988683e+03
7.959470316776112497e+01 6.106000000000000000e+03
7.960218819149721980e+01 6.111583532987353465e+03
7.960964058874370153e+01 6.117157741448922025e+03
7.962444827315302120e+01 6.128278278070941269e+03
7.963200079408102283e+01 6.133973282880642728e+03
7.963951972955084102e+01 6.139658554866933628e+03
7.964700528333702323e+01 6.145334118958759063e+03
7.965073560570716893e+01 6.148168268311272186e+03
7.965445765835690395e+01 6.151000000000000000e+03
7.967623229129773677e+01 6.168475816192898492e+03
7.969797310672751678e+01 6.186000000000000000e+03
7.971956053120244690e+01 6.203475292094711222e+03
7.974111707650884284e+01 6.221000000000000000e+03
7.975947263572395229e+01 6.235981114146495202e+03
7.977168991141721222e+01 6.245982315499501055e+03
7.978389804315604295e+01 6.256000000000000000e+03
7.979451412714217895e+01 6.264730751490902549e+03
7.980512383116727904e+01 6.273474316488087425e+03
7.981572717428925046e+01 6.282230723220483014e+03
7.982632417553176651e+01 6.291000000000000000e+03
7.983837157197933720e+01 6.300991482874092981e+03
7.985041135852533500e+01 6.311000000000000000e+03
7.986020860723289161e+01 6.319161558655203407e+03
7.986510544170812409e+01 6.323246641096669919e+03
7.987000108537566234e+01 6.327334596315524323e+03
7.987438675524393261e+01 6.331000000000000000e+03
7.987904431651747927e+01 6.334896038686511019e+03
7.988370085534326392e+01 6.338794716459812662e+03
7.988835637321088257e+01 6.342696036002298570e+03
7.989068374973675191e+01 6.344647687276229590e+03
7.989301087158125370e+01 6.346600000000000364e+03
7.989786091591109596e+01 6.351300000000000182e+03
7.990028322970117358e+01 6.353650000000000546e+03
7.990149371038648951e+01 6.354825000000000728e+03
7.990270374060162339e+01 6.356000000000000000e+03
7.990901892534873241e+01 6.363500000000000000e+03
7.991217091438916498e+01 6.367250000000000000e+03
7.991374551097962353e+01 6.369125000000000000e+03
7.991453246015456102e+01 6.370062500000000000e+03
7.991531917672041629e+01 6.371000000000000000e+03
7.991610589328627157e+01 6.370062500000000000e+03
7.991689284246120906e+01 6.369125000000000000e+03
7.991846743905166761e+01 6.367250000000000000e+03
7.992161942809210018e+01 6.363500000000000000e+03
7.992793461283920919e+01 6.356000000000000000e+03
7.992914464305434308e+01 6.354825000000000728e+03
7.993035512373965901e+01 6.353650000000000546e+03
7.993277743752972242e+01 6.351300000000000182e+03
7.993762748185957889e+01 6.346600000000000364e+03
7.993995460370408068e+01 6.344647687276229590e+03
7.994228198022995002e+01 6.342696036002298570e+03
7.994693749809756866e+01 6.338794716459812662e+03
7.995159403692335331e+01 6.334896038686511019e+03
7.995625159819689998e+01 6.331000000000000000e+03
7.996063726806517025e+01 6.327334596315524323e+03
7.996553291173270850e+01 6.323246641096669919e+03
7.997042974620794098e+01 6.319161558655203407e+03
7.998022699491549758e+01 6.311000000000000000e+03
7.999226678146149538e+01 6.300991482874092981e+03
8.000431417790906607e+01 6.291000000000000000e+03
8.001491117915158213e+01 6.282230723220483014e+03
8.002551452227355355e+01 6.273474316488087425e+03
8.003612422629865364e+01 6.264730751490902549e+03
8.004674031028478964e+01 6.256000000000000000e+03
8.005894844202362037e+01 6.245982315499501055e+03
8.007116571771688029e+01 6.235981114146495202e+03
8.008952127693198975e+01 6.221000000000000000e+03
8.011107782223838569e+01 6.203475292094711222e+03
8.013266524671331581e+01 6.186000000000000000e+03
8.015440606214309582e+01 6.168475816192898492e+03
8.017618069508392864e+01 6.151000000000000000e+03
8.017990274773366366e+01 6.148168268311272186e+03
8.018363307010380936e+01 6.145334118958759063e+03
8.019111862388997736e+01 6.139658554866933628e+03
8.019863755935980976e+01 6.133973282880642728e+03
8.020619008028781138e+01 6.128278278070941269e+03
8.022099776469713106e+01 6.117157741448922025e+03
8.022845016194361278e+01 6.111583532987353465e+03
8.023593518567970762e+01 6.106000000000000000e+03
8.025120281697792279e+01 6.094657484409988683e+03
8.025888769464961570e+01 6.088971767949280547e+03
8.026660688882643058e+01 6.083276379584152892e+03
8.028173942029270904e+01 6.072156670230864620e+03
8.029700447347019576e+01 6.061000000000000000e+03
8.031374363464706789e+01 6.048834999067952594e+03
8.032835529383984863e+01 6.038274581129143371e+03
8.034949625871301748e+01 6.023090516904660944e+03
8.035942211281177094e+01 6.016000000000000000e+03
8.037265369377935542e+01 6.006585953588864868e+03
8.038598321000552005e+01 5.997145694263439509e+03
8.040450773471573598e+01 5.984097967492593853e+03
8.042322264059221482e+01 5.971000000000000000e+03
8.043381207663890109e+01 5.963885586377381514e+03
8.044456312863677283e+01 5.956711063565764562e+03
8.046231238818600673e+01 5.944971253664713913e+03
8.048050821671053257e+01 5.933068701681323546e+03
8.048977835687846039e+01 5.927055336232162517e+03
8.049916589153028212e+01 5.921000000000000000e+03
8.052214044138503368e+01 5.906322774931001732e+03
8.054582875983187762e+01 5.891395956763047252e+03
8.056210743141708974e+01 5.881256383119759448e+03
8.057872914342490844e+01 5.871000000000000000e+03
8.060199883172373347e+01 5.856801948922146948e+03
8.062153370963505949e+01 5.845023708057446129e+03
8.062364867381845102e+01 5.843756106197040936e+03
8.063075197192844712e+01 5.839509453895870138e+03
8.063109456670962061e+01 5.839305051769019883e+03
8.063143730225939976e+01 5.839100603783760562e+03
8.063212319597258215e+01 5.838691570176271853e+03
8.063349667601998760e+01 5.837872951980803009e+03
8.063625042397598008e+01 5.836233508201259610e+03
8.063690989758536887e+01 5.835841254024722730e+03
8.063756989061286617e+01 5.835448831251936099e+03
8.063889143710025564e+01 5.834663479482633193e+03
8.064154078715266394e+01 5.833090747999037376e+03
8.066203532888827965e+01 5.821000000000000000e+03
8.067688036173923649e+01 5.812324404815953130e+03
8.070128331291294899e+01 5.798209559798375267e+03
8.071128334699679385e+01 5.792477131407868910e+03
8.072638226939811545e+01 5.783877590861345197e+03
8.073408660774472878e+01 5.779515157886744419e+03
8.073544952119546281e+01 5.778745214811430742e+03
8.074921229080365492e+01 5.771000000000000000e+03
8.075591026224068969e+01 5.767247208179240261e+03
8.076771961262781474e+01 5.760647581597568205e+03
8.078078236506578946e+01 5.753372645957148961e+03
8.081216848003013808e+01 5.736000000000000000e+03
8.081529658923921033e+01 5.734276765325053020e+03
8.081831980981704078e+01 5.732612718651146679e+03
8.082134694761357707e+01 5.730947898682818050e+03
8.084863015630133987e+01 5.716005170388375518e+03
8.087623312015941224e+01 5.701000000000000000e+03
8.088553687506345113e+01 5.696299767616116696e+03
8.089492202207321725e+01 5.691577756961269188e+03
8.091394031477884141e+01 5.682067792569701851e+03
8.094610861448143169e+01 5.666158182732464411e+03
8.095378256699581243e+01 5.662394951670154114e+03
8.095433823885322511e+01 5.662122929592526816e+03
8.095489418707933282e+01 5.661850836085401170e+03
8.095600691337129717e+01 5.661306434670083945e+03
8.095823569047844614e+01 5.660216773446381922e+03
8.095837436198824832e+01 5.660149010020322748e+03
8.095966688729676264e+01 5.659517593057181330e+03
8.096096090424394731e+01 5.658885791585033076e+03
8.096355342224669016e+01 5.657621033707950119e+03
8.096875645953919332e+01 5.655086888358275246e+03
8.097923506190517173e+01 5.650000000000000000e+03
8.102240967589011689e+01 5.629272204888298802e+03
8.105314693148804395e+01 5.614737222997924619e+03
8.108470502841930738e+01 5.600000000000000000e+03
8.109428501638383580e+01 5.595559138360928046e+03
8.110389522614721614e+01 5.591113821732636097e+03
8.112320683808918886e+01 5.582209796666496004e+03
8.116219857245866365e+01 5.564347990646462677e+03
8.119741444816003195e+01 5.548347817202922670e+03
8.121517326921269841e+01 5.540326122140537336e+03
8.123303373802704641e+01 5.532289969591510271e+03
8.126906284460758911e+01 5.516174135411034513e+03
8.128723314630897789e+01 5.508094375114532340e+03
8.130550838371959799e+01 5.500000000000000000e+03
8.134578003075819197e+01 5.482274596889916211e+03
8.136610355783579962e+01 5.473386772410306548e+03
8.138655365784126161e+01 5.464482135951820965e+03
8.142361060215981183e+01 5.448443906490607333e+03
8.144229559864234602e+01 5.440404303246951713e+03
8.146108603110567969e+01 5.432350994423984048e+03
8.149898651288474127e+01 5.416203119612529008e+03
8.151809826778770685e+01 5.408108483110237103e+03
8.153731883033886163e+01 5.400000000000000000e+03
8.157944112159538008e+01 5.382341283162184482e+03
8.162207881102605711e+01 5.364619688891984879e+03
8.170051473877100534e+01 5.332414195103907332e+03
8.170466155210138481e+01 5.330725577178969615e+03
8.178071887933356265e+01 5.300000000000000000e+03
8.185960479935820899e+01 5.268613070347176290e+03
8.194019775331413769e+01 5.237037856906376874e+03
8.203634487386787555e+01 5.200000000000000000e+03
8.208602760483722705e+01 5.181123188790137647e+03
8.213634661414026539e+01 5.162181835061464881e+03
8.218731340266157304e+01 5.143175607226947250e+03
8.223893974396790441e+01 5.124104171424285596e+03
8.224048880132664863e+01 5.123534711241189143e+03
8.224203845566871962e+01 5.122965192817484422e+03
8.224513955658963482e+01 5.121825981212500665e+03
8.224824304932684527e+01 5.120686536537831671e+03
8.225134893647339140e+01 5.119546858721945682e+03
8.225533222490621199e+01 5.118086171107819609e+03
8.225931945446536986e+01 5.116625100430052953e+03
8.226331063063281590e+01 5.115163646537939712e+03
8.226730575890046282e+01 5.113701809280693851e+03
8.227529038960304320e+01 5.110783377244053554e+03
8.228329082545849360e+01 5.107863416640710057e+03
8.229407796076255011e+01 5.103933093874856240e+03
8.230489388339915990e+01 5.100000000000000000e+03
8.230551242401574541e+01 5.099775307355141194e+03
8.231144176558146341e+01 5.097622666933323671e+03
8.231855140794826298e+01 5.095044541692768689e+03
8.232567329476425755e+01 5.092465273752032772e+03
8.233995392006616498e+01 5.087303306729801989e+03
8.235423915837473885e+01 5.082152863521321706e+03
8.236857366337812891e+01 5.076997862837097273e+03
8.238291335493684642e+01 5.071854175867099912e+03
8.239730248762046472e+01 5.066705947393367751e+03
8.239886418991049766e+01 5.066147985041328866e+03
8.240042647550026800e+01 5.065589969318183648e+03
8.240355279780057174e+01 5.064473777727936067e+03
8.240668145698546709e+01 5.063357372561343254e+03
8.240981245551616041e+01 5.062240753757101629e+03
8.241608148042629978e+01 5.060006874990323922e+03
8.242235989233878968e+01 5.057772140936690448e+03
8.243494495606826433e+01 5.053300105003316276e+03
8.244756780626183001e+01 5.048824642022135777e+03
8.247302186800436630e+01 5.039830148983069193e+03
8.249863015031702673e+01 5.030821798014501837e+03
8.254264977876295006e+01 5.015431166328467953e+03
8.256483122026324395e+01 5.007720659996419272e+03
8.258712819453739939e+01 5.000000000000000000e+03
8.263258905941104615e+01 4.984350466656896970e+03
8.267852615966975804e+01 4.968660727985812628e+03
8.277185737255295805e+01 4.937160013312628507e+03
8.282752234497809241e+01 4.918608118927849318e+03
8.288388459573047840e+01 4.900000000000000000e+03
8.299993434087765820e+01 4.862230287249800313e+03
8.311894691828025827e+01 4.824236259859541860e+03
8.312852078997539707e+01 4.821211725570394265e+03
8.313811405281450106e+01 4.818185765245956645e+03
8.315735897407684263e+01 4.812129562455151245e+03
8.319608396890829738e+01 4.800000000000000000e+03
8.320689186265730086e+01 4.796628177874657922e+03
8.321772395022158264e+01 4.793254645241781873e+03
8.326627361991667442e+01 4.778205745655412102e+03
8.329073122795155371e+01 4.770668521131959096e+03
8.331531184066528795e+01 4.763122760832113272e+03
8.337182125809476929e+01 4.745886131456858493e+03
8.342898532722050220e+01 4.728604880064525787e+03
8.351649225819559774e+01 4.702447642573829398e+03
8.352061536268354303e+01 4.701223933096043766e+03
8.352474185617984404e+01 4.700000000000000000e+03
8.362312490893110350e+01 4.671047855811226327e+03
8.372343108711999093e+01 4.641974078156351425e+03
8.379128966605804862e+01 4.622554150333280631e+03
8.387097822634656552e+01 4.600000000000000000e+03
8.393513508125415967e+01 4.582035357707135518e+03
8.394428303791114843e+01 4.579487693472211504e+03
8.395344662982043360e+01 4.576939121644680199e+03
8.397182087175079346e+01 4.571839253271146845e+03
8.400875866338660103e+01 4.561628604046322835e+03
8.408340018526024551e+01 4.541163546563089767e+03
8.408965378482611186e+01 4.539459058171074503e+03
8.409591457574364881e+01 4.537754164709254837e+03
8.416552727252435773e+01 4.518901882588699664e+03
8.423603438597430682e+01 4.500000000000000000e+03
8.424623573931187082e+01 4.497281034716017530e+03
8.425645579816955433e+01 4.494561065026764481e+03
8.433889920515564143e+01 4.472764117764656476e+03
8.442256865853013892e+01 4.450902561122331463e+03
8.459369125099276232e+01 4.406984467210255389e+03
8.462128647530212788e+01 4.400000000000000000e+03
8.467784145014768171e+01 4.385768783619147143e+03
8.473494842786870151e+01 4.371510725873732554e+03
8.487980471835338392e+01 4.335839642122849909e+03
8.502826666729284000e+01 4.300000000000000000e+03
8.522948703890349975e+01 4.252544907707078892e+03
8.532299111542353387e+01 4.230918457524750920e+03
8.539047053311306001e+01 4.215474635658658372e+03
8.545868340631250248e+01 4.200000000000000000e+03
8.559763653569108044e+01 4.168895314184890594e+03
8.573966951519017243e+01 4.137666949604132242e+03
8.574595214158804879e+01 4.136298565928655080e+03
8.582965795371609374e+01 4.118170185945573394e+03
8.591444957558763917e+01 4.100000000000000000e+03
8.608755528748969255e+01 4.063495247384585582e+03
8.626526026431734806e+01 4.026822041401353090e+03
8.629813247991414471e+01 4.020124987488006354e+03
8.633116427574138640e+01 4.013422300691796409e+03
8.639771110750113792e+01 4.000000000000000000e+03
8.642192107829924907e+01 3.995143612901741562e+03
8.644621663913476084e+01 3.990284269093446710e+03
8.653751760557122452e+01 3.972149362520172872e+03
8.663003650280901979e+01 3.953973216789043363e+03
8.664176651351833414e+01 3.951683009119788494e+03
8.665351623414986193e+01 3.949392145892666576e+03
8.667707499730917675e+01 3.944808451638598854e+03
8.673480651762817217e+01 3.933629798901071808e+03
8.679301514178823140e+01 3.922435527900394845e+03
8.685170662466109093e+01 3.911225605882083528e+03
8.691088681436050933e+01 3.900000000000000000e+03
8.703063221340254074e+01 3.877521237213616132e+03
8.715240387488512397e+01 3.854979169015443404e+03
8.740222823354673665e+01 3.809704043666336020e+03
8.742941822581386191e+01 3.804853485772945078e+03
8.745670831912808296e+01 3.800000000000000000e+03
8.754483705885522227e+01 3.784427856473555948e+03
8.763401975501476215e+01 3.768825250797792251e+03
8.781562119588826931e+01 3.737528294758099491e+03
8.803827886102925504e+01 3.700000000000000000e+03
8.823077321013808216e+01 3.668280721280808848e+03
8.834874902588713041e+01 3.649163394452884859e+03
8.846852094763853813e+01 3.630000000000000000e+03
8.856329467077802065e+01 3.614999772910571210e+03
8.861099910232620402e+01 3.607499829684217730e+03
8.865891720006924004e+01 3.600000000000000000e+03
8.880867617397186109e+01 3.576775986262010065e+03
8.888434245675540524e+01 3.565164474887929828e+03
8.896054087447834036e+01 3.553553293824999400e+03
8.913833753892930645e+01 3.526775768576072096e+03
8.931906875699675652e+01 3.500000000000000000e+03
8.937348730042937461e+01 3.492023793463924903e+03
8.945603220803899092e+01 3.480000000000000000e+03
8.953857711564860722e+01 3.492023793463924903e+03
8.959299565908122531e+01 3.500000000000000000e+03
8.977372687714867538e+01 3.526775768576072096e+03
8.995152354159964148e+01 3.553553293824999400e+03
9.002772195932257659e+01 3.565164474887929828e+03
9.010338824210612074e+01 3.576775986262010065e+03
9.025314721600874179e+01 3.600000000000000000e+03
9.030106531375177781e+01 3.607499829684217730e+03
9.034876974529997540e+01 3.614999772910571210e+03
9.044354346843945791e+01 3.630000000000000000e+03
9.056331539019085142e+01 3.649163394452884859e+03
9.068129120593989967e+01 3.668280721280808848e+03
9.087378555504874100e+01 3.700000000000000000e+03
9.109644322018972673e+01 3.737528294758099491e+03
9.127804466106321968e+01 3.768825250797792251e+03
9.136722735722275957e+01 3.784427856473555948e+03
9.145535609694989887e+01 3.800000000000000000e+03
9.148264619026411992e+01 3.804853485772945078e+03
9.150983618253124519e+01 3.809704043666336020e+03
9.175966054119285786e+01 3.854979169015443404e+03
9.188143220267545530e+01 3.877521237213616132e+03
9.200117760171747250e+01 3.900000000000000000e+03
9.206035779141689090e+01 3.911225605882083528e+03
9.211904927428975043e+01 3.922435527900394845e+03
9.217725789844980966e+01 3.933629798901071808e+03
9.223498941876880508e+01 3.944808451638598854e+03
9.225854818192811990e+01 3.949392145892666576e+03
9.227029790255964770e+01 3.951683009119788494e+03
9.228202791326896204e+01 3.953973216789043363e+03
9.237454681050675731e+01 3.972149362520172872e+03
9.246584777694323520e+01 3.990284269093446710e+03
9.249014333777874697e+01 3.995143612901741562e+03
9.251435330857685813e+01 4.000000000000000000e+03
9.258090014033660964e+01 4.013422300691796409e+03
9.261393193616385133e+01 4.020124987488006354e+03
9.264680415176064798e+01 4.026822041401353090e+03
9.282450912858830350e+01 4.063495247384585582e+03
9.299761484049035687e+01 4.100000000000000000e+03
9.308240646236188809e+01 4.118170185945573394e+03
9.316611227448994725e+01 4.136298565928655080e+03
9.317239490088780940e+01 4.137666949604132242e+03
9.331442788038690139e+01 4.168895314184890594e+03
9.345338100976547935e+01 4.200000000000000000e+03
9.352159388296493603e+01 4.215474635658658372e+03
9.358907330065444796e+01 4.230918457524750920e+03
9.368257737717448208e+01 4.252544907707078892e+03
9.388379774878512762e+01 4.300000000000000000e+03
9.403225969772458370e+01 4.335839642122849909e+03
9.417711598820928032e+01 4.371510725873732554e+03
9.423422296593030012e+01 4.385768783619147143e+03
9.429077794077585395e+01 4.400000000000000000e+03
9.431837316508520530e+01 4.406984467210255389e+03
9.448949575754784291e+01 4.450902561122331463e+03
9.457316521092234041e+01 4.472764117764656476e+03
9.465560861790842750e+01 4.494561065026764481e+03
9.466582867676611102e+01 4.497281034716017530e+03
9.467603003010367502e+01 4.500000000000000000e+03
9.474653714355360989e+01 4.518901882588699664e+03
9.481614984033433302e+01 4.537754164709254837e+03
9.482241063125186997e+01 4.539459058171074503e+03
9.482866423081772211e+01 4.541163546563089767e+03
9.490330575269136659e+01 4.561628604046322835e+03
9.494024354432717416e+01 4.571839253271146845e+03
9.495861778625754823e+01 4.576939121644680199e+03
9.496778137816681920e+01 4.579487693472211504e+03
9.497692933482380795e+01 4.582035357707135518e+03
9.504108618973140210e+01 4.600000000000000000e+03
9.512077475001993321e+01 4.622554150333280631e+03
9.518863332895796248e+01 4.641974078156351425e+03
9.528893950714686412e+01 4.671047855811226327e+03
9.538732255989810938e+01 4.700000000000000000e+03
9.539144905339443881e+01 4.701223933096043766e+03
9.539557215788236988e+01 4.702447642573829398e+03
9.548307908885746542e+01 4.728604880064525787e+03
9.554024315798319833e+01 4.745886131456858493e+03
9.559675257541266546e+01 4.763122760832113272e+03
9.562133318812641392e+01 4.770668521131959096e+03
9.564579079616129320e+01 4.778205745655412102e+03
9.569434046585638498e+01 4.793254645241781873e+03
9.570517255342065255e+01 4.796628177874657922e+03
9.571598044716964182e+01 4.800000000000000000e+03
9.575470544200109657e+01 4.812129562455151245e+03
9.577395036326343813e+01 4.818185765245956645e+03
9.578354362610255635e+01 4.821211725570394265e+03
9.579311749779769514e+01 4.824236259859541860e+03
9.591213007520029521e+01 4.862230287249800313e+03
9.602817982034747502e+01 4.900000000000000000e+03
9.608454207109986100e+01 4.918608118927849318e+03
9.614020704352499536e+01 4.937160013312628507e+03
9.623353825640819537e+01 4.968660727985812628e+03
9.627947535666690726e+01 4.984350466656896970e+03
9.632493622154055402e+01 5.000000000000000000e+03
9.634723319581470946e+01 5.007720659996419272e+03
9.636941463731500335e+01 5.015431166328467953e+03
9.641343426576094089e+01 5.030821798014501837e+03
9.643904254807360132e+01 5.039830148983069193e+03
9.646449660981613761e+01 5.048824642022135777e+03
9.647711946000970329e+01 5.053300105003316276e+03
9.648970452373916373e+01 5.057772140936690448e+03
9.649598293565165363e+01 5.060006874990323922e+03
9.650225196056180721e+01 5.062240753757101629e+03
9.650538295909248632e+01 5.063357372561343254e+03
9.650851161827739588e+01 5.064473777727936067e+03
9.651163794057769962e+01 5.065589969318183648e+03
9.651320022616746996e+01 5.066147985041328866e+03
9.651476192845750290e+01 5.066705947393367751e+03
9.652915106114110699e+01 5.071854175867099912e+03
9.654349075269982450e+01 5.076997862837097273e+03
9.655782525770321456e+01 5.082152863521321706e+03
9.657211049601178843e+01 5.087303306729801989e+03
9.658639112131371007e+01 5.092465273752032772e+03
9.659351300812969043e+01 5.095044541692768689e+03
9.660062265049649000e+01 5.097622666933323671e+03
9.660655199206220800e+01 5.099775307355141194e+03
9.660717053267879351e+01 5.100000000000000000e+03
9.661798645531538909e+01 5.103933093874856240e+03
9.662877359061945981e+01 5.107863416640710057e+03
9.663677402647491022e+01 5.110783377244053554e+03
9.664475865717749059e+01 5.113701809280693851e+03
9.664875378544513751e+01 5.115163646537939712e+03
9.665274496161259776e+01 5.116625100430052953e+03
9.665673219117172721e+01 5.118086171107819609e+03
9.666071547960454780e+01 5.119546858721945682e+03
9.666382136675110814e+01 5.120686536537831671e+03
9.666692485948831859e+01 5.121825981212500665e+03
9.667002596040921958e+01 5.122965192817484422e+03
9.667157561475130478e+01 5.123534711241189143e+03
9.667312467211003479e+01 5.124104171424285596e+03
9.672475101341638037e+01 5.143175607226947250e+03
9.677571780193767381e+01 5.162181835061464881e+03
9.682603681124071215e+01 5.181123188790137647e+03
9.687571954221007786e+01 5.200000000000000000e+03
9.697186666276380151e+01 5.237037856906376874e+03
9.705245961671971600e+01 5.268613070347176290e+03
9.713134553674436233e+01 5.300000000000000000e+03
9.720740286397655439e+01 5.330725577178969615e+03
9.721154967730693386e+01 5.332414195103907332e+03
9.728998560505189630e+01 5.364619688891984879e+03
9.733262329448255912e+01 5.382341283162184482e+03
9.737474558573907757e+01 5.400000000000000000e+03
9.739396614829021814e+01 5.408108483110237103e+03
9.741307790319319793e+01 5.416203119612529008e+03
9.745097838497225951e+01 5.432350994423984048e+03
9.746976881743560739e+01 5.440404303246951713e+03
9.748845381391814158e+01 5.448443906490607333e+03
9.752551075823669180e+01 5.464482135951820965e+03
9.754596085824215379e+01 5.473386772410306548e+03
9.756628438531976144e+01 5.482274596889916211e+03
9.760655603235835542e+01 5.500000000000000000e+03
9.762483126976897552e+01 5.508094375114532340e+03
9.764300157147036430e+01 5.516174135411034513e+03
9.767903067805090700e+01 5.532289969591510271e+03
9.769689114686525500e+01 5.540326122140537336e+03
9.771464996791792146e+01 5.548347817202922670e+03
9.774986584361928976e+01 5.564347990646462677e+03
9.778885757798876455e+01 5.582209796666496004e+03
9.780816918993073728e+01 5.591113821732636097e+03
9.781777939969413183e+01 5.595559138360928046e+03
9.782735938765864603e+01 5.600000000000000000e+03
9.785891748458990946e+01 5.614737222997924619e+03
9.788965474018783652e+01 5.629272204888298802e+03
9.793282935417276747e+01 5.650000000000000000e+03
9.794330795653874588e+01 5.655086888358275246e+03
9.794851099383126325e+01 5.657621033707950119e+03
9.795110351183400610e+01 5.658885791585033076e+03
9.795239752878119077e+01 5.659517593057181330e+03
9.795369005408969088e+01 5.660149010020322748e+03
9.795382872559949305e+01 5.660216773446381922e+03
9.795605750270665624e+01 5.661306434670083945e+03
9.795717022899862059e+01 5.661850836085401170e+03
9.795772617722474251e+01 5.662122929592526816e+03
9.795828184908214098e+01 5.662394951670154114e+03
9.796595580159652172e+01 5.666158182732464411e+03
9.799812410129911200e+01 5.682067792569701851e+03
9.801714239400473616e+01 5.691577756961269188e+03
9.802652754101448807e+01 5.696299767616116696e+03
9.803583129591854117e+01 5.701000000000000000e+03
9.806343425977661354e+01 5.716005170388375518e+03
9.809071746846436213e+01 5.730947898682818050e+03
9.809374460626091263e+01 5.732612718651146679e+03
9.809676782683874308e+01 5.734276765325053020e+03
9.809989593604781533e+01 5.736000000000000000e+03
9.813128205101216395e+01 5.753372645957148961e+03
9.814434480345013867e+01 5.760647581597568205e+03
9.815615415383726372e+01 5.767247208179240261e+03
9.816285212527429849e+01 5.771000000000000000e+03
9.817661489488247639e+01 5.778745214811430742e+03
9.817797780833322463e+01 5.779515157886744419e+03
9.818568214667982375e+01 5.783877590861345197e+03
9.820078106908115956e+01 5.792477131407868910e+03
9.821078110316501864e+01 5.798209559798375267e+03
9.823518405433873113e+01 5.812324404815953130e+03
9.825002908718968797e+01 5.821000000000000000e+03
9.827052362892528947e+01 5.833090747999037376e+03
9.827317297897769777e+01 5.834663479482633193e+03
9.827449452546508724e+01 5.835448831251936099e+03
9.827515451849259875e+01 5.835841254024722730e+03
9.827581399210197333e+01 5.836233508201259610e+03
9.827856774005796581e+01 5.837872951980803009e+03
9.827994122010537126e+01 5.838691570176271853e+03
9.828062711381855365e+01 5.839100603783760562e+03
9.828096984936833280e+01 5.839305051769019883e+03
9.828131244414952050e+01 5.839509453895870138e+03
9.828841574225950239e+01 5.843756106197040936e+03
9.829053070644290813e+01 5.845023708057446129e+03
9.831006558435423415e+01 5.856801948922146948e+03
9.833333527265304497e+01 5.871000000000000000e+03
9.834995698466087788e+01 5.881256383119759448e+03
9.836623565624609000e+01 5.891395956763047252e+03
9.838992397469291973e+01 5.906322774931001732e+03
9.841289852454769971e+01 5.921000000000000000e+03
9.842228605919950724e+01 5.927055336232162517e+03
9.843155619936743506e+01 5.933068701681323546e+03
9.844975202789194668e+01 5.944971253664713913e+03
9.846750128744119479e+01 5.956711063565764562e+03
9.847825233943908074e+01 5.963885586377381514e+03
9.848884177548575281e+01 5.971000000000000000e+03
9.850755668136223164e+01 5.984097967492593853e+03
9.852608120607244757e+01 5.997145694263439509e+03
9.853941072229861220e+01 6.006585953588864868e+03
9.855264230326619668e+01 6.016000000000000000e+03
9.856256815736495014e+01 6.023090516904660944e+03
9.858370912223813320e+01 6.038274581129143371e+03
9.859832078143089973e+01 6.048834999067952594e+03
9.861505994260775765e+01 6.061000000000000000e+03
9.863032499578525858e+01 6.072156670230864620e+03
9.864545752725153704e+01 6.083276379584152892e+03
9.865317672142833771e+01 6.088971767949280547e+03
9.866086159910003062e+01 6.094657484409988683e+03
9.867612923039826001e+01 6.106000000000000000e+03
9.868361425413436905e+01 6.111583532987353465e+03
9.869106665138085077e+01 6.117157741448922025e+03
9.870587433579015624e+01 6.128278278070941269e+03
9.871342685671815786e+01 6.133973282880642728e+03
9.872094579218799026e+01 6.139658554866933628e+03
9.872843134597417247e+01 6.145334118958759063e+03
9.873216166834431817e+01 6.148168268311272186e+03
9.873588372099405319e+01 6.151000000000000000e+03
9.875765835393488601e+01 6.168475816192898492e+03
9.877939916936466602e+01 6.186000000000000000e+03
9.880098659383959614e+01 6.203475292094711222e+03
9.882254313914597788e+01 6.221000000000000000e+03
9.884089869836108733e+01 6.235981114146495202e+03
9.885311597405436146e+01 6.245982315499501055e+03
9.886532410579317798e+01 6.256000000000000000e+03
9.887594018977932819e+01 6.264730751490902549e+03
9.888654989380441407e+01 6.273474316488087425e+03
9.889715323692638549e+01 6.282230723220483014e+03
9.890775023816891576e+01 6.291000000000000000e+03
9.891979763461648645e+01 6.300991482874092981e+03
9.893183742116248425e+01 6.311000000000000000e+03
9.894163466987004085e+01 6.319161558655203407e+03
9.894653150434527333e+01 6.323246641096669919e+03
9.895142714801281159e+01 6.327334596315524323e+03
9.895581281788108186e+01 6.331000000000000000e+03
9.896047037915462852e+01 6.334896038686511019e+03
9.896512691798041317e+01 6.338794716459812662e+03
9.896978243584803181e+01 6.342696036002298570e+03
9.897210981237390115e+01 6.344647687276229590e+03
9.897443693421840294e+01 6.346600000000000364e+03
9.897928697854825941e+01 6.351300000000000182e+03
9.898170929233832283e+01 6.353650000000000546e+03
9.898291977302365297e+01 6.354825000000000728e+03
9.898412980323877264e+01 6.356000000000000000e+03
9.899044498798591007e+01 6.363500000000000000e+03
9.899359697702632843e+01 6.367250000000000000e+03
9.899517157361678699e+01 6.369125000000000000e+03
9.899595852279171027e+01 6.370062500000000000e+03
9.899674523935757975e+01 6.371000000000000000e+03
9.899753195592343502e+01 6.370062500000000000e+03
9.899831890509835830e+01 6.369125000000000000e+03
9.899989350168883107e+01 6.367250000000000000e+03
9.900304549072924942e+01 6.363500000000000000e+03
9.900936067547637265e+01 6.356000000000000000e+03
9.901057070569149232e+01 6.354825000000000728e+03
9.901178118637682246e+01 6.353650000000000546e+03
9.901420350016690008e+01 6.351300000000000182e+03
9.901905354449675656e+01 6.346600000000000364e+03
9.902138066634124414e+01 6.344647687276229590e+03
9.902370804286711348e+01 6.342696036002298570e+03
9.902836356073473212e+01 6.338794716459812662e+03
9.903302009956053098e+01 6.334896038686511019e+03
9.903767766083407764e+01 6.331000000000000000e+03
9.904206333070234791e+01 6.327334596315524323e+03
9.904695897436985774e+01 6.323246641096669919e+03
9.905185580884509022e+01 6.319161558655203407e+03
9.906165305755266104e+01 6.311000000000000000e+03
9.907369284409865884e+01 6.300991482874092981e+03
9.908574024054624374e+01 6.291000000000000000e+03
9.909633724178875980e+01 6.282230723220483014e+03
9.910694058491071701e+01 6.273474316488087425e+03
9.911755028893583130e+01 6.264730751490902549e+03
9.912816637292196731e+01 6.256000000000000000e+03
9.914037450466079804e+01 6.245982315499501055e+03
9.915259178035405796e+01 6.235981114146495202e+03
9.917094733956915320e+01 6.221000000000000000e+03
9.919250388487554915e+01 6.203475292094711222e+03
9.921409130935049347e+01 6.186000000000000000e+03
9.923583212478025928e+01 6.168475816192898492e+03
9.925760675772110631e+01 6.151000000000000000e+03
9.926132881037082711e+01 6.148168268311272186e+03
9.926505913274097281e+01 6.145334118958759063e+03
9.927254468652715502e+01 6.139658554866933628e+03
9.928006362199698742e+01 6.133973282880642728e+03
9.928761614292498905e+01 6.128278278070941269e+03
9.930242382733430873e+01 6.117157741448922025e+03
9.930987622458079045e+01 6.111583532987353465e+03
9.931736124831689949e+01 6.106000000000000000e+03
9.933262887961511467e+01 6.094657484409988683e+03
9.934031375728680757e+01 6.088971767949280547e+03
9.934803295146360824e+01 6.083276379584152892e+03
9.936316548292990092e+01 6.072156670230864620e+03
9.937843053610737343e+01 6.061000000000000000e+03
9.939516969728424556e+01 6.048834999067952594e+03
9.940978135647702629e+01 6.038274581129143371e+03
9.943092232135019515e+01 6.023090516904660944e+03
9.944084817544894861e+01 6.016000000000000000e+03
9.945407975641653309e+01 6.006585953588864868e+03
9.946740927264269772e+01 5.997145694263439509e+03
9.948593379735291364e+01 5.984097967492593853e+03
9.950464870322939248e+01 5.971000000000000000e+03
9.951523813927607875e+01 5.963885586377381514e+03
9.952598919127395050e+01 5.956711063565764562e+03
9.954373845082318439e+01 5.944971253664713913e+03
9.956193427934769602e+01 5.933068701681323546e+03
9.957120441951563805e+01 5.927055336232162517e+03
9.958059195416745979e+01 5.921000000000000000e+03
9.960356650402222556e+01 5.906322774931001732e+03
9.962725482246906950e+01 5.891395956763047252e+03
9.964353349405428162e+01 5.881256383119759448e+03
9.966015520606210032e+01 5.871000000000000000e+03
9.968342489436091114e+01 5.856801948922146948e+03
9.970295977227223716e+01 5.845023708057446129e+03
9.970507473645564289e+01 5.843756106197040936e+03
9.971217803456562478e+01 5.839509453895870138e+03
9.971252062934681248e+01 5.839305051769019883e+03
9.971286336489659163e+01 5.839100603783760562e+03
9.971354925860978824e+01 5.838691570176271853e+03
9.971492273865717948e+01 5.837872951980803009e+03
9.971767648661317196e+01 5.836233508201259610e+03
9.971833596022256074e+01 5.835841254024722730e+03
9.971899595325005805e+01 5.835448831251936099e+03
9.972031749973746173e+01 5.834663479482633193e+03
9.972296684978985581e+01 5.833090747999037376e+03
9.974346139152547153e+01 5.821000000000000000e+03
9.975830642437642837e+01 5.812324404815953130e+03
9.978270937555012665e+01 5.798209559798375267e+03
9.979270940963397152e+01 5.792477131407868910e+03
9.980780833203530733e+01 5.783877590861345197e+03
9.981551267038193487e+01 5.779515157886744419e+03
9.981687558383265468e+01 5.778745214811430742e+03
9.983063835344086101e+01 5.771000000000000000e+03
9.983733632487789578e+01 5.767247208179240261e+03
9.984914567526500662e+01 5.760647581597568205e+03
9.986220842770298134e+01 5.753372645957148961e+03
9.989359454266732996e+01 5.736000000000000000e+03
9.989672265187640221e+01 5.734276765325053020e+03
9.989974587245423265e+01 5.732612718651146679e+03
9.990277301025076895e+01 5.730947898682818050e+03
9.993005621893851753e+01 5.716005170388375518e+03
9.995765918279660411e+01 5.701000000000000000e+03
9.996696293770065722e+01 5.696299767616116696e+03
9.997634808471040913e+01 5.691577756961269188e+03
9.999536637741604750e+01 5.682067792569701851e+03
1.000275346771186236e+02 5.666158182732464411e+03
1.000352086296330043e+02 5.662394951670154114e+03
1.000357643014904170e+02 5.662122929592526816e+03
1.000363202497165389e+02 5.661850836085401170e+03
1.000374329760084890e+02 5.661306434670083945e+03
1.000396617531156380e+02 5.660216773446381922e+03
1.000398004246254402e+02 5.660149010020322748e+03
1.000410929499339545e+02 5.659517593057181330e+03
1.000423869668811392e+02 5.658885791585033076e+03
1.000449794848838962e+02 5.657621033707950119e+03
1.000501825221763994e+02 5.655086888358275246e+03
1.000606611245423778e+02 5.650000000000000000e+03
1.001038357385273230e+02 5.629272204888298802e+03
1.001345729941252358e+02 5.614737222997924619e+03
1.001661310910565135e+02 5.600000000000000000e+03
1.001757110790210277e+02 5.595559138360928046e+03
1.001853212887844222e+02 5.591113821732636097e+03
1.002046329007263807e+02 5.582209796666496004e+03
1.002436246350958697e+02 5.564347990646462677e+03
1.002788405107972380e+02 5.548347817202922670e+03
1.002965993318499045e+02 5.540326122140537336e+03
1.003144598006642525e+02 5.532289969591510271e+03
1.003504889072447952e+02 5.516174135411034513e+03
1.003686592089461840e+02 5.508094375114532340e+03
1.003869344463568041e+02 5.500000000000000000e+03
1.004272060933953981e+02 5.482274596889916211e+03
1.004475296204730057e+02 5.473386772410306548e+03
1.004679797204784677e+02 5.464482135951820965e+03
1.005050366647970179e+02 5.448443906490607333e+03
1.005237216612795521e+02 5.440404303246951713e+03
1.005425120937428858e+02 5.432350994423984048e+03
1.005804125755219474e+02 5.416203119612529008e+03
1.005995243304249271e+02 5.408108483110237103e+03
1.006187448929760819e+02 5.400000000000000000e+03
1.006608671842325862e+02 5.382341283162184482e+03
1.007035048736632632e+02 5.364619688891984879e+03
1.007819408014082114e+02 5.332414195103907332e+03
1.007860876147385909e+02 5.330725577178969615e+03
1.008621449419707687e+02 5.300000000000000000e+03
1.009410308619954151e+02 5.268613070347176290e+03
1.010216238159513438e+02 5.237037856906376874e+03
1.011177709365050816e+02 5.200000000000000000e+03
1.011674536674744331e+02 5.181123188790137647e+03
1.012177726767774857e+02 5.162181835061464881e+03
1.012687394652987791e+02 5.143175607226947250e+03
1.013203658066051105e+02 5.124104171424285596e+03
1.013219148639638547e+02 5.123534711241189143e+03
1.013234645183059115e+02 5.122965192817484422e+03
1.013265656192268409e+02 5.121825981212500665e+03
1.013296691119640514e+02 5.120686536537831671e+03
1.013327749991105975e+02 5.119546858721945682e+03
1.013367582875434039e+02 5.118086171107819609e+03
1.013407455171025617e+02 5.116625100430052953e+03
1.013447366932700078e+02 5.115163646537939712e+03
1.013487318215376547e+02 5.113701809280693851e+03
1.013567164522402493e+02 5.110783377244053554e+03
1.013647168880956997e+02 5.107863416640710057e+03
1.013755040233997420e+02 5.103933093874856240e+03
1.013863199460363660e+02 5.100000000000000000e+03
1.013869384866529373e+02 5.099775307355141194e+03
1.013928678282186695e+02 5.097622666933323671e+03
1.013999774705854406e+02 5.095044541692768689e+03
1.014070993574014494e+02 5.092465273752032772e+03
1.014213799827033569e+02 5.087303306729801989e+03
1.014356652210119307e+02 5.082152863521321706e+03
1.014499997260153350e+02 5.076997862837097273e+03
1.014643394175740383e+02 5.071854175867099912e+03
1.014787285502576424e+02 5.066705947393367751e+03
1.014802902525476895e+02 5.066147985041328866e+03
1.014818525381374457e+02 5.065589969318183648e+03
1.014849788604377636e+02 5.064473777727936067e+03
1.014881075196226448e+02 5.063357372561343254e+03
1.014912385181533381e+02 5.062240753757101629e+03
1.014975075430634917e+02 5.060006874990323922e+03
1.015037859549759673e+02 5.057772140936690448e+03
1.015163710187054562e+02 5.053300105003316276e+03
1.015289938688990219e+02 5.048824642022135777e+03
1.015544479306415440e+02 5.039830148983069193e+03
1.015800562129542186e+02 5.030821798014501837e+03
1.016240758414001277e+02 5.015431166328467953e+03
1.016462572829004500e+02 5.007720659996419272e+03
1.016685542571746055e+02 5.000000000000000000e+03
1.017140151220482380e+02 4.984350466656896970e+03
1.017599522223069641e+02 4.968660727985812628e+03
1.018532834351901499e+02 4.937160013312628507e+03
1.019089484076152843e+02 4.918608118927849318e+03
1.019653106583676703e+02 4.900000000000000000e+03
1.020813604035148501e+02 4.862230287249800313e+03
1.022003729809174501e+02 4.824236259859541860e+03
1.022099468526125889e+02 4.821211725570394265e+03
1.022195401154517072e+02 4.818185765245956645e+03
1.022387850367140345e+02 4.812129562455151245e+03
1.022775100315454893e+02 4.800000000000000000e+03
1.022883179252944785e+02 4.796628177874657922e+03
1.022991500128587745e+02 4.793254645241781873e+03
1.023476996825538663e+02 4.778205745655412102e+03
1.023721572905887456e+02 4.770668521131959096e+03
1.023967379033024940e+02 4.763122760832113272e+03
1.024532473207319470e+02 4.745886131456858493e+03
1.025104113898576941e+02 4.728604880064525787e+03
1.025979183208327754e+02 4.702447642573829398e+03
1.026020414253207207e+02 4.701223933096043766e+03
1.026061679188170217e+02 4.700000000000000000e+03
1.027045509715682812e+02 4.671047855811226327e+03
1.028048571497571828e+02 4.641974078156351425e+03
1.028727157286952263e+02 4.622554150333280631e+03
1.029524042889837574e+02 4.600000000000000000e+03
1.030165611438913373e+02 4.582035357707135518e+03
1.030257091005483261e+02 4.579487693472211504e+03
1.030348726924576113e+02 4.576939121644680199e+03
1.030532469343879711e+02 4.571839253271146845e+03
1.030901847260237787e+02 4.561628604046322835e+03
1.031648262478974232e+02 4.541163546563089767e+03
1.031710798474632895e+02 4.539459058171074503e+03
1.031773406383808265e+02 4.537754164709254837e+03
1.032469533351615354e+02 4.518901882588699664e+03
1.033174604486114845e+02 4.500000000000000000e+03
1.033276618019490343e+02 4.497281034716017530e+03
1.033378818608067178e+02 4.494561065026764481e+03
1.034203252677928049e+02 4.472764117764656476e+03
1.035039947211673166e+02 4.450902561122331463e+03
1.036751173136299258e+02 4.406984467210255389e+03
1.037027125379393055e+02 4.400000000000000000e+03
1.037592675127848452e+02 4.385768783619147143e+03
1.038163744905058650e+02 4.371510725873732554e+03
1.039612307809905474e+02 4.335839642122849909e+03
1.041096927299300177e+02 4.300000000000000000e+03
1.043109131015406774e+02 4.252544907707078892e+03
1.044044171780606973e+02 4.230918457524750920e+03
1.044718965957502235e+02 4.215474635658658372e+03
1.045401094689496801e+02 4.200000000000000000e+03
1.046790625983282439e+02 4.168895314184890594e+03
1.048210955778273217e+02 4.137666949604132242e+03
1.048273782042251980e+02 4.136298565928655080e+03
1.049110840163532430e+02 4.118170185945573394e+03
1.049958756382247884e+02 4.100000000000000000e+03
1.051689813501268418e+02 4.063495247384585582e+03
1.053466863269545115e+02 4.026822041401353090e+03
1.053795585425513082e+02 4.020124987488006354e+03
1.054125903383785499e+02 4.013422300691796409e+03
1.054791371701383014e+02 4.000000000000000000e+03
1.055033471409363983e+02 3.995143612901741562e+03
1.055276427017719243e+02 3.990284269093446710e+03
1.056189436682083880e+02 3.972149362520172872e+03
1.057114625654461690e+02 3.953973216789043363e+03
1.057231925761554976e+02 3.951683009119788494e+03
1.057349422967870254e+02 3.949392145892666576e+03
1.057585010599463402e+02 3.944808451638598854e+03
1.058162325802653356e+02 3.933629798901071808e+03
1.058744412044254091e+02 3.922435527900394845e+03
1.059331326872982686e+02 3.911225605882083528e+03
1.059923128769976870e+02 3.900000000000000000e+03
1.061120582760397042e+02 3.877521237213616132e+03
1.062338299375222874e+02 3.854979169015443404e+03
1.064836542961839001e+02 3.809704043666336020e+03
1.065108442884510254e+02 3.804853485772945078e+03
1.065381343817652464e+02 3.800000000000000000e+03
1.066262631214923999e+02 3.784427856473555948e+03
1.067154458176519256e+02 3.768825250797792251e+03
1.068970472585254186e+02 3.737528294758099491e+03
1.071197049236664043e+02 3.700000000000000000e+03
1.073121992727752456e+02 3.668280721280808848e+03
1.074301750885242939e+02 3.649163394452884859e+03
1.075499470102757016e+02 3.630000000000000000e+03
1.076447207334151699e+02 3.614999772910571210e+03
1.076924251649633675e+02 3.607499829684217730e+03
1.077403432627064035e+02 3.600000000000000000e+03
1.078901022366090388e+02 3.576775986262010065e+03
1.079657685193925829e+02 3.565164474887929828e+03
1.080419669371155180e+02 3.553553293824999400e+03
1.082197636015664841e+02 3.526775768576072096e+03
1.084004948196339342e+02 3.500000000000000000e+03
1.084549133630665381e+02 3.492023793463924903e+03
1.085374582706761544e+02 3.480000000000000000e+03
1.086200031782857707e+02 3.492023793463924903e+03
1.086744217217183888e+02 3.500000000000000000e+03
1.088551529397858531e+02 3.526775768576072096e+03
1.090329496042368049e+02 3.553553293824999400e+03
1.091091480219597400e+02 3.565164474887929828e+03
1.091848143047432842e+02 3.576775986262010065e+03
1.093345732786459052e+02 3.600000000000000000e+03
1.093824913763889413e+02 3.607499829684217730e+03
1.094301958079371389e+02 3.614999772910571210e+03
1.095249695310766214e+02 3.630000000000000000e+03
1.096447414528280149e+02 3.649163394452884859e+03
1.097627172685770631e+02 3.668280721280808848e+03
1.099552116176859045e+02 3.700000000000000000e+03
1.101778692828268902e+02 3.737528294758099491e+03
1.103594707237003831e+02 3.768825250797792251e+03
1.104486534198599230e+02 3.784427856473555948e+03
1.105367821595870623e+02 3.800000000000000000e+03
1.105640722529012976e+02 3.804853485772945078e+03
1.105912622451684229e+02 3.809704043666336020e+03
1.108410866038300355e+02 3.854979169015443404e+03
1.109628582653126188e+02 3.877521237213616132e+03
1.110826036643546502e+02 3.900000000000000000e+03
1.111417838540540686e+02 3.911225605882083528e+03
1.112004753369269139e+02 3.922435527900394845e+03
1.112586839610869731e+02 3.933629798901071808e+03
1.113164154814059827e+02 3.944808451638598854e+03
1.113399742445652976e+02 3.949392145892666576e+03
1.113517239651968112e+02 3.951683009119788494e+03
1.113634539759061397e+02 3.953973216789043363e+03
1.114559728731439350e+02 3.972149362520172872e+03
1.115472738395803987e+02 3.990284269093446710e+03
1.115715694004159104e+02 3.995143612901741562e+03
1.115957793712140216e+02 4.000000000000000000e+03
1.116623262029737589e+02 4.013422300691796409e+03
1.116953579988010148e+02 4.020124987488006354e+03
1.117282302143977972e+02 4.026822041401353090e+03
1.119059351912254670e+02 4.063495247384585582e+03
1.120790409031275203e+02 4.100000000000000000e+03
1.121638325249990658e+02 4.118170185945573394e+03
1.122475383371271107e+02 4.136298565928655080e+03
1.122538209635249871e+02 4.137666949604132242e+03
1.123958539430240648e+02 4.168895314184890594e+03
1.125348070724026286e+02 4.200000000000000000e+03
1.126030199456020853e+02 4.215474635658658372e+03
1.126704993632916114e+02 4.230918457524750920e+03
1.127640034398116455e+02 4.252544907707078892e+03
1.129652238114223053e+02 4.300000000000000000e+03
1.131136857603617614e+02 4.335839642122849909e+03
1.132585420508464438e+02 4.371510725873732554e+03
1.133156490285674636e+02 4.385768783619147143e+03
1.133722040034130174e+02 4.400000000000000000e+03
1.133997992277223830e+02 4.406984467210255389e+03
1.135709218201850064e+02 4.450902561122331463e+03
1.136545912735595039e+02 4.472764117764656476e+03
1.137370346805456052e+02 4.494561065026764481e+03
1.137472547394032745e+02 4.497281034716017530e+03
1.137574560927408385e+02 4.500000000000000000e+03
1.138279632061907876e+02 4.518901882588699664e+03
1.138975759029714965e+02 4.537754164709254837e+03
1.139038366938890192e+02 4.539459058171074503e+03
1.139100902934548856e+02 4.541163546563089767e+03
1.139847318153285300e+02 4.561628604046322835e+03
1.140216696069643376e+02 4.571839253271146845e+03
1.140400438488947117e+02 4.576939121644680199e+03
1.140492074408039969e+02 4.579487693472211504e+03
1.140583553974609856e+02 4.582035357707135518e+03
1.141225122523685656e+02 4.600000000000000000e+03
1.142022008126570825e+02 4.622554150333280631e+03
1.142700593915951401e+02 4.641974078156351425e+03
1.143703655697840418e+02 4.671047855811226327e+03
1.144687486225352870e+02 4.700000000000000000e+03
1.144728751160316023e+02 4.701223933096043766e+03
1.144769982205195333e+02 4.702447642573829398e+03
1.145645051514946289e+02 4.728604880064525787e+03
1.146216692206203618e+02 4.745886131456858493e+03
1.146781786380498431e+02 4.763122760832113272e+03
1.147027592507635774e+02 4.770668521131959096e+03
1.147272168587984567e+02 4.778205745655412102e+03
1.147757665284935484e+02 4.793254645241781873e+03
1.147865986160578302e+02 4.796628177874657922e+03
1.147974065098068195e+02 4.800000000000000000e+03
1.148361315046382742e+02 4.812129562455151245e+03
1.148553764259006016e+02 4.818185765245956645e+03
1.148649696887397340e+02 4.821211725570394265e+03
1.148745435604348586e+02 4.824236259859541860e+03
1.149935561378374587e+02 4.862230287249800313e+03
1.151096058829846527e+02 4.900000000000000000e+03
1.151659681337370387e+02 4.918608118927849318e+03
1.152216331061621588e+02 4.937160013312628507e+03
1.153149643190453588e+02 4.968660727985812628e+03
1.153609014193040707e+02 4.984350466656896970e+03
1.154063622841777175e+02 5.000000000000000000e+03
1.154286592584518729e+02 5.007720659996419272e+03
1.154508406999521810e+02 5.015431166328467953e+03
1.154948603283980901e+02 5.030821798014501837e+03
1.155204686107107648e+02 5.039830148983069193e+03
1.155459226724533011e+02 5.048824642022135777e+03
1.155585455226468667e+02 5.053300105003316276e+03
1.155711305863763414e+02 5.057772140936690448e+03
1.155774089982888313e+02 5.060006874990323922e+03
1.155836780231989849e+02 5.062240753757101629e+03
1.155868090217296640e+02 5.063357372561343254e+03
1.155899376809145593e+02 5.064473777727936067e+03
1.155930640032148631e+02 5.065589969318183648e+03
1.155946262888046334e+02 5.066147985041328866e+03
1.155961879910946664e+02 5.066705947393367751e+03
1.156105771237782847e+02 5.071854175867099912e+03
1.156249168153370022e+02 5.076997862837097273e+03
1.156392513203403780e+02 5.082152863521321706e+03
1.156535365586489661e+02 5.087303306729801989e+03
1.156678171839508735e+02 5.092465273752032772e+03
1.156749390707668681e+02 5.095044541692768689e+03
1.156820487131336535e+02 5.097622666933323671e+03
1.156879780546993857e+02 5.099775307355141194e+03
1.156885965953159570e+02 5.100000000000000000e+03
1.156994125179525668e+02 5.103933093874856240e+03
1.157101996532566233e+02 5.107863416640710057e+03
1.157182000891120737e+02 5.110783377244053554e+03
1.157261847198146540e+02 5.113701809280693851e+03
1.157301798480823152e+02 5.115163646537939712e+03
1.157341710242497470e+02 5.116625100430052953e+03
1.157381582538089049e+02 5.118086171107819609e+03
1.157421415422417112e+02 5.119546858721945682e+03
1.157452474293882716e+02 5.120686536537831671e+03
1.157483509221254820e+02 5.121825981212500665e+03
1.157514520230463972e+02 5.122965192817484422e+03
1.157530016773884682e+02 5.123534711241189143e+03
1.157545507347471982e+02 5.124104171424285596e+03
1.158061770760535438e+02 5.143175607226947250e+03
1.158571438645748515e+02 5.162181835061464881e+03
1.159074628738778756e+02 5.181123188790137647e+03
1.159571456048472271e+02 5.200000000000000000e+03
1.160532927254009792e+02 5.237037856906376874e+03
1.161338856793568937e+02 5.268613070347176290e+03
1.162127715993815400e+02 5.300000000000000000e+03
1.162888289266137178e+02 5.330725577178969615e+03
1.162929757399440973e+02 5.332414195103907332e+03
1.163714116676890598e+02 5.364619688891984879e+03
1.164140493571197226e+02 5.382341283162184482e+03
1.164561716483762410e+02 5.400000000000000000e+03
1.164753922109273958e+02 5.408108483110237103e+03
1.164945039658303756e+02 5.416203119612529008e+03
1.165324044476094230e+02 5.432350994423984048e+03
1.165511948800727708e+02 5.440404303246951713e+03
1.165698798765553050e+02 5.448443906490607333e+03
1.166069368208738695e+02 5.464482135951820965e+03
1.166273869208793030e+02 5.473386772410306548e+03
1.166477104479569249e+02 5.482274596889916211e+03
1.166879820949955189e+02 5.500000000000000000e+03
1.167062573324061532e+02 5.508094375114532340e+03
1.167244276341075278e+02 5.516174135411034513e+03
1.167604567406880562e+02 5.532289969591510271e+03
1.167783172095024185e+02 5.540326122140537336e+03
1.167960760305550849e+02 5.548347817202922670e+03
1.168312919062564532e+02 5.564347990646462677e+03
1.168702836406259280e+02 5.582209796666496004e+03
1.168895952525679007e+02 5.591113821732636097e+03
1.168992054623312811e+02 5.595559138360928046e+03
1.169087854502958095e+02 5.600000000000000000e+03
1.169403435472270871e+02 5.614737222997924619e+03
1.169710808028250000e+02 5.629272204888298802e+03
1.170142554168099309e+02 5.650000000000000000e+03
1.170247340191759235e+02 5.655086888358275246e+03
1.170299370564684267e+02 5.657621033707950119e+03
1.170325295744711696e+02 5.658885791585033076e+03
1.170338235914183542e+02 5.659517593057181330e+03
1.170351161167268685e+02 5.660149010020322748e+03
1.170352547882366707e+02 5.660216773446381922e+03
1.170374835653438197e+02 5.661306434670083945e+03
1.170385962916357840e+02 5.661850836085401170e+03
1.170391522398618918e+02 5.662122929592526816e+03
1.170397079117193186e+02 5.662394951670154114e+03
1.170473818642336994e+02 5.666158182732464411e+03
1.170795501639362755e+02 5.682067792569701851e+03
1.170985684566419138e+02 5.691577756961269188e+03
1.171079536036516515e+02 5.696299767616116696e+03
1.171172573585557188e+02 5.701000000000000000e+03
1.171448603224137912e+02 5.716005170388375518e+03
1.171721435311015398e+02 5.730947898682818050e+03
1.171751706688980903e+02 5.732612718651146679e+03
1.171781938894759207e+02 5.734276765325053020e+03
1.171813219986849788e+02 5.736000000000000000e+03
1.172127081136493416e+02 5.753372645957148961e+03
1.172257708660873163e+02 5.760647581597568205e+03
1.172375802164744272e+02 5.767247208179240261e+03
1.172442781879114762e+02 5.771000000000000000e+03
1.172580409575196541e+02 5.778745214811430742e+03
1.172594038709703881e+02 5.779515157886744419e+03
1.172671082093170014e+02 5.783877590861345197e+03
1.172822071317183372e+02 5.792477131407868910e+03
1.172922071658021821e+02 5.798209559798375267e+03
1.173166101169758946e+02 5.812324404815953130e+03
1.173314551498268372e+02 5.821000000000000000e+03
1.173519496915624529e+02 5.833090747999037376e+03
1.173545990416148754e+02 5.834663479482633193e+03
1.173559205881022649e+02 5.835448831251936099e+03
1.173565805811297622e+02 5.835841254024722730e+03
1.173572400547391510e+02 5.836233508201259610e+03
1.173599938026951293e+02 5.837872951980803009e+03
1.173613672827425347e+02 5.838691570176271853e+03
1.173620531764557171e+02 5.839100603783760562e+03
1.173623959120054963e+02 5.839305051769019883e+03
1.173627385067866840e+02 5.839509453895870138e+03
1.173698418048966658e+02 5.843756106197040936e+03
1.173719567690800574e+02 5.845023708057446129e+03
1.173914916469913834e+02 5.856801948922146948e+03
1.174147613352901942e+02 5.871000000000000000e+03
1.174313830472980271e+02 5.881256383119759448e+03
1.174476617188832108e+02 5.891395956763047252e+03
1.174713500373300690e+02 5.906322774931001732e+03
1.174943245871848205e+02 5.921000000000000000e+03
1.175037121218366565e+02 5.927055336232162517e+03
1.175129822620045843e+02 5.933068701681323546e+03
1.175311780905290959e+02 5.944971253664713913e+03
1.175489273500783440e+02 5.956711063565764562e+03
1.175596784020762158e+02 5.963885586377381514e+03
1.175702678381229020e+02 5.971000000000000000e+03
1.175889827439993667e+02 5.984097967492593853e+03
1.176075072687095826e+02 5.997145694263439509e+03
1.176208367849357614e+02 6.006585953588864868e+03
1.176340683659033459e+02 6.016000000000000000e+03
1.176439942200020994e+02 6.023090516904660944e+03
1.176651351848752540e+02 6.038274581129143371e+03
1.176797468440680348e+02 6.048834999067952594e+03
1.176964860052449069e+02 6.061000000000000000e+03
1.177117510584223794e+02 6.072156670230864620e+03
1.177268835898886721e+02 6.083276379584152892e+03
1.177346027840654870e+02 6.088971767949280547e+03
1.177422876617371656e+02 6.094657484409988683e+03
1.177575552930353808e+02 6.106000000000000000e+03
1.177650403167714899e+02 6.111583532987353465e+03
1.177724927140179716e+02 6.117157741448922025e+03
1.177873003984272771e+02 6.128278278070941269e+03
1.177948529193552929e+02 6.133973282880642728e+03
1.178023718548251253e+02 6.139658554866933628e+03
1.178098574086112933e+02 6.145334118958759063e+03
1.178135877309814390e+02 6.148168268311272186e+03
1.178173097836311740e+02 6.151000000000000000e+03
1.178390844165720068e+02 6.168475816192898492e+03
1.178608252320017868e+02 6.186000000000000000e+03
1.178824126564767312e+02 6.203475292094711222e+03
1.179039692017831129e+02 6.221000000000000000e+03
1.179223247609982081e+02 6.235981114146495202e+03
1.179345420366914823e+02 6.245982315499501055e+03
1.179467501684302988e+02 6.256000000000000000e+03
1.179573662524164490e+02 6.264730751490902549e+03
1.179679759564415491e+02 6.273474316488087425e+03
1.179785792995635063e+02 6.282230723220483014e+03
1.179891763008060366e+02 6.291000000000000000e+03
1.180012236972535931e+02 6.300991482874092981e+03
1.180132634837995909e+02 6.311000000000000000e+03
1.180230607325071333e+02 6.319161558655203407e+03
1.180279575669823657e+02 6.323246641096669919e+03
1.180328532106499040e+02 6.327334596315524323e+03
1.180372388805181743e+02 6.331000000000000000e+03
1.180418964417917209e+02 6.334896038686511019e+03
1.180465529806175198e+02 6.338794716459812662e+03
1.180512084984851384e+02 6.342696036002298570e+03
1.180535358750110078e+02 6.344647687276229590e+03
1.180558629968554953e+02 6.346600000000000364e+03
1.180607130411853518e+02 6.351300000000000182e+03
1.180631353549754294e+02 6.353650000000000546e+03
1.180643458356607596e+02 6.354825000000000728e+03
1.180655558658758792e+02 6.356000000000000000e+03
1.180718710506230025e+02 6.363500000000000000e+03
1.180750230396634208e+02 6.367250000000000000e+03
1.180765976362538936e+02 6.369125000000000000e+03
1.180773845854288311e+02 6.370062500000000000e+03
1.180781713019946721e+02 6.371000000000000000e+03
1.180789580185605416e+02 6.370062500000000000e+03
1.180797449677354791e+02 6.369125000000000000e+03
1.180813195643259235e+02 6.367250000000000000e+03
1.180844715533663560e+02 6.363500000000000000e+03
1.180907867381134793e+02 6.356000000000000000e+03
1.180919967683285989e+02 6.354825000000000728e+03
1.180932072490139291e+02 6.353650000000000546e+03
1.180956295628040067e+02 6.351300000000000182e+03
1.181004796071338490e+02 6.346600000000000364e+03
1.181028067289783507e+02 6.344647687276229590e+03
1.181051341055042201e+02 6.342696036002298570e+03
1.181097896233718387e+02 6.338794716459812662e+03
1.181144461621976376e+02 6.334896038686511019e+03
1.181191037234711843e+02 6.331000000000000000e+03
1.181234893933394545e+02 6.327334596315524323e+03
1.181283850370069786e+02 6.323246641096669919e+03
1.181332818714822110e+02 6.319161558655203407e+03
1.181430791201897819e+02 6.311000000000000000e+03
1.181551189067357654e+02 6.300991482874092981e+03
1.181671663031833361e+02 6.291000000000000000e+03
1.181777633044258522e+02 6.282230723220483014e+03
1.181883666475478094e+02 6.273474316488087425e+03
1.181989763515729237e+02 6.264730751490902549e+03
1.182095924355590597e+02 6.256000000000000000e+03
1.182218005672978762e+02 6.245982315499501055e+03
1.182340178429911361e+02 6.235981114146495202e+03
1.182523734022062456e+02 6.221000000000000000e+03
1.182739299475126415e+02 6.203475292094711222e+03
1.182955173719875717e+02 6.186000000000000000e+03
1.183172581874173375e+02 6.168475816192898492e+03
1.183390328203581987e+02 6.151000000000000000e+03
1.183427548730079195e+02 6.148168268311272186e+03
1.183464851953780510e+02 6.145334118958759063e+03
1.183539707491642332e+02 6.139658554866933628e+03
1.183614896846340798e+02 6.133973282880642728e+03
1.183690422055620672e+02 6.128278278070941269e+03
1.183838498899713869e+02 6.117157741448922025e+03
1.183913022872178686e+02 6.111583532987353465e+03
1.183987873109539635e+02 6.106000000000000000e+03
1.184140549422521929e+02 6.094657484409988683e+03
1.184217398199238858e+02 6.088971767949280547e+03
1.184294590141006864e+02 6.083276379584152892e+03
1.184445915455669649e+02 6.072156670230864620e+03
1.184598565987444658e+02 6.061000000000000000e+03
1.184765957599213380e+02 6.048834999067952594e+03
1.184912074191140903e+02 6.038274581129143371e+03
1.185123483839872733e+02 6.023090516904660944e+03
1.185222742380860126e+02 6.016000000000000000e+03
1.185355058190536113e+02 6.006585953588864868e+03
1.185488353352797617e+02 5.997145694263439509e+03
1.185673598599899776e+02 5.984097967492593853e+03
1.185860747658664707e+02 5.971000000000000000e+03
1.185966642019131427e+02 5.963885586377381514e+03
1.186074152539110287e+02 5.956711063565764562e+03
1.186251645134602768e+02 5.944971253664713913e+03
1.186433603419847742e+02 5.933068701681323546e+03
1.186526304821527162e+02 5.927055336232162517e+03
1.186620180168045238e+02 5.921000000000000000e+03
1.186849925666593037e+02 5.906322774931001732e+03
1.187086808851061335e+02 5.891395956763047252e+03
1.187249595566913456e+02 5.881256383119759448e+03
1.187415812686991643e+02 5.871000000000000000e+03
1.187648509569979751e+02 5.856801948922146948e+03
1.187843858349093011e+02 5.845023708057446129e+03
1.187865007990926927e+02 5.843756106197040936e+03
1.187936040972026888e+02 5.839509453895870138e+03
1.187939466919838765e+02 5.839305051769019883e+03
1.187942894275336414e+02 5.839100603783760562e+03
1.187949753212468238e+02 5.838691570176271853e+03
1.187963488012942150e+02 5.837872951980803009e+03
1.187991025492502075e+02 5.836233508201259610e+03
1.187997620228595963e+02 5.835841254024722730e+03
1.188004220158870936e+02 5.835448831251936099e+03
1.188017435623744831e+02 5.834663479482633193e+03
1.188043929124268914e+02 5.833090747999037376e+03
1.188248874541625071e+02 5.821000000000000000e+03
1.188397324870134639e+02 5.812324404815953130e+03
1.188641354381871764e+02 5.798209559798375267e+03
1.188741354722710071e+02 5.792477131407868910e+03
1.188892343946723429e+02 5.783877590861345197e+03
1.188969387330189562e+02 5.779515157886744419e+03
1.188983016464696902e+02 5.778745214811430742e+03
1.189120644160778824e+02 5.771000000000000000e+03
1.189187623875149171e+02 5.767247208179240261e+03
1.189305717379020280e+02 5.760647581597568205e+03
1.189436344903400027e+02 5.753372645957148961e+03
1.189750206053043655e+02 5.736000000000000000e+03
1.189781487145134236e+02 5.734276765325053020e+03
1.189811719350912540e+02 5.732612718651146679e+03
1.189841990728878045e+02 5.730947898682818050e+03
1.190114822815755531e+02 5.716005170388375518e+03
1.190390852454336255e+02 5.701000000000000000e+03
1.190666882092916978e+02 5.716005170388375518e+03
1.190939714179794464e+02 5.730947898682818050e+03
1.190969985557759969e+02 5.732612718651146679e+03
1.191000217763538416e+02 5.734276765325053020e+03
1.191031498855629138e+02 5.736000000000000000e+03
1.191345360005272482e+02 5.753372645957148961e+03
1.191475987529652230e+02 5.760647581597568205e+03
1.191594081033523480e+02 5.767247208179240261e+03
1.191661060747893828e+02 5.771000000000000000e+03
1.191798688443975891e+02 5.778745214811430742e+03
1.191812317578483089e+02 5.779515157886744419e+03
1.191889360961949222e+02 5.783877590861345197e+03
1.192040350185962438e+02 5.792477131407868910e+03
1.192140350526800887e+02 5.798209559798375267e+03
1.192384380038538012e+02 5.812324404815953130e+03
1.192532830367047438e+02 5.821000000000000000e+03
1.192737775784403595e+02 5.833090747999037376e+03
1.192764269284927821e+02 5.834663479482633193e+03
1.192777484749801715e+02 5.835448831251936099e+03
1.192784084680076830e+02 5.835841254024722730e+03
1.192790679416170576e+02 5.836233508201259610e+03
1.192818216895730501e+02 5.837872951980803009e+03
1.192831951696204555e+02 5.838691570176271853e+03
1.192838810633336237e+02 5.839100603783760562e+03
1.192842237988834029e+02 5.839305051769019883e+03
1.192845663936645906e+02 5.839509453895870138e+03
1.192916696917745725e+02 5.843756106197040936e+03
1.192937846559579782e+02 5.845023708057446129e+03
1.193133195338692900e+02 5.856801948922146948e+03
1.193365892221681008e+02 5.871000000000000000e+03
1.193532109341759337e+02 5.881256383119759448e+03
1.193694896057611317e+02 5.891395956763047252e+03
1.193931779242079756e+02 5.906322774931001732e+03
1.194161524740627414e+02 5.921000000000000000e+03
1.194255400087145631e+02 5.927055336232162517e+03
1.194348101488824909e+02 5.933068701681323546e+03
1.194530059774070025e+02 5.944971253664713913e+03
1.194707552369562507e+02 5.956711063565764562e+03
1.194815062889541224e+02 5.963885586377381514e+03
1.194920957250008087e+02 5.971000000000000000e+03
1.195108106308772733e+02 5.984097967492593853e+03
1.195293351555874892e+02 5.997145694263439509e+03
1.195426646718136681e+02 6.006585953588864868e+03
1.195558962527812525e+02 6.016000000000000000e+03
1.195658221068800060e+02 6.023090516904660944e+03
1.195869630717531606e+02 6.038274581129143371e+03
1.196015747309459414e+02 6.048834999067952594e+03
1.196183138921228135e+02 6.061000000000000000e+03
1.196335789453002860e+02 6.072156670230864620e+03
1.196487114767665787e+02 6.083276379584152892e+03
1.196564306709433936e+02 6.088971767949280547e+03
1.196641155486150865e+02 6.094657484409988683e+03
1.196793831799132874e+02 6.106000000000000000e+03
1.196868682036493965e+02 6.111583532987353465e+03
1.196943206008958782e+02 6.117157741448922025e+03
1.197091282853051979e+02 6.128278278070941269e+03
1.197166808062331995e+02 6.133973282880642728e+03
1.197241997417030461e+02 6.139658554866933628e+03
1.197316852954892141e+02 6.145334118958759063e+03
1.197354156178593456e+02 6.148168268311272186e+03
1.197391376705090806e+02 6.151000000000000000e+03
1.197609123034499135e+02 6.168475816192898492e+03
1.197826531188796935e+02 6.186000000000000000e+03
1.198042405433546378e+02 6.203475292094711222e+03
1.198257970886610195e+02 6.221000000000000000e+03
1.198441526478761148e+02 6.235981114146495202e+03
1.198563699235693889e+02 6.245982315499501055e+03
1.198685780553082054e+02 6.256000000000000000e+03
1.198791941392943556e+02 6.264730751490902549e+03
1.198898038433194557e+02 6.273474316488087425e+03
1.199004071864414129e+02 6.282230723220483014e+03
1.199110041876839432e+02 6.291000000000000000e+03
1.199230515841315139e+02 6.300991482874092981e+03
1.199350913706774975e+02 6.311000000000000000e+03
1.199448886193850399e+02 6.319161558655203407e+03
1.199497854538602724e+02 6.323246641096669919e+03
1.199546810975278106e+02 6.327334596315524323e+03
1.199590667673960809e+02 6.331000000000000000e+03
1.199637243286696275e+02 6.334896038686511019e+03
1.199683808674954264e+02 6.338794716459812662e+03
1.199730363853630450e+02 6.342696036002298570e+03
1.199753637618889144e+02 6.344647687276229590e+03
1.199776908837334162e+02 6.346600000000000364e+03
1.199825409280632584e+02 6.351300000000000182e+03
1.199849632418533361e+02 6.353650000000000546e+03
1.199861737225386662e+02 6.354825000000000728e+03
1.199873837527537859e+02 6.356000000000000000e+03
1.199936989375009091e+02 6.363500000000000000e+03
1.199968509265413275e+02 6.367250000000000000e+03
1.199984255231318002e+02 6.369125000000000000e+03
1.199992124723067377e+02 6.370062500000000000e+03
1.199999991888725788e+02 6.371000000000000000e+03
