123.467729517 36.8616867614
123.101182213 37.2607648267
123.428539645 37.8717205229
124.056358664 37.4156571631
124.19704705 37.9193183002
123.474421812 37.2398537506
123.408021363 41.429963256
123.712362918 41.7899211901
123.199147161 41.4926673488
122.82461614 41.2959583357
123.247597631 41.3417616396
119.128801594 37.8530463997
118.255447969 36.9134434753
118.356254578 36.8145578031
119.069096965 36.6665498607
118.029712371 36.4218146235
124.534913204 34.4137909842
124.585495042 34.5637505693
124.3472268 34.7556377489
124.703971522 34.8874646529
124.179410694 35.5142997097
124.620701214 34.1746718045
124.138446013 34.0580618239
124.679074967 35.2417337342
123.606201869 35.2571834743
123.902262455 35.4488999592
123.365466954 34.4780936314
123.954046423 34.2628593788
124.346100211 35.2366862498
119.926601089 32.8781738337
121.422003304 33.5688781059
120.701490635 33.8082188945
120.801774409 33.3767609119
116.448833749 39.1735683827
116.363648536 39.6602020831
114.686444256 42.087652508
113.290756583 43.1652109346
116.935268322 40.1309214553
116.889016378 39.3092770296
113.285746594 42.3466386535
117.918214188 39.1540014999
117.309342077 38.728120335
117.116726849 38.5436461969
116.980551767 39.6046188746
118.107410606 39.429013372
117.935041811 33.1917861269
118.102544499 33.6547935228
118.691129675 33.9137259844
120.689746326 39.1286288214
120.657565866 37.4440054052
121.230885959 37.2928214924
122.183855476 39.8214696447
122.57203607 40.2730204459
122.771775174 42.4535762256
124.384973002 41.6325910377
118.823527635 31.571814658
119.287979551 31.7110860682
119.420169911 31.8649924202
118.589538822 31.3166571207
119.704055913 31.7161974456
119.634850854 31.9289185454
127.043210781 47.9115949681
128.014963467 47.3340313458
130.00969807 44.4354813198
121.458283267 35.1203331313
126.642860307 44.0570314015
128.14381778 43.1541534073
128.243823034 42.4137192364
127.890036764 43.3022258681
127.684283497 42.8724792283
125.126026858 37.3660765729
124.760424779 38.3632808385
125.544979697 37.437265448
125.961257242 37.3677584527
124.267523685 38.5246740402
123.68435368 38.644073185
127.091041326 42.552729516
127.678703209 42.1732641765
126.843068606 42.3456982182
126.667624877 41.6713601189
122.007044597 42.0908620102
124.560632934 43.2100266796
118.216304268 40.8003732979
112.815782863 41.6215212433
111.935808567 42.2198390418
113.92594589 39.925544866
116.418165655 40.3368590437
115.994099101 40.3379154374
115.945060986 39.9665109891
116.483311207 37.5910968
115.583253553 37.2952688763
116.730121194 36.8943735342
116.851205722 36.4170826551
116.704626988 36.202191776
117.523712627 38.1312800639
116.528929799 38.4576289333
114.226019041 36.8623174082
115.749911685 37.718033423
114.960144283 37.322721255
124.820971046 39.6361897807
125.647709949 40.3540789777
125.906758846 39.8093539307
125.519083778 40.183102402
126.476174765 39.9596399139
126.052259813 39.8526977535
123.733191377 39.6343841765
126.222549065 39.9736432884
124.788054411 39.3335261102
125.31734761 37.1228348035
119.376516672 38.1836370625
117.908735372 38.6659844863
119.803664593 40.2307477756
112.961727738 36.8818715146
110.357595417 38.6856776701
115.528497516 34.2872841251
115.208192206 34.6169661257
125.557927242 35.701996696
120.594881412 18.9711487055
121.124576512 17.9310829914
121.13696649 18.4145884406
120.63260476 23.2028395226
120.342488489 22.9899167775
116.068630253 18.1837213671
116.156760083 18.0907475242
116.768020475 17.9799703897
116.65795101 18.5712004179
116.313331389 17.8172004441
115.885212312 18.1677656586
120.615488896 15.0073794905
121.341434888 15.6183902615
121.331188315 16.3020298546
120.536262387 16.2983890891
121.63392251 16.4452142475
121.001268293 16.4233940106
120.581461178 15.3449384439
121.169059878 15.6008360875
121.603208103 16.7970252448
120.682847537 16.7749240513
120.539143226 16.5719989771
120.931642871 16.9763504795
120.610208908 16.1213170946
120.254616715 15.4966546004
120.957830481 16.1406986398
119.125587376 14.2266409622
118.866978875 14.6335910574
119.20107289 14.802550691
119.28856905 15.0356096194
119.238816564 15.3498850097
119.315614523 15.0056843628
120.021175122 15.3149123088
117.560461669 13.9603226965
120.237967939 14.8713844881
119.321610904 15.0447055329
117.54716552 14.4073797255
118.023030619 14.4287159611
118.016465518 14.1542680353
119.559265944 15.0203322056
114.481040699 20.329778852
113.380024863 23.0837654357
114.397310128 20.8084111361
115.046777328 21.8488335473
114.851014321 20.4896829818
114.978381366 22.027657896
113.244642804 22.8144340464
115.062518817 19.7417180599
114.688902065 21.6795897894
116.240157059 21.0757115049
116.205887334 15.1397504297
116.949509341 14.7743443723
116.247400735 15.591505799
118.593234258 20.6622217211
118.923778114 19.9392472534
119.822133897 18.9731550395
119.524819671 20.8767386294
119.197668623 19.156214712
118.10030348 19.3982935395
117.333558065 18.1245302727
118.906599335 18.9197010953
119.312480281 18.3739982006
119.321277604 17.9721264393
119.645352601 18.110963207
117.624672864 19.6330879907
117.504388972 19.2739105548
120.562521108 23.5719241853
121.326843249 23.2465942958
121.505387294 23.1602820025
119.15773724 21.3247538425
121.133240469 23.1524832578
119.46571644 21.5943050478
116.652675263 12.9101511959
117.167722713 12.9497985181
116.455507175 12.6454027218
116.867495788 13.0416225134
117.269418026 12.8783466
116.961603593 12.7932984049
116.778441327 12.3904462036
117.20338863 13.238582159
126.895795217 26.0978270206
124.895579317 26.3581397904
125.011944929 25.7580407841
126.546348926 24.97197938
124.933474064 27.9647497542
125.641751699 25.0899030514
123.67241834 28.0099283354
125.907615112 27.394876173
126.154260853 26.2693352525
125.919907725 25.2287737478
126.785552225 25.7501703598
123.201370508 26.625215277
126.462240123 26.2446155191
125.506058792 25.9340862914
124.470448744 27.1841590427
124.893079656 25.4527565111
125.551735884 25.0047086921
125.434857557 26.6916898267
125.747813817 26.1357202718
118.60758011 16.0801270374
118.610784926 17.2368890405
118.392322469 16.6253521182
117.154078451 17.2704745477
117.907048854 16.7823610029
122.927210318 25.6529730192
125.380203536 24.590070868
125.059591981 24.0561434999
126.332861187 24.2696217251
124.647243291 24.0945818314
124.369613465 24.0623864819
123.871331993 24.5038922315
124.337854471 24.6732461259
124.491693022 23.7751158011
125.918773408 24.4352436784
121.567363345 19.6593586798
122.201112343 18.8761531631
121.56648208 20.1723998942
121.833710862 20.4670782169
121.217626433 19.571480229
119.684608607 15.7222157787
119.868423253 15.9484756029
120.60933905 17.7291328779
119.140656965 16.4291417972
120.046786538 17.9208677705
120.272168526 16.8845651053
119.935324665 17.4927386657
120.926438179 17.3135349161
119.374891228 17.6377723962
119.262471988 17.0382723023
122.279002959 23.8147263784
123.565121292 23.5597073044
122.648851849 22.4089591281
123.385124318 24.1656087513
123.622657577 23.8579144319
123.482112204 22.8901985693
124.223258754 23.5674851286
123.14483729 24.2001545133
121.924433181 23.3544606445
123.987018999 23.3021000167
121.719783314 23.548105978
123.35549721 23.5596116456
123.902516654 23.8050650447
123.480918875 23.8332941027
122.070779272 23.1326241336
123.089019559 24.5522430496
117.992744493 23.9101984711
121.569973908 24.0788256946
122.536556071 26.8395786651
120.997493106 24.5504910334
121.518685171 23.8008571647
118.702109746 24.8511625688
122.857676493 25.8929668846
116.373485635 22.9882759836
116.525526626 22.0488062174
113.305154121 19.8578504802
110.953376604 21.6987027579
113.905355476 22.0724436194
111.224719977 20.6430398192
113.073573065 21.1574392774
113.984190162 21.6464650877
114.883601733 19.1022566901
113.360732272 18.8747348079
113.786290867 18.4131404387
112.903796183 19.2166906017
114.88242005 17.614704061
114.905803957 18.7834737873
114.761707902 17.3930625864
114.177477882 18.3642173417
114.977067018 19.4838097963
114.337907914 20.1003539725
113.89050645 16.7849417404
114.498310744 19.0457221166
114.468021732 17.8405873794
115.514860577 18.7600316398
113.799388723 17.2873991987
122.336594216 22.1572707092
121.048937988 20.4443474119
121.432649405 20.7754100202
122.242706175 21.4740916666
121.332226998 20.4885567614
122.156815697 21.7485376585
122.365980421 21.585370761
121.029007751 20.7723081141
122.980963615 21.5573278241
122.624159021 21.4369413802
121.703045592 20.712987866
121.227327697 20.3680181192
121.56685945 20.8760962237
120.939978153 20.9842356165
120.601034837 20.7122445424
122.094852511 18.6915069656
116.992864371 19.5026175659
117.363477172 20.3383337195
116.300284048 19.8219352473
116.948801289 20.5104130267
116.088513222 20.6686129345
117.262816727 20.6680876706
117.394987975 19.8986640626
117.834865584 19.8852889575
116.271356198 20.2285883052
116.994844792 20.1728930106
118.990569384 22.5578326943
118.403068606 21.3817734204
118.40804928 22.4484387712
118.943043896 22.2551280817
118.861544711 21.3939277623
119.224229116 21.822952458
120.907109432 23.0055315758
104.647331948 22.9885605308
108.367579046 18.2685655512
115.094558102 15.1199781573
113.759393015 15.1968192382
112.732458836 16.8733251887
112.040692108 16.3821944275
114.212376018 16.0576430173
113.791644741 15.4236907231
121.135293682 17.813689873
122.251053417 18.2459749541
121.392798589 18.1374923546
122.552489085 18.0487884335
122.249934582 17.8066621579
122.357225201 18.0353254884
122.824906672 18.0768275377
133.294117805 12.3011265486
133.43034168 12.8987519222
132.775962324 12.2704777546
133.212518222 12.4873952643
133.124948661 12.9129719302
133.629037077 12.4364332591
133.693881715 11.8798836456
132.625897135 12.4566408969
133.042205351 13.2922802356
133.684265803 13.3590308123
132.787937013 8.31410595776
134.327800046 10.0056233365
133.786472997 9.29895815711
133.842532485 9.45603987729
133.588425193 8.93666599315
134.122046979 9.61899991915
132.682519697 9.05228185516
133.647875363 9.65482476314
132.835666683 9.67620425528
133.97220544 9.79500385044
133.323833086 9.79304458975
133.56238122 10.4471286425
132.78533107 8.67058049007
133.639384193 9.17645345502
133.843921849 9.04979896649
133.410619588 8.92331079436
133.978971485 10.16496295
132.867871947 9.96428843314
133.31319348 10.3766996591
133.140018175 8.68181516045
132.762134321 9.35381797599
132.892629186 9.48746136506
133.263652538 9.13557945819
132.466231556 8.83928476093
133.249680749 9.49719602245
133.685739516 10.1578230362
131.194928225 7.52234982646
129.686512103 7.37056010216
129.616247189 7.58368911895
129.38778106 7.53080870189
130.365786747 8.59255087187
131.323690814 8.13105398977
131.434833202 8.37596547258
131.782558581 8.55815650411
131.414089803 8.70995266598
130.461766697 8.98581736338
131.459650268 8.34366360878
132.210027627 8.6536107897
132.571516218 8.17803980344
132.690771532 8.08552858139
132.148020979 8.12257883644
131.029995851 8.98882787404
132.389555446 8.18012734342
131.750557285 7.87941635773
130.803241866 8.07557044328
131.147490761 7.77932919352
130.526707013 7.65934613342
132.31547029 8.03302882087
130.617305614 7.81218611972
129.597618408 7.74215972985
130.085885155 7.75695079879
130.055057823 7.46491577204
129.880122965 7.41472800244
130.875999286 8.61515135859
130.857419511 7.64546241138
130.422257308 8.13972004974
131.709987762 8.3535719637
128.726087228 7.41320072888
127.885202458 7.8354691263
128.294507349 8.54690431151
127.843735999 8.08760091432
129.020070998 8.14365763873
129.542090038 9.2923482441
130.046368891 8.81297543279
128.812410572 7.81588895902
128.067027904 8.33620942838
127.580298054 7.72334409551
128.496204295 7.75720640977
129.817594345 8.32551083193
129.253460265 7.91079261381
128.43903225 9.37233278156
132.424274858 12.5217046783
131.80476557 12.4115249141
131.530582844 11.5513010056
132.248822592 12.1892562127
131.826640043 11.9085889325
131.785657239 11.4831728341
132.133561321 11.6182526902
128.559806708 6.1530277715
129.089400872 6.1911417344
128.977541879 6.32163756376
129.136499775 6.3524328076
128.338419451 5.87086474564
128.914585923 5.74492229489
128.789491193 6.29194639742
129.187952481 6.11391476328
128.866848071 6.02563149061
128.650118389 5.59601490091
129.148225411 6.49926381253
128.714392223 6.44250059156
129.419493533 6.49407926954
128.703299345 5.9103829145
131.1364848 9.99637078637
130.842696332 9.49991058529
130.681035317 10.0846410602
129.515400178 10.2543499281
130.20265455 10.2648896403
130.721911777 10.9527207491
134.838794187 12.3172005509
134.562158997 12.3834454597
134.305601082 14.0323900889
134.036440752 12.1961695734
134.369317742 13.7031263929
134.302965961 12.3771311285
134.219888579 12.1860014183
134.396786799 13.87166335
134.011814363 12.5586364856
133.816409683 13.8473801869
134.68468604 13.9978606962
133.81817736 13.3401324235
133.92884995 13.5968253369
134.29335274 12.5940261949
132.573429774 11.1972919805
132.259992187 10.5239832424
131.751369903 9.43791870782
133.071230951 11.1800678106
131.424150149 9.85560938903
131.878396933 10.0920437627
132.52006001 11.4028456035
132.629554643 10.3022772261
132.35513654 10.9551185094
133.346190106 10.73134284
131.711608984 9.7416710912
131.800062866 11.1276195376
131.615706703 10.4969369892
132.290536062 11.1198751113
132.7408946 10.9649565219
134.176599597 14.0459905583
136.020421565 15.0711532802
134.588014527 14.261799841
134.051926056 13.9249462472
135.385607862 11.7309775746
134.330045689 11.7168026872
135.026140902 11.8560282179
135.014863145 12.0155659432
134.995116688 12.0063062259
134.70650369 12.1289840324
133.618236209 11.2490423618
134.809656919 11.6564666058
134.46060461 11.6175175493
134.491003512 11.9089927544
133.920435216 11.5786681226
135.093008035 11.4376311314
135.130424587 11.0620175937
133.796122367 10.2865921728
135.569095245 11.7888052613
134.569040812 10.4107270649
133.759967846 10.8446943632
134.017639617 11.2335812813
134.755033308 11.1973374414
134.434689485 11.4234990624
134.993499979 11.3501068968
134.41475833 10.9465875478
134.789981175 10.6470257648
134.892116726 11.431848995
135.374394443 11.4551774855
129.574633592 41.3863527122
129.987784521 42.3711761868
129.210815397 41.8123111619
129.720384387 43.0715764775
129.737620815 41.9886369825
129.612055087 42.4079353027
130.250689275 41.9079860123
130.282283945 40.8763531692
130.442950484 42.4068288121
130.351955727 41.3631253648
129.369064461 41.9747020614
130.531226855 41.8384275903
129.4936247 42.7819195755
129.610876173 41.7675244512
130.001057461 46.0122225077
129.925997355 45.9962736998
130.058546889 46.3367664302
130.294105705 46.3382207372
130.377555458 46.2478631297
129.8322916 45.9223441002
130.03334848 46.1790757186
129.90473754 46.2401048264
130.334785737 45.9318556909
129.707081689 46.0735454475
131.72006762 45.7745109899
129.975764183 46.0705688314
131.016617351 46.4483067753
131.515358948 45.7618337471
131.102389641 45.8027703948
130.042893469 46.0272194857
131.033542472 46.7669799171
128.778805901 45.3300766629
129.125614415 46.4950669814
129.281234501 45.9006001586
130.30305893 46.4727064675
129.936555268 46.1155677024
130.224873971 46.2260940793
130.565737264 46.0599702512
129.676209529 46.3188430939
130.567979874 46.1449443034
129.619059488 46.1448902374
130.54495142 46.2630140837
129.251598089 45.5771538179
129.805498068 45.9256382626
130.800541237 46.0575808852
124.967877369 42.6673460271
123.952028608 41.7722780635
124.054225686 41.6654771809
124.815444103 41.4693396969
122.873333599 41.6647938373
123.673307274 41.2884063758
124.736907672 42.0853348275
124.225181346 41.3655885706
123.718368342 41.7815474785
129.364893365 37.9756154285
131.191021465 39.4964968569
130.552715047 38.8504942572
130.616307752 38.9987476972
129.490638275 38.6119212642
130.322121905 38.5141195558
130.372865456 39.2067614815
130.764002225 39.3181369372
129.973113497 39.3663473996
130.242711361 39.9824925794
129.351206733 38.3215735844
130.377131091 38.7429525317
130.630055907 38.604072842
130.105871112 38.5152875678
130.760583914 39.6769653292
129.609900585 39.7581895964
129.410633 39.5692989905
129.940688312 39.9335292084
129.783237864 38.3028775664
129.301659673 38.9861021357
129.45665136 39.1048421445
129.920356487 38.7331346772
128.956802582 38.5124617598
130.402971639 39.692194714
128.903041259 38.0031337914
125.60596703 37.3625216378
127.153333416 37.7985712488
128.6613657 38.1035679739
125.513136091 37.5757576321
127.159618435 38.1846601695
125.235023447 37.5497506452
126.906346915 38.1487486934
126.397295314 38.4709693526
127.583957626 37.9305243614
127.712049746 38.1569815884
126.50105464 38.8411674971
127.743386809 38.1233804126
128.649915479 38.3549584821
129.105064494 37.8622764175
129.253045025 37.7622466925
126.544613842 37.2806928846
125.469485245 37.2732946646
127.196750393 38.7883766584
128.883184156 37.8802167733
128.112676948 37.6467107189
126.949719193 37.9275386818
127.379552928 37.6072229166
128.797143163 37.7441880686
127.754064143 38.1623145611
127.744838614 38.1834102623
126.730719578 37.6915589763
125.485145087 37.7306447019
126.08247568 37.6928872444
126.221340698 37.3186658267
126.053983887 37.4141554595
125.841525227 37.3842947385
127.021039309 38.4420072925
127.029298025 37.5063102518
125.101043398 37.2937081198
126.481664585 38.0278193818
128.048809827 38.1096024859
119.129865044 48.1412991955
122.163764559 44.184100737
121.092583952 47.152251987
125.348903271 44.7956420167
122.02684684 46.1591307151
123.404340793 44.8157692759
122.16939513 46.4241077848
122.563341809 46.3584840248
120.505405095 47.2618076142
123.071257782 45.6441359292
120.294445315 47.5247319967
122.317203425 44.4726825296
119.083806624 48.45422817
122.896535433 46.6464242133
121.502100518 44.2777118239
122.65431673 44.2920007944
124.966079793 44.5016738748
124.26563187 44.5539530215
120.019888305 47.5222368756
121.80592012 46.6883700742
122.405325046 45.9824041639
120.881847335 46.8997989733
123.760324238 44.0653848218
123.063370542 43.6745056041
123.259105816 44.3102927987
122.839176588 43.5003355527
122.779176694 44.5852502329
120.633385859 47.761985711
117.976640611 48.3928771878
123.98945066 44.3313014158
122.776550838 43.9526050481
121.424485235 46.9267081389
124.427734233 37.5110126304
123.029804991 38.8441058522
123.380202874 38.0164151057
123.856927052 38.6520813737
123.419889242 37.6552097059
123.319843703 38.2637359689
124.763288425 38.1812408682
125.361504734 39.2316363943
123.944592541 39.1072771466
125.998168555 38.7164712394
124.519954366 37.8889313742
123.585153241 38.4760908369
123.009209529 37.945793565
124.133835758 37.8688020351
123.472754015 39.3309407505
125.734961417 38.2699139759
124.234955341 38.702163652
125.05770278 37.9309066294
123.602685101 38.8294838127
122.611173331 40.61032587
124.001779074 39.429557985
123.26380897 39.5848413492
121.970630568 40.5399777874
124.610608257 40.304837674
123.528250925 40.7438992597
126.762969292 43.8553201244
128.004259097 44.0184755989
127.808370936 43.6202048916
127.427142365 43.9477046159
127.858752348 43.9465404492
126.524498763 43.4931077142
127.374987111 43.6465117042
128.28204786 44.2902332957
127.122402492 42.9677616314
127.75320733 43.1735793528
128.76804793 42.083908173
128.632015661 44.0445785501
128.004353761 42.3464930754
127.949482695 42.8565728571
126.649779569 42.7322953722
128.011171598 42.0288005886
126.134184008 42.493272765
125.543569554 41.5406277738
128.901300831 41.2412550075
126.876101791 41.9801602877
127.711801262 41.2204267138
124.938469788 41.8633706065
128.566876336 41.7763466211
126.589855892 42.1539399557
127.043198328 41.217485429
126.19957677 42.8185540007
127.610905382 42.1436968412
128.060245477 41.5402815944
128.027942139 41.1321524015
126.136477065 42.1487420517
126.357973856 41.8763256984
128.449415127 41.2331069316
126.076371041 43.0331454984
127.197331084 41.9641303479
125.883105706 42.6848564718
125.602935153 42.7595317259
129.900642488 46.5272043339
131.016617351 46.4483067753
131.515358948 45.7618337471
128.441346612 44.4562911322
130.349869257 46.6277225117
128.635139668 45.4091089301
128.904067381 44.8860965275
128.361476049 44.3455767523
128.667743968 45.2334927967
129.352084237 47.0707555497
131.263212924 46.2048443284
128.735103307 44.9326514657
130.937994725 46.6077608143
128.751256671 45.2076436173
131.142999146 46.0233210224
129.430415633 45.1274355903
128.229237445 44.5440298318
131.520981967 45.9510783854
128.481312444 44.6426340929
131.02667751 46.9031016427
130.711962527 46.1781444717
131.002828503 46.13440269
128.65626327 44.7764748884
128.922940162 46.2743871735
129.472727677 45.7959592605
128.677412954 44.5874741062
128.760916816 45.1006135413
128.763143691 45.0348478728
129.24344039 46.8579711735
129.391849693 46.5513372996
124.263183669 36.3170438738
124.910472873 36.2917893166
124.769833641 36.4304559495
124.96349923 36.4418614042
124.000055718 36.0720118921
124.708929029 35.8820327329
124.540458728 36.4237258062
125.033214137 36.2060359847
125.21827093 36.4106778509
125.153313653 36.6306500978
124.642790283 36.1581111901
124.389328357 35.7698734914
124.9735855 36.5820660944
124.974711386 36.0010837142
125.305669045 36.5464249749
124.445809345 36.0663313081
136.379033887 48.8796509692
136.395748818 48.2706509474
138.16531227 47.3189956816
136.804693581 50.4665958582
135.198276486 50.6437915551
137.429971786 47.642370585
135.226252253 49.7271786967
134.288118968 49.3502808739
136.577359407 48.671281416
137.066033834 47.391852771
135.714059572 51.5984943106
137.058008885 48.3881737763
136.027837262 49.7497463312
136.181277858 47.9813352558
136.873445201 48.0368161992
137.13714594 49.1468206554
137.407713696 48.5601629355
127.290707386 39.752513604
127.061191153 40.4747454173
126.728753749 39.8811450144
125.289583307 40.1619148949
125.232972728 40.6962458389
126.491810866 40.3190148512
126.1341488 40.1020988469
126.743555434 40.7158701843
126.156272781 39.5996565068
133.734135434 48.4153787258
135.561112514 46.4645925908
136.462224679 46.4544268956
135.23141391 47.4070357855
136.620708128 47.0690873351
135.851990934 47.3208527768
136.114134443 46.5742688319
137.755656332 46.6464398197
136.040302591 46.920622743
135.003252448 47.0058400878
136.201801222 46.4146207235
134.977583088 47.5727311508
134.701932128 47.1561516907
135.323335694 47.2705246749
135.347333735 46.358384334
135.590250296 46.1707115725
137.267810867 46.855715127
135.982417983 47.8193782623
131.041331747 42.5685451089
131.73719164 41.7075278046
130.862938616 43.2107836088
130.759424516 41.6452205041
131.090455417 42.2993014565
131.529329219 41.9266963447
131.078962034 41.8021567707
131.847516161 41.5577701733
131.086403863 42.8181708435
130.800778312 42.2244165951
130.98447727 41.6223411004
131.133493173 43.2471337935
130.421019635 43.2634733916
131.481876631 43.3506850941
130.445346118 42.7711599697
130.570282991 43.0124338051
131.446820275 41.6660316657
131.33683884 42.3540684507
130.641847743 43.1695374621
130.59175068 42.5207965461
129.952940365 43.170407387
131.058818155 42.013467925
128.264945329 38.8073568982
127.684329908 38.9980947717
129.005656986 40.7887095864
128.647271654 40.1626469271
128.463763553 40.4991586987
128.0637929 39.155618624
128.514705355 39.0153073945
129.616001515 40.7318775094
128.195979293 39.7775147854
128.932207368 40.9922656888
128.964592645 40.2675843688
128.679887437 39.8985327379
127.910965693 38.6613100904
129.107567386 39.9166814731
128.747523354 40.5722220976
128.882190822 39.3207002094
129.968688868 40.2750390188
128.00448021 39.4532466918
128.060205205 40.7868130303
128.383669667 38.7241650771
127.858992026 40.1928000821
129.21962518 40.5498348065
133.72100796 46.2093280048
132.564224611 46.6575670234
134.14186957 46.2497470657
133.105382678 46.512611122
132.427431988 46.5672171664
134.373396522 45.6738940215
132.793905055 45.2053118538
134.024663356 46.8758680765
134.267916488 46.5408099215
133.064045731 46.7407208348
133.320095152 45.8998094476
133.921464051 45.5903256027
132.655992253 45.5324410453
134.971876489 46.1818740839
133.727664173 46.9388682152
132.036573246 46.2395964071
132.728645091 46.2917973591
134.627514786 45.9439925121
134.279383569 46.5149729045
131.810942142 46.4588037779
133.877717704 46.2740776066
134.610993284 46.4556000947
132.528422977 46.3173812728
134.815412428 46.5912911518
134.084758438 46.5327853697
132.18398751 45.9994367305
134.291334218 46.7321028337
133.049222344 45.538352354
134.755838326 46.9234217068
133.733031921 46.6849660991
133.781588411 45.7867094947
133.466024718 46.0199585029
133.722892014 47.2971815276
129.716767884 47.0487355695
127.8837829 46.8254578744
124.201692369 46.3087988106
131.713908029 47.0094198881
127.330313817 46.7828511542
125.251798787 47.2871158629
133.980450332 50.9977001288
127.620585991 46.8121251557
127.705535091 46.5514173472
132.423946844 48.5151409326
128.482844214 46.7575432925
131.072530652 47.5546111767
131.377308311 47.7090648031
132.945358476 47.9987284844
131.852209135 50.630337992
131.600144964 46.7371233107
134.613127843 49.6365708153
127.552764661 46.3295663671
128.202195805 48.160693546
132.472677078 47.7051294303
125.831290455 47.3014876134
127.787449074 47.1182230102
133.69520566 48.6633375028
124.925292151 46.6061643621
131.399642625 50.2343526204
126.094946877 46.9735405431
134.228164904 49.6001995324
124.048611982 44.849706161
123.805592184 45.1661619869
124.082223319 44.6034555997
124.425609987 45.8866492793
124.772885272 46.4358825974
123.83911271 44.9501823139
123.688840157 45.5709417995
124.280681617 46.172321737
124.986776865 45.632966734
123.758679038 45.7342527419
120.609053303 43.8814775537
121.71979847 45.7525602647
120.550635725 44.6870861364
118.406448486 46.9203779461
119.410166576 46.4233866188
119.636482738 45.8006286288
117.782124933 46.1349377333
115.820524002 47.4605458667
121.894628944 45.2699914608
121.395943915 45.6660001073
122.047638975 45.4915305089
117.495200528 47.590764957
121.655768484 45.2710877465
121.27193885 45.2780137013
119.472629039 45.1198367104
121.636340534 46.0431559487
122.231310357 45.3659283852
118.018102414 45.0135744135
121.76879536 45.3960689406
120.226048837 46.1941573067
116.042288421 45.4553076477
120.456200962 45.2410724804
121.684064765 45.5980728863
122.002991088 45.1420988281
118.5154198 44.3048508254
117.531409705 44.437453765
122.542986823 42.8755636554
122.885822825 42.0057993138
121.473239662 42.3980209626
121.41529489 41.0900382478
123.875079839 42.768635642
122.077844232 42.5761049194
123.413250843 42.7733257569
120.57990475 42.8707329447
121.077781163 42.3355121195
120.029758386 43.2898747751
122.296350803 41.8526358467
121.775555449 43.2183737928
122.395315496 41.360211896
123.781124372 42.05788166
121.602811881 43.634722611
122.538357189 42.5477320788
122.222071848 41.1516034732
120.570867979 41.8432477646
122.050342947 42.0049817389
122.629260717 43.6940287999
121.682299679 41.2834151407
120.052840713 41.2649337196
119.972403903 42.4645631279
121.718628702 41.5704430213
121.570963532 42.2272733037
121.318776911 43.213430097
121.439979135 41.3534030235
120.314585762 41.3340680204
120.879009077 41.4456687143
122.223928434 42.948129994
120.994401845 40.9372497975
122.702313823 43.250336603
120.439829743 40.5751530156
123.106530836 43.2724834336
121.955271384 43.9719535062
120.661307057 43.5194779042
121.080789378 41.8759695383
121.064340923 40.658286577
122.193143183 43.4524050912
121.410433028 42.2539129357
123.607330139 42.983621271
122.046985927 42.8743752783
121.890583697 41.6506084723
119.570159155 41.9859429477
123.309125201 42.4364584399
124.380057588 42.4530239362
121.289459933 42.7537784246
120.991580691 41.1848670056
122.192543398 42.1926334283
120.401339249 42.4049252668
123.022793919 42.5784315912
120.503955681 41.0647301824
121.964879663 42.5740556823
122.696505617 42.92779303
131.267324589 44.0960739703
132.36107603 44.9896585088
132.227628866 44.7641522645
130.493323222 43.4204803331
130.574073611 44.9919621647
132.451842418 44.1994266368
130.099436766 44.3603749367
130.961896535 43.5296828881
131.020650621 43.7080987034
132.138837145 44.3150542442
132.072004932 44.6006671577
130.871400242 44.1586588046
132.310365042 44.4123846497
130.512788156 43.7532420868
131.887350716 43.8773334101
133.078477763 44.3133498986
131.351674444 43.6133526457
130.707225143 43.3223077522
130.095590979 44.1654750061
132.807399524 44.3439803962
131.203327212 43.7935005022
130.430121344 43.9774496984
130.893687833 43.8465462543
132.547083603 44.5382382024
129.966146929 43.7446123346
132.426151787 41.1019874526
131.136600163 41.1588786003
131.982734076 41.2468539719
131.963372041 41.4027032814
131.939556171 41.3949975785
131.582189171 41.5334489076
125.262232069 42.9858442849
125.572244225 44.1104608368
126.132439385 44.2529916293
125.830198386 43.783308419
126.093820597 43.8066713685
124.421065415 43.4055334807
125.325603128 44.0144146271
125.608601466 43.6678356619
125.540615029 43.79970652
124.7992066 44.0779500096
124.252087025 44.2950808206
123.709501905 43.5715085792
124.740318365 43.8062576918
124.929368346 43.3702490498
125.743480205 44.1312497893
125.817113071 43.333247419
126.471836935 45.2607840855
124.431696826 43.8225575488
125.609964157 44.3186394308
125.343020691 43.6657497725
124.545867833 43.2132923513
125.903392224 45.0286673165
126.795369271 45.9101259425
125.011441948 43.7299380147
127.071506223 45.9160000913
127.941695919 44.4150084311
128.19509996 45.8105430487
126.897557218 44.2317693522
128.623678956 46.0665130225
127.281942374 44.700432746
127.702400727 45.1996486225
127.439273648 45.7776616561
127.946360742 44.1470056255
126.932242823 44.4852701819
127.027608613 45.2017456849
128.750648435 45.9034506679
127.763460487 45.6871325886
128.423390311 46.3307277593
128.667427642 46.267727563
127.739776981 45.0226737982
128.089803517 45.5113595936
126.753197817 44.0187044895
127.864091988 44.6523890737
126.771302487 44.8169266712
128.383322594 45.0384040197
127.434589133 44.0881740686
128.892656992 46.1724125684
126.39558046 43.9265020426
128.081960204 45.9168464207
127.942989487 46.3357300145
128.129939014 44.8344063842
130.692842002 46.0149972532
130.873954089 45.5734583737
130.541240792 45.9475445002
109.841250811 50.7313674795
110.798637619 50.5703384515
113.059244767 52.1932880908
116.966705524 52.6471912589
109.694505387 50.1251009729
118.297501438 49.9315162667
108.650379928 50.4869676384
117.436858848 51.0931185165
112.203767955 51.5144971424
116.218368909 52.350420705
117.452824463 52.0169441035
116.286492878 53.0257415999
115.436188454 52.4390980436
115.072292705 51.0421003175
113.338408549 51.8131031597
115.433872885 49.9448679868
115.201647652 50.7589316336
114.303032389 52.0722500852
113.231127155 50.383427656
116.947125837 50.4107687673
117.876347139 51.6465399043
115.016993343 48.2463980632
114.558476823 51.0843088179
114.720781927 51.1967106128
110.735847343 50.8725570528
115.004947485 50.8491639026
114.170316967 52.8906564009
115.809373912 50.7398429292
115.535640797 50.6778998019
112.423770925 52.281595128
114.064380773 51.3297921879
107.725456522 50.6893378664
110.332564725 50.7402783482
113.198169147 51.2550101755
108.260514354 49.1812633594
118.462189597 49.0447136078
111.38460996 51.2747765528
118.33749251 43.3594834254
118.192112894 42.0907109395
114.732016894 43.7737122621
116.505223295 42.9473274084
114.105260839 43.0780924651
114.639015081 43.3570351152
115.026120408 43.3486945532
115.462051647 44.1061417772
114.031988435 43.3394824652
113.253273671 43.4049227358
118.783355531 40.1427356053
120.180197551 39.860157258
120.118189569 40.2313617458
121.246341005 40.2332800208
119.353597735 40.5570451862
122.455749145 38.7842578657
120.984998249 38.8676586761
123.30040299 40.1094926369
119.516149705 40.7568597356
120.901382796 39.8052242757
120.133675805 40.6726037578
119.56250591 39.172663702
119.440875302 38.4289708941
120.97356077 38.5769827004
120.774394802 39.0545907492
120.901382796 39.8052242757
118.998607072 38.7755190286
119.20680831 39.4282384916
119.5995727 40.9236613879
121.780716731 39.5344526317
120.761823368 40.0281505469
118.67939004 40.52930854
121.413070356 39.8681561609
118.383584366 39.8492797221
118.778250789 38.7037853706
121.210838834 39.3764183447
121.875326055 38.619547788
121.179861779 40.6653315329
119.665289489 38.7843753913
118.40308416 40.1625917294
120.831825802 39.2818569571
119.478938142 40.2768376258
118.043642081 39.7376419837
121.632615784 38.7992118203
122.047492803 41.1431573344
120.502169214 39.6378153759
118.737022828 39.5909183623
119.892875157 40.7648973576
120.307286207 39.0876086511
118.990884666 40.5058631946
120.430599293 40.1592083144
119.305496213 39.696000033
121.673538018 40.7969854923
119.3904811 41.4366955214
130.282850983 40.7565453708
131.10135165 41.4810917376
131.72508262 41.0672499001
131.299794797 41.0532952574
131.326535718 41.3343781835
131.773546928 41.2615303517
130.64054038 41.0540778291
132.078634078 40.8356229737
130.533486952 39.8088185552
132.648295988 41.1466805202
131.47253181 39.872949363
130.470485102 40.3533922249
130.771824975 40.7119171576
131.274931235 40.8665959183
131.960046781 40.757102448
131.833503137 40.8433524289
132.421573554 40.8344210199
132.21662753 25.1542878513
132.449254976 25.5793452656
132.524322454 26.2987638089
132.92442617 25.9433758013
132.580589926 26.1562571689
132.38037053 26.8560017461
132.273520945 26.1846627095
132.784586564 25.6957001777
132.786285627 24.6576974855
132.954753841 26.2023499086
132.85472032 25.1494057675
131.776201121 25.7639074203
132.062829173 25.7422503573
132.186658318 26.5588867213
132.611530091 25.2848990371
132.638757604 29.808930462
132.949480056 30.160574153
133.014183641 30.0710011869
132.560068184 29.7325798438
132.629914311 30.0544353257
134.090883273 29.6178348573
132.681742816 29.8847970967
133.923872084 29.6015530549
132.111492922 29.6998775681
132.889429489 30.0462612147
132.487542166 29.7267202243
132.447128831 30.1295539012
132.076061196 29.3728828188
132.245123298 30.1771533684
133.351622612 29.8868471761
128.482556593 26.3234409174
127.621804709 25.3835546637
127.701649759 25.2785183874
128.317518766 25.1042574188
126.737238094 25.2377783388
128.191679398 25.473648726
127.377621777 24.8829692287
128.273747632 25.7262998726
127.831386112 24.9798534321
128.867274355 25.9794721193
131.970941516 21.7131252473
132.967785662 22.6256788256
133.023019451 22.7764208301
132.086692022 22.3574036321
132.771259168 22.281330558
132.826081426 22.9795317606
132.499520101 23.1298855533
132.734336306 23.7569426626
131.966075427 22.0611315337
132.820854255 22.5129825822
133.027178091 22.3797870841
132.592719176 22.2767957089
133.154989449 23.4622256348
132.208285963 23.51498518
132.040099209 23.3194669718
132.484506229 23.7000659947
131.938197054 22.7290613051
132.068406186 22.8528876508
132.427116316 22.8447254192
130.374376884 21.0276572863
128.858060257 20.9726019369
130.142455293 21.466819535
131.392536066 21.8215691922
130.155662332 21.8568442615
130.500246274 21.6139432681
130.610475365 21.8464835769
131.125725444 21.6496271995
130.95890834 22.0047038125
129.627933547 22.4986302109
130.635630723 21.8135636044
131.387998164 22.0745888802
131.754291506 21.59149625
131.328998688 21.5597958825
129.630073995 20.9232544575
128.743741871 20.8773323254
130.199409274 22.467614698
131.571403291 21.6030694853
130.930921284 21.3443271375
130.325190443 21.2810751251
129.701609952 21.2011536198
130.645228473 21.8531771322
130.638052266 21.8741723556
129.791831171 21.344679887
130.047016411 22.1122380379
130.034288381 21.1676322237
128.440705959 20.8843014269
129.945997342 21.288329328
130.887250334 21.8091478621
126.997922457 28.9806054087
127.362497247 27.4174824355
127.29617117 28.4583706174
128.388053928 28.7470269791
125.084116472 30.8677362322
127.064952219 29.2913323155
124.930864136 31.1305018375
126.801228115 28.7513454601
127.983803136 28.2170233313
126.097287587 30.319320771
125.365272819 30.5087119232
126.969872374 27.2876349531
127.155980211 27.9401447873
126.780336163 27.1033846628
126.671030676 29.1567802705
125.21759897 31.3826158191
127.891262503 21.0787760168
127.449805079 22.2138890671
127.065962226 21.1852395803
126.998841304 21.7989564456
128.700527418 22.8554701551
129.211224591 22.3558442796
127.222128535 22.0249047658
128.614116912 22.003368797
127.798451031 20.7702721923
128.419132966 21.5277976418
127.245814476 22.3842280882
126.723793954 23.5540173668
127.589632446 23.0079945382
126.989084589 23.1383097486
128.223057651 23.3716754966
125.960997001 24.0603650252
128.113917312 23.9170440407
126.454115487 23.1952468965
127.241136888 24.3250185993
130.833915313 27.3648220348
130.533821931 27.6864147505
129.7818016 27.2036349805
130.481036502 27.380671698
131.242594828 28.05281784
130.774452928 26.9122589883
131.572913703 25.8376561199
131.520017297 27.8128089552
130.954673194 26.0833416347
130.925046378 26.5970045185
129.858467109 26.4373181697
130.019949142 25.68298568
130.683082741 24.9385584624
131.399591318 25.5223286852
130.62652218 25.8682548744
130.97764296 25.2709045782
130.940155216 24.8580892961
129.592622825 25.5632677843
131.28877999 24.971232036
129.400167457 26.7259737804
130.282511436 25.6756695585
132.6366905 30.3439383126
131.378042809 28.2241323463
131.568812382 29.1904663837
131.589129736 29.0138364285
131.633529333 28.7115634766
131.656184051 28.9895220214
131.208149751 28.3079203938
131.41691524 28.4131833668
131.739290327 29.2492420852
131.563994725 28.5521830071
131.834135931 30.0700513792
131.574859549 28.3618514851
131.660326731 28.8816791292
131.659869508 28.8153363305
132.115970606 30.6654268113
127.730520588 19.8623298823
128.309993501 20.0166948485
128.276128861 20.1534923649
128.040185162 19.7166711333
127.824001359 19.3131075563
128.321060018 20.1590199884
127.884700111 20.1335715627
128.310855811 19.570936311
127.87610594 19.6157500755
139.760544137 32.001058873
130.299322015 23.444124441
130.007497326 22.9770843778
129.840592006 23.5569395579
128.666511058 23.7949867601
128.635509363 24.3343123151
129.362985939 23.2542780147
134.001033915 25.5263942374
133.462245494 25.6075961822
133.243804687 26.0265212215
133.54208745 27.0628956116
133.168070868 25.797624903
133.830041898 27.1740443609
133.074700566 26.8149399041
133.761447298 25.4785601092
133.07965838 26.3203593715
133.450601622 25.8197914801
131.079826533 22.5193518211
131.29007294 22.7363245385
132.234987082 24.495915108
130.589639606 23.2904046039
131.044586353 23.4958701422
131.67916059 24.7409355226
131.798060296 23.6613699028
131.599412074 23.054587315
132.51490617 24.0446319451
130.879492746 23.1632025938
130.957645917 24.5104295635
131.175936815 22.4389632538
131.450801153 24.4767019527
131.904748156 24.3023978631
136.74931775 30.0761430508
135.860817648 30.1539325892
135.519143338 29.8925566164
130.429869007 31.0804816323
130.563650595 30.5512090695
130.799831933 30.5869190677
130.725021736 30.0974679581
129.375380876 31.043871986
128.610468297 30.3174947142
127.836958101 28.2621008067
128.008809198 29.3927060629
127.654777492 28.6074306382
124.978521737 28.2381872689
122.827267961 29.6267883652
126.094749904 28.8758526361
125.901614955 28.8696516225
126.159715313 29.3168303214
125.591620085 28.8648116269
125.925671825 29.6564242335
122.951009262 28.4837444908
125.999283342 29.000542823
124.796842141 29.7678790598
121.387682071 28.8635793119
124.930565881 28.8010399966
125.941038738 29.2039442574
126.176130713 28.7488129299
123.313753405 27.7750776008
122.526640225 27.8738110991
126.759807553 25.5849402035
125.62400966 25.9345299162
123.875613686 26.0471697263
127.594833112 26.3926244129
126.123274882 26.1373506366
127.218601937 26.3826656791
124.917478326 26.3842708977
125.299710188 25.8563826567
126.273382573 25.4085232274
125.903856535 26.7811812462
127.49224254 25.6678936519
126.497126541 26.124301673
126.187398724 24.6923686981
124.867392122 25.3349855611
127.095677896 26.6637443602
126.078590588 25.5548326047
126.617872628 27.2937427383
125.751660609 24.806472464
125.532501368 26.7603796266
126.257179131 26.5211610542
125.178003503 24.4271400873
126.658711832 26.8446370542
124.71268221 24.0353414844
126.988461947 26.8801982367
126.082711396 27.5549904634
125.012400219 27.049569927
125.2250856 24.1454530012
127.384811155 26.6025289188
126.110209726 26.440035008
127.995170563 26.0881141704
125.489127555 26.2906225557
125.184772054 24.6795527963
126.201646996 25.7509258242
124.752512394 25.9019834842
126.892980259 26.1717972048
133.673980613 27.9200506921
133.022597413 27.2242695215
133.133826466 28.8089568755
134.645097795 28.0458036714
132.727547393 28.163076218
132.306287369 27.5841942898
133.408985595 27.3438538045
134.392130656 28.156554893
133.31905585 27.2425916217
134.344983019 28.4426693894
133.352140844 27.9753677949
132.222928155 27.8022152633
133.047682205 27.5598412416
135.160310191 28.1710569484
133.730165109 27.4358216224
133.613531662 27.6142344063
133.361722538 27.6615220555
132.60052771 27.5397007838
134.193244374 25.0683657219
134.18053534 25.2246267556
134.160783964 25.2163862027
128.73406226 26.6549504437
129.028356819 27.8032821408
129.226127112 27.4788287069
129.441806296 27.5095743268
128.063918436 27.0558483229
127.835032852 26.9555738572
128.823889197 27.6992264795
129.041294477 27.355800445
128.990818115 27.4875389717
128.398014735 27.7489985362
127.961954721 27.9538143199
127.49116299 27.2029324929
128.339384817 27.4717252274
127.775690409 27.0900315509
128.476686626 27.0349741483
129.168553894 27.8289429975
128.569690156 27.6652259934
129.199118145 27.0226508468
129.804901935 28.9913816938
128.088851624 27.4793583471
129.067094657 28.0152414451
128.82481824 27.3463156291
128.158276201 26.8645082806
129.333811718 28.7422497646
128.557166123 27.4020521096
130.549029117 28.1976300091
131.583490458 29.8540954686
130.442201041 28.4438931965
130.964042943 27.9003267182
130.149632554 28.2178183824
130.254159501 28.944904307
131.680549283 29.6920371057
130.624931834 29.1535892732
130.870655268 29.4525074619
131.626552963 30.0582031197
130.826554304 28.7803517558
131.129171735 29.2820079106
129.986861641 27.7413477091
130.914454798 28.4090110734
131.350808437 28.8106690825
129.692089031 27.6388380866
131.138053878 29.6915755201
131.041622273 30.111985437
123.122006149 26.7989025763
120.447586585 26.6473772937
123.347075371 23.5217823879
125.359020133 23.7194836589
126.303964841 22.2932257294
123.398841797 24.915031938
127.034755057 23.672530375
125.063005602 23.2689642233
123.475980853 22.1324053396
125.773258898 23.0291942635
123.276845042 23.9129672145
123.010911717 23.2028692541
125.30225303 22.8447651008
124.160529061 21.438900662
125.319605881 24.1572244398
123.038218712 23.5247989434
124.989384775 22.7323181281
125.630050249 22.2744946817
126.044591707 24.6773059065
124.731413683 23.0813198493
124.554602971 22.5113369864
124.690537412 23.6104042017
125.727174637 24.310652038
132.784076171 24.537100278
133.977522074 24.8823736335
133.62725768 24.8590935578
133.655290574 25.1423939374
134.021427135 25.0787247931
133.084939761 24.8449999669
134.263935289 24.6570523727
134.304566989 24.2887217861
134.739073461 24.9812688606
133.745849668 23.6761107567
132.929748004 24.1358147307
133.926473115 24.436311663
133.586715541 24.2059819841
134.06222668 24.6596130037
134.546360901 24.6629759583
129.081242812 33.7673022533
130.674533872 33.6783440841
129.20029008 33.9204950435
124.140534038 29.3967768477
124.22692247 29.2934765308
123.904843433 28.8998468072
124.371588826 28.9989461842
129.264174861 27.2029076632
128.782949487 27.3871103245
129.109911274 26.1316564579
126.220995026 26.1782337516
123.348443599 32.9469593074
122.63817405 31.7515698334
121.758258778 34.6987244692
125.315215392 32.4851643098
122.596662631 32.2519932722
121.09750752 35.0440198537
122.76795546 32.0478395115
120.103932574 35.9358573058
123.155004112 32.7183450767
120.01868823 35.0939827143
123.350112853 33.44510379
121.580918649 34.4364270701
123.979567145 31.6932952081
123.558454056 31.920544052
123.203857198 31.0901239815
123.001358685 33.1173515357
124.172374133 31.9690871451
124.441365047 28.4948903225
127.568435158 30.121562262
125.487208274 29.2248341921
125.933571081 30.7420899024
127.743146582 32.3326823746
130.503887415 33.8491672327
130.064430801 34.0168515314
124.515612441 23.3897558986
136.615082234 36.5064719198
134.52416796 36.9264179484
135.130012079 35.5980371142
135.769812759 37.8780074137
136.444933553 36.1686461662
132.758797178 37.3387043731
134.697098909 36.7230660288
136.135524162 36.2353551627
135.147189426 35.4541274727
136.17598735 36.686524469
134.202615748 37.7888089146
134.965528607 36.0952926854
135.398115562 36.6346160864
134.781016419 35.1183633517
134.126042077 35.3492427077
133.4188584 35.0094957209
134.445119484 34.4508687208
133.681974872 35.2838654169
133.934565793 34.1893234299
135.333229269 34.9222884849
129.984199881 31.08263901
128.211226447 28.3690213921
127.625424615 28.5601228759
132.355174634 34.1741945323
131.371194006 34.5889800919
131.257607289 34.4943125793
132.917301672 33.6567515642
131.590823805 33.1406488244
132.809600972 34.5223204244
132.536954295 33.5598593401
132.345589593 34.9054413625
131.516461227 34.2273643543
133.100952687 34.4468602948
132.655288117 34.5089524795
133.212294757 34.9198135818
132.355486937 34.6511615151
132.414831978 33.7525192302
124.350827485 33.9641954854
130.101539044 35.4427139059
132.279480588 36.6328563242
124.956349769 34.2887165109
121.332225921 31.3851048374
121.288512976 32.1942564652
119.522479291 34.3610161497
118.993372217 33.5424722572
117.388991727 34.8023645015
122.001737104 33.2133440769
122.216965652 32.8257648805
122.204742713 33.602285198
122.507090038 32.7093035608
130.315901493 31.9824012662
129.076833416 31.4620405444
130.064301318 31.4052833617
130.111913217 31.5859052431
131.05080841 32.2288254597
128.816358651 31.8443616354
131.846818281 32.2555941232
131.45324371 32.1615750529
129.850880515 31.1894049494
129.323460135 32.0146672924
130.265613296 31.677234747
130.002662224 31.7206022514
131.393037394 32.4648663426
125.246074993 30.6649197317
124.535919752 31.0551251439
125.29735431 31.6998850609
124.544622566 31.4744042231
125.312798854 31.3504566628
126.526912822 33.6546022311
127.704279582 33.6018202994
126.943202023 32.4573813358
127.507301565 31.9249575801
126.72608217 32.9516494376
127.101079442 33.1636550728
127.869160083 32.8336341072
127.488094716 34.1203147065
118.443380003 40.0971368718
119.476875101 37.3983921025
116.857368799 38.4023760073
116.507044325 39.4018536862
114.727306749 37.7454258485
116.955406676 38.1200983926
114.903301162 35.1023659013
116.574862163 38.5460130417
117.451907837 38.1236376218
116.043797617 38.6563812167
115.336159431 38.5474531339
116.420605771 31.0199967444
116.336572278 30.5934066076
115.184555291 30.5753025384
119.453701139 27.5412534518
120.293107253 28.8704306482
132.103727481 44.3296457897
132.404790274 44.7393397143
132.503967696 45.4539794901
133.019216306 45.0724551004
132.576191465 45.3077710366
131.732973775 44.7693917297
132.297286278 44.9306329483
132.179448163 45.3563316199
132.837718455 44.8337303761
132.835621595 43.7949162577
133.059625675 45.329604124
132.925746515 44.2825088135
131.906340811 44.9279326349
133.132191727 44.7551485574
132.067884328 45.736232736
132.613040576 44.4340663464
132.746422556 48.9691944541
132.916287067 48.8835145579
132.665840731 48.9555381371
132.960703303 48.7907255258
132.823703172 49.2936713642
133.074229587 49.2876342653
133.158370023 49.1941390926
132.562605615 48.8841712122
132.789013009 49.1359315719
132.655302736 49.2013794169
132.436858922 49.0401765017
134.560400581 48.6756388617
132.722407939 49.0286621431
133.847819737 49.3752633851
134.342510633 48.6694027265
133.906141395 48.7236644568
132.791636619 48.9829466269
133.882579939 49.6950235728
131.41468282 48.3218254844
131.839076684 49.4825041879
131.975600523 48.8797639149
133.090601361 49.4225500021
132.682944486 49.0751511778
132.994975479 49.1771121656
133.348927 48.9992631242
132.4677195 48.8828616618
132.416169444 49.2878077458
133.355567921 49.0846152806
132.346751635 49.1147078089
131.92877706 48.555418067
132.155010173 49.1842310293
132.125275101 49.5306234898
132.534279925 48.8883323914
133.598273071 48.9893950786
127.256990783 45.7607512153
126.253342583 44.7799644978
127.057090259 44.5590309566
124.996209813 44.8156168753
126.888827842 44.9364726314
125.837089728 44.4118756316
126.992460152 45.1817979781
126.426375598 44.4726608907
127.762276131 45.3895779195
125.899367942 44.9072049654
131.782099608 40.9031866308
133.752697261 42.3791924752
133.059898317 41.7483239604
133.131229785 41.8956139209
131.93133198 41.5399802384
133.489712191 42.0236164279
132.879982417 42.1122355502
131.833963964 42.2284236752
133.296405729 42.2125647474
132.46211573 42.2848405948
132.765377563 42.8967498099
132.871473487 41.6453485255
133.134781885 41.4980337872
132.578809611 41.4243423837
133.303438667 42.5737112096
132.08951911 42.6901377615
131.873257848 42.506031705
132.444555172 42.8566027295
132.232384767 41.2201554876
131.741662199 41.9223088586
131.36445996 41.4558450228
132.368501044 42.004297967
129.738045552 40.3343998793
127.791567652 40.3980297318
131.041754461 41.0529899579
127.697777716 40.61567513
129.455154961 41.1796134425
127.402530753 40.5978260579
129.186201206 41.1510507438
128.654819432 41.490922057
129.89814521 40.9109423586
130.03907855 41.1351669021
130.485832062 41.2676655921
130.008876867 41.4637051653
128.773812688 41.8606657528
130.071418372 41.1003896269
131.035938801 41.3064410463
128.783676532 40.2874680644
127.64512588 40.3122217404
129.509355359 41.7865263172
131.270736175 40.8214915804
130.450667358 40.60932133
129.674396382 40.5914343007
128.874409445 40.559430827
131.176522329 40.68709799
130.083657414 41.1392784389
130.074409715 41.1607993159
128.989703256 40.6957873266
128.303400064 40.7165748695
128.442299735 40.3354007503
128.26715396 40.4366199049
128.041528828 40.412906783
129.314674789 41.4429672568
129.301535144 40.5002476185
127.25520942 40.3438677583
128.733705663 41.0419855363
129.18783922 40.6276162644
121.214384261 51.4538649367
125.260949436 48.5132587281
125.774376171 46.9331280389
124.318363978 47.3749986469
123.28349606 50.397010902
127.740156878 47.8915860246
124.408215243 49.6303158399
127.098029345 48.1801718803
124.827422543 49.5519319712
126.05269488 47.8180827889
125.34210632 48.8168867288
122.441715277 50.7969073744
124.492326914 47.6608405511
121.177934035 51.7703234923
125.196201342 49.8313729606
123.614341702 47.48980222
126.575612203 47.6820650493
122.14648147 50.8029447074
124.029513718 49.9077174551
125.280989254 49.0118868205
124.643080708 49.1782459556
125.492546013 47.4680472907
125.016440018 46.6654475089
124.824371163 48.7123330177
122.815981114 51.0251846372
126.27270627 47.4664984474
126.545993186 40.5831253462
125.965044887 41.7502474686
125.479773037 40.7589251246
127.575529328 42.2884738524
128.237860225 41.7502576094
126.651746406 40.9611686957
125.672577944 41.5811739328
127.470631384 41.4456991187
126.24176916 40.9525629003
125.572794735 42.4459832705
126.367482112 41.7892387314
125.699110591 41.9367361675
124.6883437 43.7613848042
125.356838445 42.7081882207
126.953490788 42.8405580989
124.004602193 43.7101851783
124.661175442 42.8095112059
129.209190708 46.9010584537
130.53529291 47.0265922289
130.311450606 46.6319414878
129.919070458 46.9733671092
128.941886434 46.5438920061
129.8519037 46.6718761005
130.841574203 47.2913521114
130.235840844 46.184192947
131.273206202 45.0562960221
131.203287547 47.0332779928
130.472468429 45.3440648391
130.432534339 45.8590960508
129.0476765 45.7741888398
130.468651311 45.0241079682
127.563083405 44.8467129503
128.491500289 45.5494813268
127.833103414 44.6084579528
129.262445258 45.0100596444
130.124450155 44.2196250276
127.199900756 44.9520655887
131.049299943 44.7529655129
128.964249575 45.1938139491
129.415226377 44.2371149129
130.047922343 45.1520705453
130.504276462 44.5309199451
129.285728279 45.4560075286
130.456794509 44.1211026193
128.48243687 45.2025403718
128.708837752 44.921451605
128.584797273 44.6491503576
130.90673351 44.2098357314
128.448700417 46.0947778469
129.602925827 44.9840492441
128.231096894 45.7501133623
127.935702664 45.8339546769
133.847819737 49.3752633851
134.342510633 48.6694027265
131.017784587 47.453436529
133.148368449 49.5768938453
131.265478643 48.4058454745
131.528032462 47.8713057286
131.292225172 48.2281718861
132.109659971 50.0541671436
131.350483259 47.9234389699
131.379870202 48.1995442141
134.316101179 49.0067120727
133.960307694 48.9440673748
130.796020426 47.548341055
134.357992585 48.8594281246
133.882572354 49.8320567896
133.510239014 49.1134090125
131.488374731 48.4535184318
133.817051264 49.0601837669
131.259872634 47.7688119581
131.612467471 49.2670196524
132.174234674 48.7684729682
131.274223711 47.5780230301
131.385355223 48.0915809224
131.982916964 49.8436794631
132.125275101 49.5306234898
126.348421658 39.3847466284
127.033733645 39.3398863232
126.887333609 39.4838546312
127.092696624 39.4895474988
127.048296507 39.6287827988
126.065202238 39.1456655127
126.812897326 38.9329260486
126.644191883 39.4839499037
127.16214802 39.2497875864
127.361936815 39.4504959736
127.297333376 39.6741142407
126.747745264 39.2131645018
126.472428928 38.8294335718
127.106038486 39.6305462262
126.544884775 39.6418675764
127.096466616 39.0449649435
127.457065027 39.5846731643
126.537435337 39.126566212
142.268807846 51.0726330038
139.687351071 51.6422487747
141.475005692 50.0181426519
143.591961496 51.9616259628
141.363726673 51.6611229924
140.256284255 53.2194556635
138.562215712 53.4514260076
141.368294094 52.5008716216
141.336939036 51.3556765425
141.703061781 51.753280323
140.717966345 50.3665630773
142.017413939 50.7479056016
138.523461908 52.5308771593
137.499625895 52.1838393557
139.883289623 51.4266617262
141.637144822 50.8364595459
141.738584605 51.283528167
140.373392403 51.126787978
139.376715279 52.5267196739
139.417553711 50.7476182796
140.879563874 52.56968239
140.154462607 50.7804896551
140.510080912 51.8849399546
129.634458556 42.7545758758
129.411817049 43.48876529
129.042472827 42.9011532303
127.523481416 43.2277207763
127.478200851 43.7676184829
128.418047352 43.1417380906
129.08208698 43.7412352502
128.427908689 42.6350487097
136.8488076 51.2635556025
138.668487092 49.2457633985
139.62142958 49.2064456396
139.611167981 48.8840142301
138.374854501 50.2023954801
139.825650523 49.8180080115
139.0271369 50.0956790794
139.260118435 49.3379640208
141.000335987 49.3571113226
139.202372432 49.6879242687
138.723426208 49.4395061924
138.957372189 49.424513283
138.109040229 49.8071027962
139.343635505 49.1749205531
138.620121482 49.7503066225
138.115895555 50.3769813597
137.798544187 49.9677653106
138.463994054 50.0623878782
138.436138557 49.1460439142
138.68270719 48.9498387269
140.497242968 49.5828846046
133.699358317 45.4737868795
134.403209802 44.5865171308
133.535821581 46.1251786075
133.704417926 46.320108867
133.366773965 44.5538086018
133.789196875 45.9914424725
133.710493985 44.7018657203
133.431651856 45.135107445
133.448333624 44.6945982112
133.823881895 46.1533259891
133.33267068 44.9108942202
134.197112534 46.2466226884
133.217842991 45.9347775885
134.094657674 44.5536869064
133.299925107 46.0905609892
133.221509067 45.4396427386
132.56983153 46.1128040297
130.640435291 41.7734959124
130.030957132 41.9830119593
131.082947969 43.1263490184
130.897911755 43.3998277816
130.436812083 42.1302002767
130.910170936 41.9753485832
132.125935077 43.6698170594
130.008859874 42.5797810893
130.593956046 42.7523362914
131.41039934 43.9526978782
131.42201586 43.2223527633
131.109679221 42.8594992195
130.26211151 41.6370682903
131.562815965 42.8648326845
131.201546403 43.5355660917
131.307292023 42.2717423716
132.484639279 43.1994127493
130.382111895 42.4316446929
130.480137935 43.7724977561
130.249060586 43.1806337416
131.116092414 43.7042674116
131.700658992 43.4986811756
136.705190838 49.0486469479
135.502581062 49.5360148507
137.153392041 49.0757401644
136.068900196 49.373024668
135.352475972 49.4496316338
137.367719836 48.4900381298
135.670851961 48.0695685577
137.064175029 49.7082648958
137.303077987 49.3639701718
136.037611629 49.60349242
136.884791578 48.4205230063
135.540945525 48.4026395566
138.028773962 48.9809280036
134.920158847 49.132944812
135.657323612 49.1632714704
137.651176929 48.7531390933
134.692151271 49.3604353332
136.874795907 49.1086508811
137.661812755 49.2673604674
135.4462573 49.195384146
137.886026796 49.3970051303
135.516749354 48.9998626262
137.108512879 49.3618107253
135.064126303 48.8869123234
137.338689836 49.5552948761
135.958049855 48.3960805613
137.842015327 49.7323728052
136.744126003 49.5259596628
136.74687146 48.6222336754
136.424783602 48.8666008534
135.889049602 52.2093755623
132.496791567 50.0203735516
130.532697248 49.8542444477
129.759852153 50.365300581
126.578124311 49.4505951397
134.618810816 49.9168524622
129.940444637 49.8289468917
127.745226115 50.4021034854
137.292692441 53.847519897
130.251421795 49.8491863929
130.329260506 49.5842473269
137.384407904 51.7903478102
131.167726877 49.7669012366
133.967264766 50.4853542593
130.733599273 49.6005964127
135.984705075 50.8709033281
137.03498569 54.1312172621
134.9951247 53.5498016652
134.483106601 49.64687164
137.865216723 52.460384063
130.15582093 49.3659167669
130.942296747 51.1869302808
135.464790657 50.5913474662
128.365360191 50.3982251499
130.444640441 50.1517741475
136.823381098 51.5137901477
135.116250681 49.8241876533
134.484042366 53.167064111
126.355284945 47.9865825332
126.108060625 48.3127569113
126.381797513 47.7376150298
126.636085012 48.6322318687
126.135496268 48.094269683
125.999339275 48.7239072043
126.656697379 49.3107453587
127.388019269 48.7457237655
126.080563184 48.8861278441
122.646340196 47.1184179673
120.387775029 50.2470599212
121.448456096 49.7155123183
121.668875654 49.0813906716
117.61998901 50.8706822331
124.069248313 48.4768566115
123.550115997 48.8911291238
124.241254417 48.6951640108
119.431312471 50.9502173022
123.649090072 48.7130408721
123.82201876 49.2634012715
119.905449491 48.3389026715
123.939256983 48.6077248272
123.833032942 48.234442314
122.528053289 48.4924512896
124.180471231 48.3447035941
120.417262366 47.6097033006
119.365450835 47.7737080629
125.019423286 45.1587362261
123.524665883 45.5974236833
121.220902921 45.8557275252
123.426984861 44.2814851881
124.175001791 45.7581284605
125.604948482 45.9155129947
122.584444529 46.1012183587
123.809081338 45.1328905804
123.100767883 45.5466607342
122.008630359 46.5404597174
122.707893923 43.809171292
124.386819771 45.0226165141
123.872102081 46.4144130694
124.47850907 44.5235093081
125.974484277 45.1835973994
124.665307554 45.7153318033
124.288288681 44.3186703671
122.546061241 45.0663930709
124.798876093 46.8670201193
123.716669037 44.4680934788
121.978101794 44.4997102097
121.923725029 45.7108340876
123.763108199 44.7561367259
123.3840975 46.4235569485
123.460216644 44.5460758978
122.864358949 44.6563193404
122.97437188 44.140505083
124.862232585 46.4179139473
122.37412165 43.7927303891
125.294106054 46.4276972052
124.088428453 47.1678178397
123.09117737 45.0836221423
123.453493885 45.4541922342
125.483408113 45.5794479855
126.624402874 45.563078707
123.338908938 45.9614665285
124.285960047 45.3683091047
122.380399696 45.6375014426
125.182673228 45.731280487
122.859403821 44.4068040219
124.054422125 45.759551777
124.84571422 46.0932360968
134.001550999 47.0027380195
135.201685332 47.866554048
133.152678862 46.3475452825
132.423072091 46.5736082699
133.306498934 47.9252494131
132.774502676 47.305061087
132.225248963 46.7533957382
133.653728077 46.4427778428
133.723465895 46.6203544883
134.934754779 47.1955536172
133.536614105 46.3471224265
133.58457048 47.078052729
132.117468535 46.9766994577
133.18704964 46.681582679
134.648920043 46.7634431679
135.92968309 47.1643269184
135.432651627 47.0987315138
134.07019216 46.5147693716
133.375365673 46.2421675169
132.762023635 47.1091774353
135.644117905 47.2036251785
133.92066202 46.700523616
133.108845083 46.9096306568
133.59477268 46.7635277999
135.377439216 47.4070289282
132.607021452 46.6899448792
127.580968662 46.0723431002
128.553580449 47.3209461447
128.213948481 46.85757004
126.699801794 46.5209620466
127.685275134 47.1059079113
127.973814657 46.7482168943
127.906282258 46.8830810227
127.126778801 47.1862371246
126.551502107 47.4218565067
125.947145839 46.7101496525
127.054106786 46.9145304203
126.321937421 46.5764837779
128.13471814 47.2105111244
127.352915245 47.0903877177
128.95601805 48.3245977947
126.725815913 46.9405271358
127.999695553 47.4032961422
127.69098683 46.7543619526
126.826125462 46.3235263977
128.340583722 48.1088005621
129.329187926 48.9678307167
127.340185593 46.8292742701
129.623756945 48.9650396179
130.48497086 47.4275315102
130.815663875 48.823516668
129.367045759 47.2757319192
131.283897291 49.067435247
130.263759211 48.2244639447
130.009326637 48.8142729423
130.478947455 47.1577245262
129.414124437 47.5297688243
129.545499176 48.2477593188
130.029959988 48.4310387794
130.350475318 48.712984501
129.9934649 49.1612066806
131.083366907 49.3395198306
131.340146591 49.2684207134
130.295854994 48.0452362328
130.689906928 48.5258771448
129.205099883 47.0657984378
129.25638021 47.8685543721
130.981111118 48.0408678989
131.575272495 49.165423858
128.821070673 46.9841338966
130.70014939 48.9340199236
130.57191707 49.3597681488
131.165681976 49.3931012958
130.702788362 47.8435898632
133.481724634 48.9500117224
118.955262233 53.8058237018
117.431214125 54.2428212539
116.778918672 51.6864139712
120.532998607 52.3840361108
120.009983466 45.3892507652
118.223810688 46.304476085
120.596709555 43.4080845672
122.080787073 43.0802020212
123.225605361 43.4234111563
121.2147226 43.807990678
124.479449135 41.9261194014
122.916724146 42.0551918955
120.626421308 44.7792461625
125.408726349 43.2356654954
122.848128629 43.00265746
122.049897564 43.9003672969
121.407642864 42.4063490005
122.696430398 42.2500608924
122.848128629 43.00265746
121.033566263 42.6749159139
123.778248899 42.7027898349
122.704531862 43.2316008088
120.494158188 43.8008743758
123.394566697 43.0503500998
123.168089594 42.5610131689
123.858786678 41.77785725
123.165282831 43.8608099718
120.191053196 43.4398622864
122.762426907 42.4773392619
121.342152056 43.5217502546
123.60443555 41.9663563323
123.813832969 43.3185904904
122.41902235 42.8462128374
121.795166597 44.0007972365
122.199619536 42.297694608
120.826316715 43.7676233721
121.14441632 42.9417304261
121.27507039 44.6932360235
132.832289593 43.6743617619
133.722666277 44.3782564973
134.367603527 43.9429995441
133.917598245 43.941922374
133.955628116 44.2238127298
134.425620811 44.1369030834
134.733175969 43.6993068629
134.781959791 43.3277290125
133.06744877 42.7132203916
135.345754564 43.9947435385
134.061503359 42.7494257308
133.017731234 43.2630415754
133.347929058 43.6145937537
134.298543501 43.4994349328
133.88496428 43.7548957322
134.60522423 43.6239472485
133.86114123 43.2904438295
134.344955303 42.957108948
134.474469727 43.7145311312
135.095356053 43.6876785076
122.188803059 16.4510443807
121.659679193 16.2146649126
122.153394682 16.4917233541
121.725552413 16.6935793696
118.527637913 12.5706876356
122.322650176 8.38558450328
122.388187697 9.02635490161
122.907200592 10.4501875005
122.888339976 8.9853508958
122.726439568 9.18468722807
121.965051911 8.87934387054
119.335875378 7.41428581675
116.21972718 13.7320872121
117.144527033 14.5037414636
116.144508632 14.2163799338
115.696315189 13.7413572915
116.595947464 13.8983683502
120.823875153 14.227163821
120.714877596 14.1412923453
120.356924584 13.7953534483
119.852892385 12.8176531265
121.131770622 14.7037719961
121.273090755 15.0416202608
118.863067711 6.57842948744
123.363097866 13.6012551576
123.370286648 13.7640098205
122.802427076 13.7153750085
122.985949842 13.6426251954
115.674238833 15.4924030846
117.630501446 11.8354416396
115.879086468 11.7353741633
115.496380429 10.3951433508
116.704477944 12.8802139574
122.276610164 14.0135493381
124.198291731 15.0237634544
123.540735616 11.6942520418
118.045153843 13.2354330344
117.833703456 13.1143981755
118.752239056 13.5957654377
118.48639079 13.6218466589
121.126873795 16.312331294
116.104054608 8.37407613902
123.151852359 10.3037897528
129.104642847 37.4590530251
128.754287485 37.888600283
129.256137892 38.0752600376
129.133242484 38.501175957
129.784293569 36.9482806303
129.92670708 38.5107572384
129.847463757 37.4454361959
128.90429037 38.0562566222
130.015305312 37.9323307752
129.017483643 38.8810032874
129.136646061 37.8481637786
129.559746926 37.5858610675
129.47527165 42.1822470135
129.403899223 42.1650203672
129.527088487 42.5140476076
129.751464982 42.5185199833
129.831814754 42.4274033282
129.315273646 42.0884076389
129.504527494 42.3528653471
129.381457607 42.4134836362
129.194654895 42.2410482233
131.116109334 41.9614215831
129.450648984 42.2414436652
130.438780153 42.6399299979
130.921021168 41.9459367168
130.526860863 41.9825197174
129.514997137 42.1980783798
128.316535438 41.4706718138
129.758725035 42.6558225686
129.412889987 42.2868473704
129.686557221 42.4032624028
130.012891254 42.238117531
129.23045664 42.0830774836
129.16307946 42.4908890416
130.014223523 42.3248249096
129.991157415 42.4449740275
128.923415842 42.5406429958
128.935146853 42.3749883802
128.890231773 42.7244285145
129.289716256 42.0914253667
130.236678875 42.2386407552
124.703061483 38.7030599482
123.73976626 37.775540618
123.837546052 37.6680574866
124.563546861 37.478854699
122.71332561 37.6502210975
123.476377532 37.2778978629
124.485862292 38.1060874378
124.001673225 37.364599562
125.167748914 38.349016255
130.662677495 35.5533893757
130.056208038 34.8868667365
130.116111002 35.0387689143
129.041807116 34.6299018599
129.881933336 35.2476265509
128.932895163 35.3221633025
130.255351835 35.3661673538
129.498632882 35.4050885045
129.75248054 36.036593979
129.888904363 34.7750078656
130.131733397 34.6367442607
129.630805715 34.5394937816
130.249727375 35.7318415322
129.148933622 35.7997263019
128.959613116 35.6045758778
129.464043254 35.982766143
129.323439321 34.3188201367
129.006411489 35.1318056288
128.531944156 34.5214645672
129.422890595 35.1174749692
129.907615717 35.7427692925
128.483353245 34.0017170387
127.092998564 33.3203535614
125.336158364 33.3029570394
128.25173842 34.1008160249
125.2466063 33.5189415928
126.816125209 34.1628999038
124.981232107 33.4883827516
126.574361109 34.1227627375
126.086653249 34.4440209629
127.222829438 33.9097887459
127.344075754 34.1423256204
127.947125635 33.9323727233
127.743718741 34.2948424685
127.307887811 34.4732042355
126.183939144 34.8228332922
127.37419412 34.1085139628
128.239418704 34.356834507
128.677309288 33.8608887756
128.185215245 33.8373258394
126.848554078 34.7787265677
128.465035562 33.8762038893
127.72959938 33.6278388348
126.616859553 33.8979176875
127.029098365 33.5774893223
126.308191113 33.5117002686
128.383490665 33.7364399391
127.38419534 34.1483361322
127.375270248 34.1697073671
126.408791737 33.6543552941
125.219208679 33.6764014012
125.789665148 33.6465063056
125.923986665 33.2671234726
125.763726355 33.3620405628
125.560979667 33.3285551525
126.682470853 34.4232534481
126.694916462 33.4697710373
124.854448964 33.2254702516
126.169319981 33.9935344025
127.666155361 34.0986575423
119.145032998 44.2093162259
122.825571808 41.4034275389
121.00416169 43.2264302806
125.054740259 40.879745107
121.892779039 42.2253767202
123.205759999 40.8733653238
122.027089576 42.49792339
122.401020156 42.4364110504
121.978716427 40.7200204195
120.447786301 43.3300978384
120.247525384 43.595709725
122.243852999 41.0015900164
119.101215406 44.5284382652
122.607889674 41.1769385104
122.715999578 42.7349935039
121.400807655 40.2970098073
122.495171715 40.3281616509
124.692118126 40.5745361194
124.025654762 40.618188795
119.987695545 43.5893122033
119.016711482 43.6783888143
120.805177863 42.9656412323
123.547396789 40.1125456735
122.886340171 39.7037611313
123.069836272 40.3554138595
122.673862294 39.5227955538
122.430857251 41.5863274434
120.567843393 43.8427935077
123.764076987 40.3871252728
122.61260954 39.9834918229
121.31925068 43.000729329
124.211021447 33.4370243279
123.662010126 34.5918371264
123.249211179 33.5689001261
123.151515147 34.1878225392
123.743767635 35.057294911
125.704446335 34.6886119724
124.297451566 33.8236236848
123.403615563 34.4083428692
125.022049839 34.3482571268
122.856622088 33.8589285788
123.929217959 33.7973809906
123.293152385 35.2783844759
125.455263218 34.2296602312
124.022270004 34.6485067103
124.81037266 33.8743098369
123.418936595 34.7689423812
123.796957115 35.3867693692
121.858263007 36.4891470251
124.373607247 36.2882456261
122.467809131 35.6066456644
123.340426671 36.720329272
127.588106958 40.1226148425
127.03858453 40.0427603858
127.449909334 40.0473113466
126.181350855 39.566888114
127.850962851 40.4034745756
128.329756477 38.1597191573
128.186340107 40.1574997104
127.599266595 38.4173552507
127.543645953 38.9368155137
127.607768653 38.0934680426
125.00749427 37.7913851562
125.815089681 38.5416888444
125.257129128 37.5618410538
126.525271248 38.028531823
127.326987122 37.2651489357
124.678922413 37.8825187215
126.688971419 37.2530612259
127.225176685 38.205268484
127.657636314 37.595980411
127.62928245 37.1794032281
125.819141776 38.1903134505
128.031046522 37.2879753529
125.757038204 39.0915795855
126.831740633 38.0165569915
130.438780153 42.6399299979
130.921021168 41.9459367168
128.00159038 40.5749500415
129.801831992 42.8145480612
128.179056717 41.5494253662
128.439352466 41.0194057388
128.211477944 41.370701716
128.847750939 43.2538264804
128.277971038 41.0646946829
130.362277442 42.8016009767
130.878788867 42.2864425787
130.563429221 42.2080008274
127.79881076 40.6616615103
130.924496078 42.1390419815
128.038311323 40.765551317
130.443776582 43.1039954723
130.151106541 42.3605072723
130.428734492 42.319550211
128.204032046 40.9043597709
128.446159465 42.43586348
128.9738051 41.9548773397
128.225613823 40.7118489524
128.301278201 41.2363655262
128.303907393 41.1693080791
124.67669084 32.2015970905
124.541877167 32.3408128145
124.726699246 32.3553118665
123.808654576 31.9639488185
124.322968487 32.3305250834
124.794218729 32.116036225
124.421696839 32.0613756901
124.230336515 32.4858349209
124.73918841 31.9063189868
125.052928989 32.466902659
134.364516516 46.971288813
133.519105967 45.6406321999
126.933245493 35.762819
126.710242501 36.4959835206
125.021610675 36.1522204554
125.827521911 36.1031683191
125.851118179 35.5912100628
131.168874364 37.8141287947
130.321455054 39.3359147247
130.464469338 39.5402888086
130.555488342 39.2110613262
130.538968451 37.9023183196
130.269918007 38.329326619
130.302783648 37.884130021
130.579509232 39.3764026923
130.189817532 38.0982704122
130.911347883 39.486386898
130.043599324 39.129921758
130.891617974 37.7681779818
130.067958372 38.6288702629
129.453004892 39.2831137205
130.518096333 38.1175152897
127.868994856 34.8126985949
128.226546761 36.1992755742
128.106531588 35.028011601
127.275719936 35.601723385
127.797687821 35.8006298457
128.493605581 37.0488312347
127.531524945 34.659037956
128.667836964 35.9546624588
128.319832529 36.6181503445
128.456002653 35.3441983355
127.616571638 35.4674941808
127.662142658 36.8277337854
127.982913029 34.7295169666
128.237103628 36.7852512954
128.770977471 36.6015714136
133.020085837 42.4295375808
131.911643091 42.8726341933
132.429303076 42.7314082888
131.78223466 42.7787851005
133.649063048 41.891248477
132.146458981 41.3941274866
133.301695768 43.113135377
133.537907303 42.7742800894
132.387241771 42.9635915697
132.011412533 41.7260959789
133.017670265 43.1738049667
131.413121946 42.4397585163
132.072505285 42.501547796
133.888433613 42.1698046192
133.549168054 42.748062268
131.195705929 42.6605623729
133.168844878 42.4974839398
133.866334743 42.6914811589
131.881280193 42.5251814929
133.363259657 42.763885921
131.556224832 42.1966118845
133.557863622 42.9696981226
132.38659902 41.7369486365
133.998546977 43.1704434233
133.025886122 42.914866436
133.082805527 41.9991865326
132.778985021 42.2332764247
132.080454828 45.5974170301
129.195051511 43.2360145586
127.452793198 42.9846121208
123.956385065 42.4082752642
131.097356004 43.2210353636
126.926720668 42.9339050937
124.948275316 43.4209734061
133.201134008 47.3176355228
127.202557504 42.967574545
127.285336907 42.7026832475
128.023262921 42.9230967754
130.480644087 43.7692031859
127.644863072 42.7363568231
130.769142851 43.9305782732
132.948071449 47.5939009979
133.824119806 45.9366366496
127.141656933 42.4743310279
127.744569811 44.3511128776
131.812309432 43.9401380734
125.498504754 43.443359289
127.358881762 43.2820691047
132.964402345 44.9326238503
124.642089801 42.72160439
131.548196875 43.1482249623
130.760445105 46.5071952442
125.75109009 43.1121867229
133.458333716 45.8948774908
123.817932491 40.9169930047
123.585505681 41.236585327
123.989393723 41.8001912481
123.472752605 41.6481045331
124.032084334 42.2700572958
124.705822962 41.7292389045
120.554112503 39.8794024682
121.602846915 41.8059289287
120.49667123 40.7011659876
118.461983488 42.9514089086
119.412338888 42.4580682484
116.019215768 43.4660602872
121.770297362 41.3157061522
121.29588818 41.7129424256
121.91477592 41.5440594214
117.600496033 43.6234712579
121.389822666 41.5368640145
121.543598521 41.3134192105
121.819680461 41.7565727626
121.179394674 41.3150061171
119.47358978 41.1273473354
121.522771839 42.1014662969
122.089536581 41.41842666
118.09586727 40.9971989361
121.650467907 41.4426382424
120.185486276 42.2356187762
121.569561 41.0601981063
116.226610497 41.4188616855
120.40577075 41.265527259
121.8735775 41.1866770207
117.635467473 40.4011383268
122.394572093 38.8808984194
122.723926976 37.9983459464
121.379178146 38.3777958612
121.32815891 37.0420268089
123.662223352 38.7909574971
121.953364143 38.568491216
123.222736832 38.7891375138
120.529056384 38.8470085653
121.645606643 37.9200240114
120.699099147 36.5328478783
122.163656511 37.8333955761
122.259550843 37.3323969259
123.575831673 38.064453725
122.095431601 37.1169656861
123.06523435 39.0742970815
121.929143315 37.9852231687
122.473587236 39.7174666388
119.953166846 38.4231576598
121.472606432 38.2049754156
121.229914704 39.2078356845
121.350817529 37.3111675861
120.28104283 37.2742980613
120.928369138 36.8797049508
122.544694333 39.2656879349
120.402119654 36.5016188186
122.928962229 39.2940972845
120.604653637 39.5105643052
121.00773717 37.8390842261
120.995708618 36.5960896013
122.059954083 39.4645553443
123.406521331 39.0064987271
121.923018719 38.8724575854
123.125033347 38.4439136156
124.144325271 38.4761304581
121.20343442 38.738192993
122.063737821 38.17882322
120.360681526 38.368780424
122.852045004 38.5846425325
120.461740781 37.0022931207
121.845967911 38.5647369486
130.699989108 40.243848386
131.735547934 41.1688420628
131.61040933 40.937191543
129.966862233 39.5450601665
129.301056005 39.7434092742
131.829957421 40.3640064485
129.583302154 40.4985908174
129.115444523 39.9171112458
130.413292823 39.6623724586
130.467882263 39.8450682396
131.529981267 40.478062422
131.463445204 40.7685224634
130.321556437 40.3026843321
131.692814284 40.579447836
129.982723907 39.8846641618
131.293924009 40.0285333161
132.427306757 40.4878874986
131.98301804 40.4007515798
130.784744932 39.7526162026
130.171866658 39.44766754
129.581241774 40.2997622552
132.168100415 40.5158071701
130.641546826 39.9344670153
130.345505717 39.9846560766
131.917602481 40.7107262597
129.461128769 39.8688713163
131.832514862 37.2053506525
131.387537532 37.5061796593
131.022054242 37.634706801
131.358266574 37.4884704808
124.981787903 39.0320786621
125.271020607 40.1837019665
125.518405033 39.8534664154
125.769308489 39.8809025672
123.91603536 39.3521566928
125.308041138 39.7326218795
125.242599545 39.8662232359
124.014000342 40.3538293455
123.501206652 39.6078374634
124.480825681 39.8618379381
123.839953955 39.4885832905
124.662918907 39.4196155142
125.433908058 40.2072562234
124.740815121 40.0524956558
125.508422734 39.3941526864
126.037285263 39.32790512
126.120448008 41.3695398854
125.305778942 40.3966173094
125.055199261 39.7268344491
125.580963865 41.1250534546
126.424055921 42.0363810904
124.73923624 39.7877344644
127.032343093 40.5586638857
126.686724936 42.0460336692
127.525736936 40.5262669442
127.756894765 41.9532123777
126.532230297 40.3254388169
126.89528745 40.8086781363
127.292263478 41.3235279267
127.037665393 41.9097511282
127.532040326 40.2529527834
126.563663204 40.5845137684
126.649790048 41.3167276168
127.073964743 41.5227289894
127.346893578 41.8216582441
127.006935716 42.2602434825
127.329110531 41.1434795029
127.658896017 41.6466160895
126.396057777 40.1061455781
127.450135188 40.767388106
127.941996969 41.167981826
126.055997903 40.0072526716
127.648371914 42.0601843384
127.512908751 42.4857271962
127.702104018 40.9565636829
130.134445284 42.1938462121
110.414331292 46.7293942765
111.309887371 46.5776486705
113.440818221 48.2707987743
117.109364957 48.7862579535
112.266218099 46.7100404288
110.271547081 46.1057411469
117.564885995 48.1481104565
116.166098574 46.572386114
116.471905327 49.1646695038
115.671558396 48.5535396595
115.660307678 46.0016932428
114.891004772 48.1386376516
108.44179175 46.3037579201
115.444528866 46.8313603341
113.166985763 43.8529916166
115.263011035 44.2582006651
114.841352245 47.1555824163
111.253494239 46.8865080753
114.48668017 48.99923767
116.016024987 46.8200911743
115.758337298 46.7530019934
112.846081955 48.3528728286
114.378486897 47.4001601238
108.434393358 46.6567646887
110.874568755 46.7453504662
109.664560523 46.3169344663
108.751761254 45.8325194425
118.513780315 45.1232573244
111.147968427 43.9112029529
118.400307425 39.312110317
118.264290453 38.0138509056
114.986909303 39.6788866615
111.442065875 41.4913160937
116.66457717 38.8623610891
114.39396113 38.9572965412
114.898720401 39.2512735775
115.264762928 39.2489932055
114.324923359 39.2234535595
113.589334853 39.2776252229
120.157224894 35.7678540901
120.097284492 36.1457285272
121.170110169 36.1651876695
119.369882406 36.4661283086
122.326211306 34.7055103609
120.925645719 34.7678046664
123.125901823 36.0698680231
119.523835832 36.6726685438
120.110847224 36.5963288366
119.458089978 34.2954832159
120.915656038 34.4710882707
120.724683073 34.9552071432
119.036798634 34.6419311182
119.233080674 35.3115251709
119.602702911 36.8442614881
121.680854943 35.4603940294
118.729591942 36.4270821867
121.329875015 35.7951970704
118.450102336 35.7280035424
118.827564873 34.5651026174
121.138990769 35.290378415
119.860505101 33.9229061028
121.773987247 34.5285977948
121.105554825 36.6050459986
119.670536399 34.6618099964
118.467978774 36.0482119737
119.489631558 36.1820748108
121.542292243 34.7080931174
121.929356422 37.1057417484
120.464011619 35.5460142395
118.786347824 35.4699839948
119.881767044 36.6867813405
120.280231333 34.9815133234
119.025465713 36.4081236031
120.394500581 36.0769786271
119.326205013 35.5864119072
121.574732581 36.7468919485
119.402928684 37.3647610795
129.785664306 36.8261546521
130.562808391 37.5752665551
131.162268999 37.1612188788
130.755710969 37.1416436254
130.125472264 37.1340652323
131.502177188 36.9295050332
130.031664571 35.8633197165
130.929418735 35.9406391592
129.967783229 36.4176007111
130.253396814 36.7869302807
131.116708233 36.7093955431
130.733313202 36.951001149
130.728939279 36.4799641665
131.178545623 36.1623883527
131.267656767 36.9343289862
131.830236967 36.9325262246
112.112089172 12.4138389175
112.253442074 12.853069508
112.181957892 13.5580014022
112.635594278 13.2637972102
112.264608468 13.4273029052
111.757325777 12.784749413
111.965950871 13.4161975867
111.575068334 12.9481620602
111.852819357 12.9629409652
112.781957018 12.9725592331
112.076524163 12.7906954493
112.413648288 13.8821619333
111.678719156 17.3355125682
111.763720218 17.2591347968
111.423040773 16.8678173079
111.292798883 16.9973486808
112.90192732 16.9783994588
112.203440801 17.5417687553
112.421959938 16.9237846834
110.749256359 16.1481094067
111.007312794 16.770576725
111.355965563 16.8515695789
111.212373053 17.2310746553
111.209222423 17.0543796146
111.056887637 16.4528455443
110.941358651 17.4165890882
111.40182609 16.8673305989
107.388216573 11.8101135814
107.507710919 12.02473348
112.437925432 9.05235588354
112.456186526 9.68958321313
113.070770133 10.3720032746
112.277980952 10.3434165619
113.363224286 10.5250632981
112.73350469 10.483500929
112.855914818 11.1186334019
113.30848481 10.8775103989
112.39187603 10.8256089665
112.262460838 10.6175758174
112.727099591 9.41937566331
112.363414072 10.1683668229
112.778970124 9.85658161655
112.04837643 9.53176381142
112.708937541 10.1986398334
113.024850305 10.8520741709
111.866955177 9.09855581033
111.112552651 9.0411712129
111.044117547 9.35341652939
110.076992167 9.56019339195
110.294226975 8.05227543932
112.069241128 8.90532157914
111.488961753 8.59022907645
110.327208152 8.32601479382
111.14497333 9.05127526247
111.135146387 9.07073564585
110.394984883 8.4730367757
109.411730913 8.3601426158
109.885080641 8.39656575765
109.893534124 8.12317487506
110.534492637 9.23631869574
109.157495313 7.89066092147
111.383464189 9.03420592719
105.917488461 15.7138812953
108.2399718 15.1469475553
105.459622277 15.9411475235
105.801897924 14.5551770727
104.100604168 16.7359238437
107.062550958 14.7977581619
105.964660266 14.8565918281
106.224312817 15.0738184579
106.282876065 14.2659130997
105.187855674 16.4066843694
107.164849416 14.2153483055
106.665793316 13.7295374108
106.559934333 13.5396396134
106.00810693 15.4287347288
104.091233801 17.2275669447
103.385954553 17.5938569073
104.854074926 16.5703765006
107.732245347 8.36737109884
109.698567267 9.37710375813
108.637507364 8.3920840851
109.54604501 8.91241282227
108.09743847 11.2230097324
108.051457358 9.80704081934
106.549391132 10.46079889
106.939280841 9.84350375155
109.500617025 14.4437042311
109.99332867 14.6244794428
110.0100193 14.3262007271
109.938657264 13.6357161837
110.388548628 13.9195689826
111.366729331 12.9936631271
110.989904546 13.849657054
110.901215523 14.8817120481
110.729028697 13.1507011819
110.597229321 13.6383928458
109.257657411 13.0436824801
108.954051915 12.0453226599
111.610410726 12.1894152884
110.686918208 12.0198705592
109.252975659 13.3662678731
110.90702709 12.3749122037
109.531789195 12.478464868
111.334124657 17.4644982887
110.684998343 16.0392093193
112.450287013 17.337828118
112.10476672 17.6863463762
110.754414181 16.0256896113
112.40145234 17.1444801232
110.4921668 15.311237388
112.707812678 17.1246021919
112.099506513 17.9861338068
110.769130101 16.2856821492
112.268023836 17.2339069364
110.772223521 15.5948301365
110.649186886 17.0824389717
110.827303518 15.4144693715
110.784563356 15.9233125609
110.800170956 15.859884513
110.755659785 17.692394383
110.941358651 17.4165890882
108.909823584 6.73845243634
110.293008852 11.2137336966
110.117919386 10.5963600207
108.838578034 11.1900473011
110.024986362 11.1185403884
109.623379071 10.734569332
110.010095387 11.4067966937
115.542825597 18.0215250466
113.747011462 12.9874742735
113.465733539 13.0289690605
113.21587633 13.0027770195
112.990978873 14.4274244787
112.435193502 14.3540172726
112.624506906 14.2899506465
113.162837226 13.2078773465
111.465730907 9.73959921684
111.395835486 11.3439348351
112.249731281 11.7790361886
110.877323258 10.4274813625
111.280050553 10.6767828139
111.6742443 11.9504212925
111.974622897 10.921626924
111.59511532 11.5181937327
112.596669555 11.3736240547
111.025577481 11.6424081221
110.952039095 11.0494994866
111.967803257 11.5535270717
114.666949506 18.064306542
115.299593932 17.7993171746
113.550373364 17.6184361082
115.094702675 17.5204617819
114.94031657 18.5051822217
114.482510943 17.2579896815
114.182870776 17.4474088955
111.068435891 17.9442535606
112.595800855 18.1842772113
107.642085533 17.5149602043
109.536878029 17.4143538691
110.202670117 17.4866365482
111.968586586 18.6263814658
112.159061484 18.8193754113
112.577609944 17.9029998007
109.646937248 18.7968001731
112.990601635 18.9678327449
109.591249781 17.7332228121
107.547713195 16.8155576004
112.9751521 18.1732833108
111.343447208 18.9328828023
106.995443886 15.2725726515
107.312009977 14.7769310557
107.211875473 15.8582468059
107.798494898 15.8952784914
104.800662963 13.5614595535
105.307839366 15.5076462265
105.080662914 15.3744234112
105.604354577 15.3118786851
105.059442101 14.9876679768
105.189109268 15.7694423579
105.766604153 15.2214181424
104.679892351 16.1130321088
105.412076933 15.1777098402
104.103231538 15.6847736673
104.45196235 14.8229349783
105.310299605 15.3557135496
105.635947159 14.9735499596
103.150605486 13.6261000188
102.389969461 13.5881362807
106.435797871 12.9001304833
106.833332282 12.1203043786
105.691491708 12.2861893027
104.015229636 12.1346274837
107.473573916 12.9922040228
106.12690116 12.5458824623
107.118585888 12.9300281674
104.93824688 12.5993239557
105.97192971 11.8970278067
104.455553889 12.910871146
105.794967464 13.1117159072
107.513941125 12.2982868777
105.595721398 13.4810858134
106.483853917 12.5868986204
105.081928113 11.6232516434
106.946885739 13.1752798484
106.012575754 11.2562549413
104.535952818 12.1207335988
105.791754877 12.1383973471
105.447687306 13.0376511285
104.955831016 11.1012811387
106.18034648 12.921889815
105.53062938 10.8256720955
106.49695594 13.2809992517
105.151243604 10.3993566866
104.898909954 13.2267382261
105.467630097 11.7310892108
106.075216844 13.3973036693
105.664943756 12.1397475332
106.056825024 12.8252654055
105.497091836 12.5966441574
105.495309232 11.0607428749
106.273111501 12.1974854379
104.871712284 12.1302821316
106.850295175 12.687090294
105.137015842 10.8739943159
112.460792582 14.5167167742
113.818518337 15.5268387694
112.802344245 14.6828225714
112.812231572 14.864973168
113.551588657 15.6013768114
112.739093502 14.5729959663
113.438233624 15.8734780042
111.571269857 14.9676418244
113.663292934 15.7186055549
114.279229641 15.7167035117
113.087707796 14.8137728503
112.004734231 15.1930618498
112.93641582 14.9717183451
112.301167909 15.052965491
113.371028416 12.3774773214
113.977263898 12.7133684475
113.656148092 12.797963035
108.502834189 13.3973865479
108.540476126 14.5216962558
108.798251002 14.2438886308
108.996128977 14.3034649628
107.785438394 13.6805670337
107.589026029 13.5538849395
108.369515022 14.3942194222
108.573320786 14.2186790542
107.955455553 14.3793404986
107.498277101 14.5073261601
107.212463926 13.7360564947
107.959463715 14.1104912528
107.505254894 13.6714155319
108.181101266 13.7194881983
108.66762542 14.5660800632
108.136131428 14.3255420109
108.869021508 13.8091233454
108.530369773 14.726996943
108.446065 14.0619648928
109.112767878 16.4268807552
109.954206972 15.8720321611
110.353827501 14.8882425646
110.602004408 16.6993213738
109.533159507 16.7191482993
110.456329654 17.0398958264
110.183918612 16.2274888665
109.890355992 17.0022367783
111.958128365 16.6748091049
102.21590393 18.0590084893
103.931743331 9.7397343204
105.039296354 9.6816397311
104.419002893 10.4330285209
104.903581782 10.4462706742
104.627066828 8.21387230591
105.591382517 9.00187307244
105.602133235 9.73483577906
104.461764226 10.6037852291
106.314548222 9.60250920427
105.989676577 9.86852066802
103.658903851 9.40085627219
104.08695564 8.37642482614
105.892202869 9.37088627397
104.991571505 7.92195030368
105.7090411 10.5941624402
104.763314033 8.58417098363
104.449767101 9.97244038807
103.410626643 9.24293445237
106.285178607 8.87984850557
106.25445863 10.1890898771
105.313892075 9.51751039482
104.706967675 10.4976760601
105.226395667 8.96592934378
105.196081941 10.0027386297
106.071889244 10.7914512365
104.234839654 11.0576968943
100.786709201 26.5830609486
100.482724988 26.3245022506
100.893715842 26.4978065678
101.556253915 26.4446089532
101.350579498 27.0308899186
101.099423764 26.2368801696
102.834613203 22.890530481
99.9639772863 28.4582613259
98.2112265573 28.5409647058
99.5741871138 28.2474185683
99.3103640246 28.4721646402
101.994624821 22.4989789525
100.620857635 23.5687507064
101.048566822 22.8198320744
100.663529542 23.2852703002
101.333732325 23.5224876274
101.364144027 22.4820409158
102.161868924 23.2139262558
101.140583719 23.3040875823
100.754484867 22.6884461335
101.694167887 22.8015435825
101.954842082 22.1863394081
101.093630513 23.6526001214
100.321088391 24.6825011468
99.9470019023 25.2133803773
101.275702819 25.7591784331
101.311967208 24.3079438617
99.6765902488 24.909088871
99.4407765333 25.0310651331
102.036192143 21.2973912042
102.251531005 21.447110834
102.373880569 21.2016600586
102.066249443 25.7635661526
97.3507648097 28.7488508425
95.0554218008 30.4382150137
97.7605518533 29.4510859174
96.6805190186 30.1155476024
97.9952068963 29.8362521397
99.3926167392 27.3913683598
99.8712732322 26.6148199316
98.880267189 25.4628999747
100.490044643 27.5357790758
100.116896827 27.4545521496
98.9703480283 26.3487881755
98.3417647675 26.5999144688
97.2852488881 27.3179193123
99.5202842784 25.6678818885
98.0423289719 26.0339901015
99.2593331216 28.1955982471
99.0561186217 25.6977158189
97.74572058 25.3844868103
97.4277273037 26.5187893235
99.0248112233 25.9811998766
98.8457692897 25.7213172989
97.9424159558 25.498406533
98.3740491217 25.7082676631
99.1192285835 27.4017779419
99.4291766733 27.7822878252
98.1937663901 24.7915152688
99.7477538985 27.8794470916
97.7330903217 27.6563144136
98.6828448671 24.9834387828
98.9715448151 27.8810004479
98.6271130387 26.5829335871
97.2093216709 25.9867404777
100.113433179 27.1093596599
100.974132713 27.3230072409
97.7841297201 26.541291662
99.8491898405 27.1937228646
98.1494642257 25.2739554223
100.570439673 28.1151141425
89.6797707101 27.7348067221
92.6516237568 25.9966618182
96.9361564205 24.080258319
97.0077747876 23.0954979476
97.9985448408 24.4033211107
98.9123885937 24.6057287497
97.320162865 24.5793167922
100.160625594 23.4119708284
98.9438487338 23.2397187472
96.6772241406 25.3809605309
100.607845673 24.8488105997
97.4133277815 24.8001118698
98.7118854951 24.1313723522
97.7558623946 22.5499488191
98.9826151993 22.9564100701
98.7405454705 23.3840322712
98.7118854951 24.1313723522
97.3415517146 22.8067712009
97.4527158591 23.4710001573
97.448368058 24.9750823539
99.4766544922 24.0236900473
98.5576967616 24.3218596862
96.7821289501 24.4315678871
99.1162611116 24.2822986404
96.6652207215 23.7281579272
97.1739291555 22.6995974489
99.0404688952 23.771181143
99.7131496086 23.1523319544
98.7749805701 25.0109180539
97.8821547182 22.9309844211
96.6260004662 24.0313135197
98.7483060365 23.6136457416
97.473346048 24.3330194547
96.4100563213 23.5609707471
99.4843783114 23.2850641543
98.4176764851 23.8995671206
97.7155196188 24.8756801395
98.354522894 23.3347555073
98.2648876694 24.3894423607
97.4370177599 23.7446556506
97.9173594116 23.5395525392
97.178660445 25.4284548084
131.997315739 43.5234092599
132.29311225 43.9344098967
132.89757857 44.2697437388
132.46087692 44.5038824296
132.206728938 45.2165634628
132.936879524 44.5272473473
132.80698246 43.4788175065
131.801953073 44.121614505
131.959613883 44.9311515382
132.047389684 43.9063211397
132.498733142 43.6295219415
132.831923781 47.9912441593
132.695908727 48.4942621804
132.942376826 48.4889778098
133.025392393 48.3956483119
132.530462947 48.4013672577
134.406326784 47.8809672213
133.703194562 48.5790489537
134.191921205 47.8740498405
133.762366108 47.9270153835
131.311879053 47.5172164873
132.864690735 48.3781090847
133.21337179 48.2011665417
132.346686986 48.0819760085
133.20115785 48.4061034068
131.81718344 47.7525833512
133.458725432 48.1920506789
127.02860061 43.7374211756
126.964583993 44.3606845909
131.685364138 40.0930179833
133.624951202 41.5765497919
132.943311751 40.9429634373
131.831594806 40.7308143467
131.734751084 41.4195247739
133.175618204 41.4083209192
132.35351544 41.4779933048
132.651344711 42.0913739143
131.679318471 40.4419779887
132.757797084 40.8392999311
133.017476437 40.6927164426
132.469724019 40.6171664622
133.181971843 41.7697883868
131.985846929 41.8824354718
132.335344188 42.0501653995
131.644220838 41.1128505641
131.808720909 41.228346404
132.282074174 40.8415364739
132.261695733 41.1969256899
132.810052065 41.7946909696
130.949706074 40.4941982055
125.259759103 47.6910826017
124.333318105 46.5487305858
126.038503588 46.9972699397
125.339436235 47.9953215794
125.009820785 47.4770685708
124.852223995 46.6437615203
125.260864547 46.0096257775
125.487861968 46.6452207749
125.019913191 45.8402611622
124.969070863 46.2980903711
130.448891733 46.2180549475
130.229214939 45.8223346551
129.842581215 46.1629192653
130.293998134 46.1496643993
128.881602104 45.7300801114
129.776920474 45.8609250219
130.155464272 45.3739173914
131.178342087 44.2481277154
131.10626592 46.226773086
130.389579994 44.5336944969
130.349535326 45.0491022248
128.986592758 44.9598944521
127.526386242 44.0269560992
128.439477739 44.7332794279
127.792340288 43.7892701526
131.290462061 43.3956177915
129.198860815 44.1956495821
130.048439808 43.4071069381
130.958341503 43.9438216937
129.971911958 44.3402138449
130.422012138 43.719872398
129.221256292 44.6421116896
128.430910822 44.3859537083
128.654036353 44.105267976
128.396783881 45.279010914
129.534044817 44.1706515515
133.703194562 48.5790489537
130.922982494 46.6467818936
133.014554297 48.7787401375
131.191579965 47.4231020196
133.949280654 48.3270042072
131.249480047 47.1182430535
130.704604254 46.7411126335
134.206620989 48.0642995913
133.673793011 48.263576728
131.160611494 46.9631902944
131.504501641 48.4639420814
131.175087653 46.7722590031
131.283471559 47.2866561506
131.283055025 47.2203669137
131.86756688 49.0422849772
141.982410418 50.3051363064
139.43916039 50.8666513767
139.419100758 50.2545549058
141.206858939 49.2469770705
143.278999915 51.1995342059
141.088332461 50.8911224058
141.063722716 50.5852963727
140.459877144 49.5931890983
141.736838628 49.9792479534
139.633049496 50.651507451
141.362066895 50.0666006811
141.459372517 50.5144336925
139.128899617 51.7509393787
139.178203968 49.9703014748
140.606682621 51.7989232375
139.903193166 50.0056289527
140.247208861 51.1122935604
140.492047224 50.5152706377
129.567623875 41.9391510233
129.347595486 42.6733299179
128.984499663 42.0839951722
128.977091305 42.6307234469
138.154639245 49.4211855948
138.797033458 49.316488797
140.742843529 48.5837539806
138.971321677 48.9089353735
139.112612073 48.3959318213
138.397960559 48.9694795678
137.588502083 49.1844882517
138.219385357 48.3640839794
138.46290422 48.1685028282
140.246456483 48.808060263
138.96136101 49.8134679439
134.261663869 43.7877598711
133.909190435 43.8805694926
133.653908645 45.1919469284
134.371514672 43.6340124928
133.320917966 43.8929082337
133.687706749 45.3540843173
133.20658409 44.1090263999
132.945049283 45.3903252735
133.091448406 45.133446091
133.957798272 43.7539200138
133.171945599 45.2896266285
133.171945599 45.2896266285
132.453097264 45.3096273885
133.565313551 44.1142945002
130.993759623 42.3158398912
130.825018227 41.1632762668
132.020244351 42.8630737305
130.512602335 41.9399387017
131.315099002 43.1439523058
131.327578093 42.4129919756
131.466767827 42.0556112759
131.109998045 42.7257854114
131.215847391 41.4611911968
130.399245004 42.9606727851
131.025602767 42.8943675604
136.515957274 48.2610433399
135.330813908 48.7450699565
135.888627564 48.5837052346
137.17008956 47.7040465958
135.50106135 47.2778187003
136.866840064 48.9224015436
136.082520727 47.9613036625
136.694929633 47.6329308837
135.37217698 47.6107804378
134.75899889 48.3398127309
137.448168073 47.9682865703
134.533955231 48.5668074892
136.682670011 48.3216388626
137.456718107 48.4830131345
136.911761172 48.5757674583
137.137587461 48.7701715168
135.782750996 47.6055273102
137.632244461 48.9490241006
136.55255173 48.7389087377
136.558471959 47.8343820388
136.240605183 48.077946137
134.460077249 49.123517612
137.073153338 53.0662983316
131.066038548 48.9630123685
133.817441367 49.6905676006
130.639453348 48.7952608259
135.800390277 50.0827082652
134.327412902 48.852866388
130.841355412 50.3838655649
135.290020729 49.8012699148
128.309837243 49.5869620567
130.354255046 49.3461717541
134.949759835 49.0323077251
137.2379869 51.6545956412
126.362178061 46.9176437858
123.578158964 48.0647849138
126.082945527 45.0735453253
125.599015327 45.0911133055
124.805898452 46.0414621698
126.602170564 44.7412900783
133.860657722 46.2048064768
135.039820197 47.0731477156
133.02643049 45.5463830761
132.307701285 45.7703930681
132.652112346 46.5036090311
133.587776494 45.8212102115
134.778897968 46.4007129354
134.961894191 46.4938132043
135.758562822 46.3725950103
135.26937096 46.3053741054
133.929392133 45.7166140829
135.477285148 46.4110272086
133.781737119 45.9020671259
132.982076067 46.1088463782
133.460750186 45.9641106719
135.214151516 46.6137690613
134.46192841 43.4676704843
127.542990605 45.2539697006
127.906576456 46.3788702388
128.441922189 46.0581012923
126.382695734 45.6168506626
127.928876769 45.9317391342
127.095245653 46.3677655022
126.529275347 46.601999593
125.935260597 45.8876985395
126.304008198 45.7549749629
127.207170903 45.6507395734
128.086725614 46.3950196056
127.317756526 46.2724642841
128.135614928 45.5886918622
126.701041259 46.1206125105
127.953705806 46.5876197799
127.650619561 45.9370551238
126.80014811 45.5032029828
127.305462054 46.0110250867
129.858617303 46.6725493536
130.398725349 46.6192398413
130.721639302 48.0176238218
129.29900843 46.4639482172
130.179803477 47.4163287475
130.393235434 46.3491472582
129.344983975 46.7183895462
131.307368844 48.0953697609
130.983948897 48.5349454334
131.236647864 48.4645348956
130.59847826 47.7193075054
130.885835204 47.2346782027
131.46813303 48.3621338684
130.612363474 47.0363758377
133.344157627 48.1522738718
132.715987664 42.8698554898
133.784596096 43.1410791763
133.821511654 43.4233274266
133.09788864 43.1597656217
134.637366858 42.5291389021
133.928591031 41.9480729117
132.899353387 42.4587772059
133.224024251 42.8116699161
133.752809243 42.9537967181
133.730199721 42.4888848399
134.207498119 42.1568256376
134.333643889 42.9152738398
134.945421761 42.8903849603
