118.359406111 30.1903538454
143.251984522 19.8147699823
118.715454372 31.0413191408
143.294895389 19.8831547909
118.658744914 32.4250332146
143.320970623 19.9995254951
118.817437478 32.1639336893
143.326194524 19.9763212786
118.187085052 33.4584132666
143.312144824 20.0895855001
118.17674618 32.1614023419
143.281850769 19.9818762047
119.369663368 31.3225200545
143.346782984 19.9009077351
119.650082194 29.3420843083
143.326843259 19.7310598772
119.574762812 32.3190256168
143.382285404 19.9826212324
119.662005206 30.2922527419
143.346441258 19.8114530269
117.283333492 31.2682362132
143.200336681 19.9155422877
117.876886968 31.2808817951
143.241616156 19.9109998591
117.881310479 32.8565391402
143.277389119 20.0424365416
119.129169701 30.508864876
143.312936013 19.8345529541
117.642585969 39.1199265898
143.420206314 20.5530603447
118.16313338 39.8539953627
143.473074042 20.6068072936
118.340626586 39.6976040105
143.479940451 20.5930846514
117.505749611 38.9581608672
143.407142797 20.5413731575
117.519229229 39.583647438
143.42534052 20.5906554847
120.839583582 39.0499772787
143.623186589 20.5227559711
117.703020648 39.2731032303
143.428219117 20.5646845378
120.486419389 38.9869732668
143.598655249 20.5203322791
116.558597929 38.7979305742
143.343325913 20.536567356
117.35270535 38.9313680359
143.396769916 20.5405151748
117.092822357 39.6858340463
143.401686001 20.6021688596
116.621534291 38.1713488078
143.329690232 20.4863195014
116.636566061 39.730748282
143.374674506 20.6095382652
119.143793475 39.4175566376
143.523303835 20.5646764431
110.460574068 29.3006839621
142.698965758 19.8243967597
111.268420399 31.0622671228
142.795842908 19.9613963946
118.677542919 23.5928679162
143.154128008 19.2469449173
120.47902991 25.4872746119
143.319292559 19.3931283286
120.558591847 25.7839448672
143.330078651 19.4179973424
118.776039185 24.8395298194
143.181682594 19.3536883692
120.156144779 24.7993228467
143.284046312 19.3367112917
120.121543841 26.1425275171
143.303443658 19.4529624815
119.434209745 26.3787486849
143.256607177 19.4797894802
119.763790969 27.6135980284
143.302751944 19.5826041333
118.597605549 24.2556530232
143.158788746 19.3050842795
120.208412724 25.2497117385
143.295190982 19.3751411318
120.647013766 25.0255580676
143.324589126 19.3516460377
119.80116171 24.7638380221
143.256840869 19.3370516351
120.677543309 27.1161809491
143.361317194 19.5315878488
118.761451024 27.0661890487
143.219606021 19.5452552191
118.46943901 26.6657505075
143.19105061 19.5137981363
119.273728873 27.4645468073
143.264174521 19.5744664412
118.399515185 25.5241803304
143.165606682 19.4164524489
118.632371002 25.7812571383
143.187149096 19.4362522042
119.351702639 25.822948946
143.240927576 19.4327714489
115.656845361 22.0334299736
142.906389199 19.1449426013
112.680490222 21.6647231119
142.687405428 19.1490473535
115.107113469 22.8258779104
142.879689408 19.2196637335
117.507876674 23.7080904397
143.069238251 19.2691105345
115.047516825 23.5662627065
142.888219842 19.2840919116
115.783328445 23.1658636056
142.934260338 19.2412283588
115.951362998 23.6254676437
142.95427672 19.2789435983
117.014574607 23.3378186953
143.026878444 19.2424300709
116.608198466 23.9846643662
143.008065859 19.3026471582
113.848747406 24.6828007254
142.824009234 19.3937804302
116.008407921 23.5673355087
142.957404568 19.2732987416
117.445503423 24.1886273065
143.07268764 19.3112396996
117.435709835 23.1998993142
143.055628704 19.2259705289
114.211214875 21.7092059581
142.796707799 19.1340056536
112.476233383 21.4645344921
142.669689834 19.1344149234
114.992975849 24.7294710242
142.905429136 19.3846016564
117.907238739 23.3208137533
143.092494048 19.2314044907
116.691680533 22.7259893573
142.993209628 19.1931070528
115.507621747 22.5053915306
142.903254897 19.1874043366
114.2935129 22.2467436878
142.811545616 19.1793423274
116.018808251 23.644085713
142.959475594 19.2797949313
115.999990641 23.6826730616
142.958779522 19.2833283909
114.440694328 22.5337938888
142.826931088 19.202313696
114.773786129 24.030011467
142.877005462 19.3270914462
114.957036487 22.2410494967
142.859072972 19.1709966371
111.878656514 21.4216966479
142.62722591 19.1383838518
114.757234628 22.4541622916
142.848256082 19.1917161416
116.508240745 23.6014031297
142.994256609 19.2707053024
110.754028126 21.6820709027
142.554309735 19.1754078771
111.911852763 25.1736433696
142.7004351 19.4588724949
111.959726343 23.5567832131
142.671591393 19.3203455476
113.727829499 21.1570017571
142.536140455 19.125843418
111.689232936 22.626104488
142.635546711 19.2441176147
110.816427559 26.042004287
142.645486401 19.5461019187
110.435726559 27.0379888536
142.642800704 19.6349659935
114.802867993 34.1058249695
143.103423321 20.1745847865
114.056684849 34.6450296898
143.069896524 20.2259367847
114.064819488 34.0577991611
143.054538957 20.1779638641
115.393153537 35.4932738743
143.17836007 20.2820138323
116.84449004 31.3692682642
143.17247896 19.9282144234
116.064528074 35.0996343651
143.21138926 20.2437146331
115.266185821 32.6762314924
143.097281778 20.052364331
113.129758671 32.1452056216
142.943866549 20.0304110963
115.303211436 29.4932198884
143.024701902 19.78626686
116.586209822 30.737917772
143.140510834 19.8778595165
114.897966259 31.2381521628
143.037679216 19.9366596425
115.802022046 30.179699298
143.074222734 19.8388524722
115.848304016 29.3910598318
143.059872976 19.7720092417
116.523143836 29.6719792809
143.112640325 19.7888433557
114.258400286 30.8034245154
142.984532843 19.9070533194
117.407666023 40.1339567283
143.433892168 20.6347860468
115.610251856 35.8464225221
143.201793943 20.3086143682
115.619366585 37.7135384194
143.253944935 20.4585823066
115.73659132 37.3846083107
143.252066108 20.4312548466
115.954343345 36.8233772366
143.250296223 20.384311781
115.888729006 37.3536328047
143.260780973 20.4274287688
115.220707654 35.9671329777
143.180149822 20.322018155
115.956631424 37.862875545
143.279307382 20.4674904737
115.871614012 36.5069119521
143.2363942 20.359578224
115.800514097 39.43454791
143.314645223 20.5933462736
115.941878588 37.1507719226
143.258496586 20.4107210916
116.133514598 40.6240882883
143.370067758 20.6835712444
110.701833041 19.372277245
142.511903281 18.9779127097
111.80459419 19.7674693874
142.594863571 18.9971133642
114.696205973 20.1577022575
142.592263416 19.0199447517
115.038544506 20.2907870749
142.62041696 19.0281117284
111.336195588 19.1553928445
142.552688442 18.9506709687
110.991602016 18.3592452519
142.516616534 18.8868533392
114.776863492 20.1734035493
142.598627011 19.0203955406
110.948025415 19.909281569
142.537481471 19.0207195344
111.893321746 18.929687438
142.588307336 18.9237965961
111.035325363 18.9364250676
142.528304029 18.9359063136
132.610523695 44.5086578743
144.503959854 20.8874990319
114.947869593 26.5942882595
142.938463619 19.5444937508
111.579077246 26.9286332144
142.715853912 19.6117341119
111.353035224 27.932232599
142.723779202 19.6990874301
113.125238491 26.0555447744
142.801382391 19.5193568323
121.910052436 31.201196027
143.525674883 19.869169903
121.319078957 31.3028418548
143.485071669 19.8825480726
120.783648121 31.2697064697
143.44600213 19.8842512316
120.220529025 32.033767241
143.421574058 19.953211619
120.536166983 34.0661072322
143.486956527 20.1199100368
122.075709171 31.4682680306
143.542729133 19.8903791639
121.103005778 34.3288883351
143.531913959 20.1371304256
119.639990559 33.5092412251
143.412775072 20.0811850922
121.430813615 31.0714538278
143.488610952 19.8621117854
119.79806036 32.5663166501
143.403174323 20.0013611496
116.733973362 24.9822768372
143.034688247 19.387136936
117.103542164 25.4302360724
143.069484828 19.4216993619
118.572995677 28.9398991894
143.241722372 19.7068876426
115.569021998 26.3573983578
142.977332651 19.51748973
117.380512203 29.3073774442
143.164706453 19.7495463125
117.901348683 27.2758815317
143.161265148 19.5716516843
117.648039655 26.0877348809
143.120840507 19.4724902575
119.252619392 28.1269619041
143.274935815 19.6312700924
116.181080845 26.1688525753
143.017034321 19.4947780646
115.983141582 28.7361189887
143.055053585 19.7152962633
116.943666267 24.8459406191
143.047455424 19.3731753872
116.990078923 28.7639301257
143.126003657 19.7073886131
117.954682869 28.5139895842
143.189168859 19.6766413822
126.445324224 40.3818405753
144.023705439 20.5927617095
120.543065414 35.7278375264
143.52459344 20.2566370117
119.403636406 34.2804115976
143.413954742 20.1469724376
119.093290247 37.3213626069
143.466129231 20.3976078608
122.550386839 36.1380465152
143.670802878 20.2750988349
118.4686935 36.0118142641
143.3923653 20.2967117346
120.17187598 34.5791784365
143.473233633 20.1652662922
121.981661944 36.3074411013
143.635503708 20.2930876383
120.015936238 34.3695858809
143.457838727 20.1492501972
121.790397819 36.8474973034
143.634508921 20.3385007423
117.538296594 35.2252567484
143.311265657 20.2406298518
119.347175186 34.924828024
143.425014305 20.2004897704
123.602363742 36.4631686304
143.750211833 20.294296368
120.814634519 34.8122082179
143.522546781 20.1793148258
120.514445076 35.1325181413
143.509117124 20.2080571432
119.97147358 35.1770836354
143.473168929 20.2160688377
118.419142869 34.801178461
143.359547466 20.1982218326
122.415697023 30.3523162317
143.546723002 19.7932304389
122.352321251 30.6502427788
143.547512091 19.8190130643
122.31388768 30.6314116784
143.544365684 19.8177214919
113.558260907 36.0479262339
143.077578014 20.3444901042
113.04084948 35.5544790257
143.031142938 20.3098867207
115.640520138 38.6856820319
143.28298772 20.5356844461
113.635571615 37.42409688
143.122466169 20.453936116
114.022171987 38.0445630606
143.16458756 20.4995829886
115.360222992 39.3638772079
143.285571539 20.5916484236
114.223729454 36.770342887
143.139795293 20.3960830177
114.646896168 37.7850663671
143.195393339 20.4731633831
115.316859408 36.9476081776
143.213405786 20.4000444733
112.327132566 34.3606957892
142.952626782 20.2205055927
114.482747883 38.5579729875
143.208039933 20.535963947
119.675995136 29.111480988
143.324245051 19.7112367652
122.019450355 29.9626464277
143.510615613 19.7633432669
121.310995443 29.8636513851
143.457059297 19.7608119826
122.062129684 30.3459552981
143.52075819 19.7955359565
120.209964903 29.7493542784
143.375067571 19.7606215682
122.655269266 29.5733401123
143.550519231 19.7250276674
122.819689223 28.8719312672
143.550687199 19.6637927884
123.55123077 30.2655497602
143.628876303 19.7769498538
121.821606781 27.6146856871
143.454971063 19.564330163
120.06915127 28.3688368764
143.338858992 19.6443641399
122.019220165 29.0994292223
143.495197782 19.6897914061
121.382656364 28.6063258779
143.439472711 19.6530673653
122.244065314 29.5482029947
143.519721999 19.7262111502
123.229083048 29.6259059639
143.593992995 19.7249488557
